-0.091872335824223356
-0.30429742216558564
-0.016441514270475237
-0.007998848084927325
-0.024565015369397616
-0.23040525569066939
-0.31847157955441363
-0.25141972544637453
0.076476011307185052
-0.093851923733932391
-0.22863172915496652
-0.27273979311094021
0.23335721569499321
0.028769750047257483
0.22115676212769378
0.085450336070009264
0.21066245663854768
-0.56383051602646772
0.26325025691830056
0.18550613439455879
-0.38135312442222147
-0.10489549132295896
-0.14448753051426641
0.67489935900694997
-0.32634500528016847
-0.20534300638547393
-0.45263406944007606
-0.00074024009184717231
0.31039902122604396
-0.18909707034544671
-0.050633149970767573
0.37742846488766713
0.3364370630606498
0.12626573208288419
0.29593976916858339
0.034893236133543455
-0.59369209357210428
0.0051008337931416998
-0.11702633823205365
0.6208680004464221
-0.24105929382749383
-0.94012248573091362
0.087214934629920263
-0.18648101655093968
-0.19286928940856132
-0.029397264646730911
0.13253693639889594
-0.10531958328611687
0.095256813384053493
-0.3295603365845054
0.46765227768746093
0.37833127987167825
-0.0026958333121886672
0.35721103575902569
-0.07000427361537255
0.29366886877424758
-0.12743336953856746
0.13756080952222327
0.17897824386732616
0.42985099755633244
-0.1507176700476032
0.27357316035997686
0.32441825504276312
0.17273419581006819
-0.43514946807789923
0.12478758874405679
0.47765447601819577
0.078838071944714427
-0.089938784934475935
-0.25701713763925754
-0.48634498148848343
-0.21954853150023954
0.29464768322480056
-0.02904604162060493
0.1423199892122626
0.00777568818786203
0.40529974515953976
-0.65424581192788955
0.2202065255421298
-0.23280663127832427
0.4108286735081027
0.27870181139259603
-0.52387158799626121
-0.26253468342759634
0.55929913718997859
-0.4964523588468755
-0.41890339832590007
0.15788930367192683
-0.63287626989121248
-0.40065132610555088
0.33106062021718979
0.2003378057507289
0.68424455779779536
0.2568614110975499
0.54116917196756653
0.71131143110459261
-0.42492682470441762
-0.33537046646297053
0.38653089527877643
0.30103761409394669
-0.013904770018214305
0.59360198691166388
0.51452143451372467
0.86383259627340347
-0.14424429178037912
-0.040497403165286036
-0.13269059692827695
0.49255019565077568
0.11113776189465001
-0.23606879483906645
-0.11865797844026699
0.18341471714562946
0.11925706974069729
-0.47125302965949611
-0.15451468782159214
0.12927362565962419
-0.31084091548195614
0.32253533708035592
0.20294552864110724
-0.4431133545496968
-0.029045743197637152
-0.39699772833926811
-0.34510809699517869
0.4861271932996899
0.47791131307566753
0.40616730268255996
-0.30900613518930553
0.47722791285573091
0.27944495791858193
0.32888425587835934
-0.023011162127363316
0.51830879094360882
0.0029670214276330659
0.56256826585911579
-0.65838626386392474
0.23260402441193331
