0.028749789566838737
-0.23398582877030696
0.069093093184362131
0.15055271060169487
-0.01629931430862825
-0.15440980575581678
0.040045292104075182
-0.34458494199897782
0.43837065736759429
-0.22566456176647459
0.46547360641133667
-0.42979519567244689
-0.18109453105093842
0.07931121980966549
-0.17378627991643952
0.023558614021408273
0.039213295107788253
0.45636245062105196
-0.077412821136697826
0.15776928831133763
0.048011888493108723
0.59842222412361146
0.36553543896504231
0.29075389074910307
0.1765390359606373
-0.4385390374534972
0.17294428654234026
0.46750205602900663
-0.065385649491938772
0.24138396743676435
0.62105278533894193
0.26081800331862698
-0.098993580686230084
-0.68732600124423449
-0.22265304753929197
0.053689597888156151
-0.04847108394825974
0.060202315970588755
-0.061864155489764823
0.61527476061708086
-0.025040437724388302
-0.2891187458440212
0.15774185324178999
-0.067105309235901814
-0.40505521512272263
-0.095188292855648934
-0.30437960076120196
-0.038361020475138008
0.19698368755638263
0.17700258705637323
0.22174262936687331
-0.38926980814447848
-0.15112314029970064
0.45554293416023484
-0.51551905201189618
0.1927047821061674
0.10767412994820212
-0.28688090552564649
-0.23391545099814939
0.10821473759263767
0.42677473265598803
0.37077768855588628
0.27581858226441897
0.13089613228756442
-0.11624633287174886
-0.20311892322225006
0.68903235476927327
0.20354998781811712
0.56373242661896827
0.10499086051647481
0.5390292027402156
0.47018106752628658
0.1789393668558967
-0.30061314407523282
-0.15637503522846563
0.086254141761337819
0.24181546419725092
0.1729700286428032
-0.10668365284128303
-0.40755962703257237
0.074749191485927721
-0.085131155995036692
-0.38388381065669613
0.081269146535532466
-0.0021991736620123078
0.027919337719677272
0.24348308065195737
0.0006265278580103354
-0.41150275486981219
-0.49123387465384855
0.10585605465673835
0.50729993211401692
-0.056851670994467252
0.0056296772377354481
0.22525884049303144
-0.057301812430030033
-0.030717673405525388
-0.29824732604311704
-0.093384624932312213
0.49980167170748602
0.15837022573524012
-1.0145248708377821
0.067125886143247812
0.081870217034181222
-0.11502528625066609
-0.13424652287366459
-0.19029628497760409
0.07556957602908683
-0.28554590483364711
-0.48028900787546536
0.22159570866459055
0.15347867002397092
0.016311199070482764
0.1699465115195698
0.056516856825405158
0.46800939163927779
-0.08427531737623585
0.21615415026489604
-0.13334676584020716
-0.0010099997941971611
-0.29959590751770759
-0.23460689275772031
0.17068625461107861
-0.25973996942607391
0.284143865890157
0.04909068061559467
0.27848331776478302
0.087503030426860889
-0.23505898090502556
0.20192472350382693
0.34370159655035931
0.06089807392494756
0.30294409638078462
-0.32308515719724751
-0.18291864197381491
0.061772078695166273
0.001926567825954206
0.24140500952141347
-0.29349663267561094
-0.24044460182788718
-0.37463025084659551
-0.2146744348605012
-0.18194710465955075
-0.18821496140396735
-0.079666538092455164
-0.79183950692537597
0.52116972013256524
-0.089157694862656497
0.39510707458790145
-0.1880116444622017
-0.62217697148725781
-0.19504300916858996
-0.62080565236626106
0.35786758028319865
0.32544698122999943
-0.44922068589952002
0.14350783413309143
0.082381948463225593
-0.22848648397976257
0.35583680715742333
-0.34123227781158105
-0.023878070962859852
0.21577183244309026
0.27985482605544931
0.28822566566648583
-0.61387216022927615
0.17494986977738097
-0.11100007874773409
0.63926358554630702
0.52793344408086895
-0.34535655084067346
-0.16706325732477259
0.13394280213787432
0.13409440186230831
0.42528585601543856
0.28671756856342351
-0.056738686368145545
0.19836514063147878
-0.043503121904728631
-0.20193302080998699
0.11334050966684783
-0.36624289214587302
0.47233324864478266
-0.095724573291821824
-0.16812631178676218
-0.088304445547558813
-0.26760377943096525
0.0037982298885899158
0.07436762074476129
-0.44149325819969942
-0.23140712231016336
-0.63497002916536194
0.098567903681914301
-0.5394443159373622
-0.7303004476674545
-0.57918869965464115
-0.074678824969737767
-0.15691552617072471
-0.28496256533305581
0.13865802641449573
0.17989502658349613
0.03085387401188007
0.065968528102506752
0.018108051561305048
0.3552274838427576
0.2402836627824986
-0.12393028638799276
0.0052966321120473973
-0.18809284653861516
-0.2880931711180808
-0.17696025877506164
-0.058085178715572013
-0.46165146079660679
-0.070148688866612324
0.11325542014919915
-0.45688258071471272
0.68563251684795501
-0.088838340463671464
0.26305705396332357
-0.25101918312439508
0.15229431026329571
-0.32175795312025385
-0.15279367060082674
0.74521588258296467
0.15036304521950045
-0.19647353612993504
0.13281089858379028
-0.088740680444894263
0.16158484735668613
-0.038607543210221397
0.19187528758859651
