-0.36739951869600174
-0.94604576051666045
0.28051897761380329
0.34607680423557008
-0.14399597700785463
0.17079449300389854
0.79528703572878612
0.36178977482453378
-0.17743845977150824
0.13757204891376196
0.15643653068169988
-0.90520308346957024
0.23312607199790583
0.51896985121818839
-0.74991990544471243
-0.73877226151885644
-0.39122050156698496
0.65375508279611949
-0.35336861277734788
-0.83476976261420555
0.31137974728321022
0.10066975514168917
-0.58184834859416512
0.24964220288941438
0.1296287475365932
-0.24410946177160542
-0.45804494638689847
0.66018252050243009
