0.28043996293580037
0.27948400320024175
-0.31054362032484162
-0.0048967250524257202
0.0002683741389244313
0.028650543781192552
1.0889665084825955
0.873488807121785
0.48899781961447675
0.25289560016483803
0.5353567331315765
-0.78042631965340836
0.31369092868937531
-0.7781544227377325
-0.44471352437080031
0.22707853884056281
0.16428830485251622
-0.37589301853752671
-0.21733875095673014
0.73531872595159997
-0.59519316382308618
0.75981478988782292
-0.10687109519075945
-0.382699034825766
0.54324320007931193
0.22006947956435516
-0.66812969150699453
-0.097521834279270081
