-0.17582484568233037
0.39657618180387638
-0.045463154017541266
-0.30227816450775957
-0.15302567379044996
0.29314451038974304
-0.41898987615898564
0.11440361206197328
0.2016495320063002
-0.086489299180070145
-0.27941322389588585
-0.0022950326303803914
-0.54178913915473581
-0.15552223587579456
0.42606369761300938
0.058500844684866174
-0.37901538002772062
-0.41754930754960951
0.1625393145938101
-0.0096642104527125683
0.11432471137025142
0.50167136357880326
0.14113741091026527
0.063559206274002591
-0.067600551697969913
-0.059475739573608091
-0.046482472199327482
0.45642148191122689
0.064719307871234533
0.11270604786263462
-0.049898795881011052
-0.20280842862201215
-0.17326860126560803
-0.1185454021751555
-0.12697737812990303
-0.27948495912867316
-0.48090559710873659
0.28294869372086057
-0.15629460266685832
-0.7844752864822585
-0.080243430331651239
0.34690150450749602
0.25002486796643297
0.33878420213013999
-0.19382463641547745
-0.21150610893547017
0.1552924419629797
-0.2825109319452625
-0.16656653120067311
-0.1086846679625917
-0.19940152271025002
0.22373182745906614
0.22109069545007162
0.063929280853738391
-0.17846084298004872
0.31047346866331565
-0.0058660693135861915
0.017162442412326732
0.22991833602524936
0.066419001913598036
0.25752189893179678
0.59403604402060251
0.062149275947414082
0.38648650656715794
-0.031725435642182005
0.12885686278627811
-0.088290885595274676
0.53995257098601701
0.19379593518244895
-0.15437560551816504
-0.018886763698989985
0.57094843147638319
-0.18811372261560211
-0.65840514417499074
0.28738947266863374
0.098704488411227781
-0.12797109681166438
0.30289324692556857
0.085856499938785677
0.30158191100482079
-0.3025282431592522
0.32392260023049146
0.19215886835124987
-0.29270091312942786
-0.15062243392476982
-0.028506959471351713
0.13982891365728853
0.18081375760273735
-0.22538930262811879
0.47461657599658624
-0.67440389373148135
0.11661637088020185
0.30100864868868971
0.089159653397736988
0.28360472642841156
0.11729320783412511
-0.06859500786759487
-0.012474027082903929
-0.25669981070851278
-0.16270378498213961
-0.065437611812207225
-0.011882473564077775
-0.028486528538325683
-0.26193377434810666
0.046110921740985265
0.26335484628995237
-0.19647680429606978
-0.30901909815000567
-0.40527019515806817
0.064584129221851236
-0.35123743750585729
-0.1300840922989204
-0.049013061092289908
-0.072262425114383161
0.061044571307661021
-0.2176824955261554
-0.14274446759948345
0.42626012569988753
0.097960429099613056
0.19044229565247739
-0.26867568715296386
0.38392093802309835
0.014711533131512477
0.28734545700095609
0.025708935914902337
0.11821458158440758
-0.20874201147620514
-0.13919502628177216
-0.29663309408896238
-0.44993139670663512
-0.31549887601682441
0.59383584058537153
-0.17459334299664811
0.047535802442942789
0.16541781463648186
0.12994284159558242
-0.31538105124428573
-0.15286732783412627
-0.29017465367813439
0.051259707421448426
0.53632669167285663
0.14352096590729405
0.39174360958560395
-0.24579175513685106
0.53222377988605851
-0.36934089619461968
-0.13757915142481175
-0.25591684003448739
-0.079348921044526441
0.28773617278588692
-0.19851249375188323
-0.24055490910216618
0.55874201525769152
-0.24182468590961251
-0.24772148146642722
-0.3448300840265327
-0.61864615089475028
-0.82699912183820135
0.1368629846560426
-0.19088993041592092
0.21575455694224793
0.25201868767258917
-0.19731336176430891
0.11851721894121224
0.41528878795107349
0.2197591745427043
0.33719162019702337
0.32999894171707345
0.26054631278608092
0.031588734792057503
0.16740094104544931
-0.17536063913159322
-0.27739109722121835
0.1558544652264203
-0.10677670466638071
0.11700157375836003
-0.044951073632970427
-0.059217323550459562
-0.022591825641351711
0.22014777990794449
-0.46835961650624047
-0.21907780681853478
-0.48124077898098661
0.092196535740676364
-0.088576760757673637
-0.29216524414238021
0.22718914704526486
-0.30255774908025374
0.063478842724999401
0.034960617933067401
-0.13676594482315657
-0.26061774505602026
-0.37084937257703388
-0.16368725739219706
-0.0062090929774058388
-0.34296696893720008
0.18043684438157095
-0.18373067161772147
0.2780510954630786
-0.013134161075135257
0.095422334987938964
-0.042106908349341311
0.059393829905970266
0.27738896645794148
0.18754867617236792
0.15600638387023757
0.41501527144597306
0.19752476511915681
0.00054640456981465272
-0.16482892684683192
0.39786317720672043
-0.2572344892827732
0.13082067440637371
-0.17579158340215703
-0.093380377800752118
0.25835407176856356
0.090675211847772358
0.14690714580842595
-0.04981605447264395
0.28225295924500882
0.02140399694669682
-0.14059885221348506
-0.17830865813994351
-0.44967482589192231
0.2495829395726239
0.46220840573890615
0.34148111231653083
0.23182010304801462
0.12009236705774479
-0.24388271406208981
-0.50004808123599953
-0.29270097303044185
0.18839276510676478
0.0058402759566034967
0.098413799001277044
0.16342675355338582
-0.24495795944794316
-0.12045694699412425
-0.011156826670227658
-0.34509941169314839
0.15898819765011685
0.44293146273379397
0.12577616493377125
0.35751634057027409
0.20949874668259572
-0.15444715188079458
0.087607291401492524
-0.52273586113287118
-0.10796571319094603
0.22136960959849888
0.12232899490858599
0.69973724092373191
-0.13547692568883135
-0.17273183605209555
-0.24457567691270357
-0.23122164131833089
0.021555127706034669
0.087341974677039941
-0.29327863906333979
0.34646382654486269
-0.25150112917322165
0.068210476599077682
0.076963359163635836
-0.10019602933757654
0.19605275047281054
0.13634848856551446
0.0065165074316407487
0.037683349417771496
0.5598547164481652
-0.26166827252348013
0.53373461680801537
0.15108055877513565
-0.028017086168269777
0.10284901546404286
-0.13254478594089775
0.51156209971998157
0.42491604717889531
-0.15237954754260913
-0.10303517246261937
-0.29327723757214547
-0.23792675995763618
-0.085287251802257838
-0.28199689488213792
0.48513626027748658
-0.012953936846416268
-0.28694377734587517
-0.33950502009264749
-0.18587347665205392
-0.12287832034095093
0.14635437800549325
-0.082868658228557157
0.13127699566293707
0.38954099649746149
-0.37333928855328846
0.30087541237865706
0.2883659304074544
0.056639464834967998
-0.22586837801734885
0.22751102663565839
-0.04208336099350006
0.10398059818798733
0.38745051181225931
0.60493912041257369
0.28542254618263696
-0.30917557192683659
-0.22544189638364706
0.3574935364749805
0.17022595980302277
0.23841945406477724
-0.39405335338241654
0.23352674196026701
-0.087370651954559148
0.12721139825350528
-0.097207818263965726
-0.50930117187066803
0.51760608361699456
-0.058522390948143543
0.0075144378085409396
-0.083195498292329445
0.296769550967457
-0.37698003927497409
0.33263153542125312
0.18920554962425259
-0.22417313575966485
0.42645560304044483
-0.051666734407837013
0.24652680723864431
-0.37139160466284377
-0.25562062450777867
-0.48234196964857262
0.050544491413316545
-0.14925039831819414
-0.35759145013974325
0.11793156299732024
-0.16994889960919385
-0.63995329390098565
-0.30207933587840591
0.20546884366772497
-0.37985626920694554
-0.2356539833246255
-0.28161489751710789
-0.099441020178814329
0.37964008061830828
0.074303189963083729
-0.10575067953240543
-0.090011733071847871
0.21111351901992492
-0.59480351435719692
-0.13714062806033891
0.15528723686516871
0.22266890814025128
