0.20546960877308543
-0.16662017512439156
0.83370891716125217
0.31650186209109599
-0.49460153912946719
-0.46996561427125677
0.040509538054372261
-0.12045808004422011
-0.20343493669004642
-0.016301879620600916
0.56265249402600226
0.082207587594446144
-0.050069024670386597
-0.39070468462160429
0.37034037120220809
-0.36233967987149329
0.19580862144500463
0.040136045691225683
0.34283335490712807
0.48531569799577962
0.16721292301288937
-0.20946043096644956
0.21772985968261585
-0.32043154891432635
-0.0051784884191135297
-0.22798835472172471
0.22423925880553924
-0.52920660005173448
-0.076003015326739504
-0.10906808802570971
-0.38312517939466562
-0.48419717417191721
0.011575380083638034
0.14186897532488102
0.44712499014246909
0.45542034744343135
-0.10244249600959431
-0.10576049291683977
0.13594582938881511
-0.1373597505818758
-0.24492467006368784
0.56083860228870375
-0.14079195723150467
0.96495081919146974
-0.22361191604831646
-0.4616159129562093
-0.52811681148360501
0.23208631536630134
0.070661883412703685
-0.21907600088963924
-0.078248799307107458
-0.17591848807017185
0.44315952501964073
0.082433278659099579
-0.13350656676966552
-0.19783718758072052
-0.43695345860761137
-0.50303156353377365
0.030494976482057075
-0.077944794009500162
-0.095480625580772541
8.26069363142563e-05
0.31128610066407336
-0.14160510375405161
0.039150608681047611
-0.32611618537700621
0.50535855361358595
-0.095361350538332224
0.060321060567502839
0.20221641056759412
-0.57280659514710897
-0.34268402686455951
0.11366174746342574
0.65746920170675294
0.23366535219233472
-0.3701297362580469
-0.36039927000414185
0.52345648139115997
-0.12170388860754977
0.44883571217149087
-0.074045397481216954
-0.20451860708601408
-0.073090599012271704
0.25590256529824673
-0.27643111996956515
0.12336944420227083
0.14972889048922167
-0.051501692239272819
0.088369335230820661
-0.1942380294578461
-0.41725202914575538
-0.4985735850638004
0.16017434883108006
0.058740025473557798
0.019964773111463725
0.81157142308315744
-0.078005523645264183
-0.43284278106579654
-0.15976300461869836
-0.23191148347007387
0.071053260059660034
0.77311902464189419
-0.53955987048296639
0.33570977331191637
-0.057486371108097727
-0.36237688700655962
0.22578992797872066
0.2450407723410743
0.24875100148780263
0.21124231167306587
-0.17535016968612985
0.17660629439368722
-0.087231794549058606
0.6335096272564209
-0.41320681720277724
-0.30001084625043128
0.24390870247544774
0.010777046960588231
-0.27317470589757492
-0.49710988525735783
0.36762293678141866
-0.22228237125475217
0.22151045206511949
-0.72386076514440645
0.15666182659493652
0.40859228970100386
0.36695362622142236
0.48683425367883409
-0.12303049489260712
-0.13608510455619854
0.31865192325850972
0.32784965891126561
-0.26966310370441732
0.16940068892847723
-0.071653337468834899
0.45748040444607646
0.032185695162920393
0.0094969733342615721
0.60488901947840235
-0.23604617724123284
0.61387926787164671
0.71995134166068753
0.13108234730597043
0.21052982401542633
0.24827497533355422
-0.14063034442560446
-0.11013022466700795
0.011561046735079064
0.15555155257058512
-0.030054376107486857
-0.33654274741357459
-0.14537881871215244
-0.31524414230303466
0.25830763485274849
-0.060582837032465975
0.041554600249854592
-0.14229247616598473
0.39495161739746421
0.049710499769901238
-0.49193120607544955
0.25938487760751905
0.0031384184582193943
0.32503456115167989
-0.20413600586610858
-0.2739560693302257
-0.15070294294879397
0.14141252801396326
-0.6163997376092607
0.18897840719768139
0.03032188431773913
0.15838939593182391
