-0.18046577183113366
-0.11084258102833229
0.4704505824995503
0.003473962180259299
0.10151989301862441
0.24801827001568552
-0.069260547371452347
-0.63021850692611869
0.3514503640748482
-0.29817933951861281
-0.18219874830816954
-0.03470052748459216
-0.24959525225969081
-0.18389275879498546
0.065727736800953215
0.17227569003594578
0.1527993224683776
-0.057410712325172739
0.6565988686698998
-0.0075032675624195459
-0.17713980835592738
-0.60390154134353835
-0.23349479537025897
0.50339430200088686
0.082326339544893018
-0.082095934137242699
0.054804946235015806
0.090488746414047444
0.29199332187173255
0.032094706192092023
0.38352389044079388
-0.15474669082074977
-0.01532870180325291
-0.1606186866268087
0.018926785722662622
0.60124141027465106
-0.49003518725449208
-0.45031403207999315
-0.19859045809513501
-0.25167737292259107
0.016484402694943737
-0.41485983128817616
-0.35525256159014729
-0.22505473635487944
0.15089358759806545
-0.091795490247180131
0.019869537688697356
0.38008296864275054
-0.12007526744533693
0.40427483635148648
-0.28963392025900053
0.65764004887192451
-0.42686750967712594
-0.62671628137294044
0.062669682996608092
-0.06141039775893032
0.22997587293404745
0.75201354831750256
-0.10648009794249462
0.50990277159001685
0.031240790771531683
-0.10029797017346453
-0.32082493633418707
-0.18980363463611713
-0.47092633993927902
0.47717714320520566
-0.025648435000847961
-0.20597805585546039
0.27884095619742111
-0.29106575058940648
0.17678418882338567
0.24527331753246703
0.32081659761527959
0.13568778965276979
0.12840213387433816
0.33165020651679827
-0.71644162249048082
0.21539994016240285
0.21122955862352502
-0.020491452079204317
0.33294570552518354
0.65506444122053364
0.22496665788324988
0.28633483496932882
-0.075917925654377064
-0.13526394000187866
0.034805481104635237
-0.31149247671928992
0.00024999059238641885
0.27379034705230587
0.059609462591497929
0.15479669369845697
0.3446343976633936
-0.25321889310049722
-0.094697613939996053
0.36733573402348951
-0.11629335155224002
0.15375325334003709
0.78836792879255335
-0.35454738192849444
0.091782947097232545
0.22705014354759157
0.48392137755391257
0.012218084617364839
-0.37139438697473909
0.153408902550321
-0.011946827526861334
0.080462594556295633
-0.4616612157499973
-0.14651307286449289
0.11426787323376709
-0.013257472106347078
0.086817324053171593
0.057926314504378386
0.33930016446641897
-0.2416820792957427
0.062138402988940002
0.29688255180942141
-0.08119811841274753
-0.21818100263858778
-0.24776710797887055
0.16083882129382787
0.80716499413418641
-0.071167690752424101
-0.14625909560761258
-0.28254357394028518
0.31684781812470059
-0.09884544144011255
-0.54597703020163302
-0.46274532651940709
-0.43097856575014237
-0.19668655132490639
-0.48382487792543477
-0.28959114376819922
-0.084993088049978877
0.38203089478878849
0.076303344343677207
0.24589400336227174
0.073244260027385488
0.28817833740353982
-0.024570064872589469
0.42889017944313945
0.083669772872824469
-0.055731794545307418
0.096656089505823078
0.13676894420060026
0.0042567355566521482
-0.47110118565755482
-0.15742066444218958
-0.072703799821561096
0.093037331168213874
-0.12536194993161134
-0.17390627606819983
0.32529736437095425
-0.081574361535800596
-0.39228125715782991
-0.23279421669387973
0.65772693891142453
-0.081693887077805172
-0.12765471664772948
0.017343422643371981
0.51997979889345536
0.013792443681440496
0.58632559921226779
0.049372084663178641
-0.11454609964610875
0.20201392976871196
0.39152851020953733
-0.18526852717969486
-0.29139509639740446
0.31088167093036834
-0.001540947253524245
0.52414221292042662
0.17307276097470767
0.057943745216633903
-0.25552866432949539
-0.24534021445313589
0.32505210097685777
0.18445118300390528
0.12675340069547106
-0.44516759837918718
-0.056547089453378815
-0.05680150715703336
0.11910858004387384
0.031791761047511462
-0.76078308056878985
-0.1170768436240493
-0.13856880901160892
0.097983807918270507
-0.26329329603983426
-0.21067863098791728
-0.0080683893446823578
-0.20381000251867121
0.60316515645595437
0.23401817655463722
-0.30220821889343752
-0.50464505544458105
0.058153246838556445
-0.08063895975979378
0.30906944603585146
0.017438872925085176
0.13038156781947538
-0.56349015096715316
-0.34712968682972883
-0.14045512639444846
0.39918307057314562
-0.40816914414439204
-0.67396099454661473
-0.6681128831856239
-0.44128367209618785
