0.22885866503520805
-0.59943085552304276
-0.86238058211848234
-0.18425387207826979
-0.30142623883568936
-0.42924428800301334
0.11881792144659753
-0.030098013105174747
-0.19843042634431052
-0.12209272312795834
0.18136222706105207
0.50484203631774871
0.59534360150339083
-0.10284525470128221
-0.90314968550815222
-0.43092436923486366
0.28097870910605949
-0.099527471804129755
0.3637126230584366
0.044090204320398604
-0.18599955511682068
0.072749203138583782
0.35632066895209918
-0.42690970184211208
-0.039099125918652312
-0.67425298290838243
-0.16052110472989356
-0.15449682281754298
-0.42144617214535174
-0.030530462057723751
-0.04246281637710933
0.12346202416385268
-0.42344170330758518
0.43206617500429839
-0.31092504625908196
-0.54114375023992956
0.033021900669716511
0.49434606265152031
-0.27786917596643579
0.32580846624821636
-0.18355682984668406
-0.25257680624299117
0.03437546728173748
-0.21134228488805215
0.14216963509462435
-0.12091851981615299
0.19158414298069473
0.088787311403582855
0.092105224730942695
0.035952957573182676
0.36379363177918345
0.10172330824103611
0.35053296764702668
0.81388282846828175
0.3234591467656322
0.099974716531488164
0.25798638972163984
0.21435134604153419
0.30417616694411254
-0.03313396221268889
0.41133783766581367
0.33414163976230926
-0.30982087601245184
-0.0081487515995844247
0.10130858385645287
0.063899443219885846
-0.16683704726114099
-0.25710128115520958
0.085042477229841942
-0.77830506819908307
0.39706686476486658
-0.10585740069309318
0.15475550599220317
-0.39952524674796569
-0.094347406069075643
-0.51951370206905123
0.15378960203526063
0.081528006573770295
0.62200483987881428
0.31658787438026398
-0.75650933149283195
0.12962640829965671
0.075249172778641779
-0.45564929458392783
0.12409991550317931
0.056996313440116284
0.014204569156232518
-0.019067014826225286
-0.3928572030514314
-0.41127553286457819
-0.32283473823553416
0.088127327991879861
0.098929928231546102
-0.080463303710461717
0.086330726813064834
-0.68314719517026157
0.046071180603003282
0.16691496266049705
-0.47130659172577316
0.36406281018177594
0.20783647098606042
0.41481788445298384
0.17651781250260901
-0.73801850981999007
-0.63395924287960459
-0.60653245767641895
-0.77283390265098528
-0.38876502779424971
-0.19026048320064357
-0.10457079590389318
-0.33369272528366029
0.013911975409577245
-0.51836864113000269
-0.21859774291667547
-0.38097427070864248
-0.43660220746405304
0.52988656977540605
0.129337161926186
0.12660276415883745
0.24541575444102276
