0.197032793029013
0.22731266996587723
0.10760394791420699
0.42385891376835722
-0.266513009189771
-0.1479896952997603
0.052756355207069748
0.096144770663444998
0.39587927770444276
0.26348097748457888
-0.15592414665954329
-0.19296890142688009
-0.38180523954544043
0.013129754808052516
0.37823400911966593
-0.1583516480770889
-0.41343301863361237
-0.070168011795985655
0.23079646124389808
0.35004353493989487
-0.019458204356604444
-0.42003042744158031
0.25242490543397761
0.14500674605827835
0.097188720913305035
-0.14815660741191769
-0.045766378445735237
0.2167948203261725
0.012329782514131705
0.25868628019367895
0.76547137419916567
-0.32142286299172129
-0.25593620398256939
-0.3222144810483385
-0.20489592507788412
0.33130189359509543
-0.075993598750172517
0.14345747121628682
0.21941648976358241
0.41339991453951863
-0.019761566051937719
-0.1977497086703949
0.58037411112671122
0.44730209430045526
-0.029682969188142606
0.46775623509052766
0.00032527255479777937
0.052308420917073405
0.54326480752862283
-0.33270314964860365
0.020153840500278814
-0.11068497303323868
0.6991916883978444
-0.20221694411934718
0.51262400659613483
0.50472804125122295
-0.054354658834961503
-0.71508536624923558
-0.61595471239167077
0.52882220774375444
-0.10552141479970556
0.21362284474839716
0.19726181476439886
-0.24485935189381008
-0.01465294273080045
0.082448220453766846
0.3341930902890537
-0.093233238376965885
0.26772072804247943
0.13535750180578834
0.00037249455345373332
-0.39377245992929283
-0.38564656055133112
-0.30416446910998385
0.10933026411551762
-0.11591187167423689
-0.013203537196896391
-0.2465153537187334
0.24616918819480324
-0.045316152668440232
-0.13515235486504154
0.23080163535459983
0.48577723952815016
0.35161170523627883
-0.26837510439601164
-0.081142037750912305
0.23937717076837736
-0.35000528566859901
0.12603250529912632
-0.23028258526563766
0.59088260174098972
-0.12185226838157574
0.25568774507154407
-0.0053099749041536637
0.045377163266722448
0.041829528988681232
-0.19474135472533891
-0.18175587300872204
-0.56530203830382286
-0.22707345099971635
-0.39396998390615662
-0.32971656214972983
-0.13915672456696121
0.34903992090587593
0.16057348622859008
0.60922102657357802
0.046852787000558574
-0.098198565945753533
-0.015101205093068441
0.17679441917463024
0.080816600264715932
0.20751637601610207
0.014416381786703672
0.0035154107954891104
0.049555733769223724
0.15843002593797584
-0.23497282694428426
0.17238332149385457
-0.19208066289776615
0.63563187371073981
0.42425864077481251
0.5001898898933077
-0.042786745785766959
-0.073756487661166256
-0.17899781235258089
0.53588616500579056
-0.2031878419044621
-0.10474931298225648
0.096658071423755348
0.0015134008785861696
0.017457418376984637
0.57351572068601386
0.26294271146731141
-0.72405089165389569
-0.6378914539546201
-0.078202323907139951
-0.20577273440414051
0.16797366199763597
0.044256836113387064
-0.41156280389505612
0.42205882347786744
0.43093123515835913
-1.061315618581854
0.1401227217926676
0.10348680649376313
-0.1628757627974429
0.75391314663872044
-0.096853586665208005
-0.22088673167656808
-0.71362329840602812
-0.2985549136491949
-0.23195868057778884
0.59714984986260433
-0.062481651327958139
-0.5462078394906289
0.10048114804342625
0.1795964950045762
0.38450462941117286
0.1573096065973198
-0.44093178847437986
0.28190633728796577
-0.30888667378519308
-0.26407334082506856
0.45698841754939895
0.080183011739125926
-0.27367282719238789
0.18407689564864141
-0.088901224567737649
-0.069787790364264607
0.066604801363280938
-0.12727090790429718
0.078652119368289322
0.20458761300140269
0.29560343049030369
0.32147430116169806
-0.13287394264021601
-0.38663023664628626
-0.012518530097478791
-0.44691721927903594
0.47835649612797981
0.11720995718518902
-0.3404906666604936
0.10795543354611305
0.42145844806088001
-0.00078108814892233701
-0.63105611881468493
-0.040904907395501053
-0.24202430217990845
0.13183075479822015
0.18723924076118423
