-0.13443653884995915
-0.31778148480708879
0.14290099533317147
-0.59178669095183778
0.80758653669141622
0.32523680815045541
0.53172752499322573
-0.14082327617260207
-0.61055284882134497
-0.51059896450555842
-0.50694850170526373
-0.054415948959678717
0.21193917335641652
0.23814834610276497
0.15763653338018194
0.1079021556335055
-0.1500236082187246
-0.64607765005018591
1.0326303402593031
-0.24962378241097954
-0.75283873390735045
0.11426987295068135
0.45335692569943298
-0.78644924513307057
-0.12239174517348757
0.08552811950357514
-0.53103508520764642
-0.41708643830572728
0.31677416207737036
0.092295429785273414
-0.00096891101290596127
-0.010245163202039567
-0.78755367496985063
-0.013155813945814873
0.056764794176171349
-1.1112696429818298
