-0.09786914256562014
-0.024674836243600021
0.25439487501676417
-0.45660721967801304
0.19036292815762104
-0.37211036640395423
0.32180883455483517
-0.30096354293992844
-0.13133956387528856
0.082907360228056656
-0.28740689729836466
0.29407179141322842
0.16749346084395642
-0.41024065215008476
-0.59162491907834824
-0.33939601911172212
0.0087011233480936596
0.19672214815833786
0.017130931880697583
0.39922481861231557
-0.12673644765779549
-0.14975094410643822
0.08271993573896344
0.30029957390143464
0.11246329412603927
-0.0855236940021009
-0.4400456965324282
-0.23002004324458786
-0.19176523116101754
0.34156346362480067
-0.63098718968407019
0.16140288655307411
-0.14576946257913234
0.14637222989744306
-0.56885007742694704
-0.05856104033449467
0.16801951273759638
0.0093856213110672625
0.27820420376239191
-0.38208959654022928
-0.12968646605116352
-0.20370237190007645
-0.050840161783831175
0.90881817976477486
-0.092445641642245169
0.21868963099941655
0.17145960066024918
0.24917939348092122
0.21739024924690373
-0.62734254699773873
0.01245115650585784
-0.48833164617422531
-0.46476911611362132
0.32974439235741826
-0.02723218453038493
-0.35927563448780686
-0.38463461014332773
0.23186159888501465
0.31884022156438679
0.39502929920650975
0.29843816480483687
0.42047271477911086
-0.090010853177073927
0.074513791341838442
-0.2291445726176369
0.58999698824179037
0.087693413341868337
0.18443191609374932
-0.21952662169624926
-0.097969342189230646
-0.080351327800146866
-0.24611356036033744
-0.31073981107921295
0.30728084655721766
-0.12966194310816276
0.24798875711562685
0.0087814057462367503
-0.3150706217970477
-0.25814897686216787
-0.1867705706064296
-0.30327048387573241
0.38972087496073277
-0.0040379884421272187
0.50331986305135967
-0.24681941503145344
-0.17537104775139928
0.67757592454904991
-0.43240386743229253
-0.2198531869926082
-0.28963248858141705
0.05136143780158256
-0.4180061400456116
0.1593030924494058
-0.47016100738475425
0.4596011030056778
-0.6068134586688172
0.21929814893444893
0.059951655677733771
-0.29549884180291336
0.63767271098730116
-0.15003470639446517
0.66018920030749262
-0.050932473624633046
0.07528901679023918
-0.65422328784844064
-0.21748344280854326
0.79532820781842417
-0.25645511042231806
0.0086930627828464349
0.1427543155109588
-0.036238668345460578
0.12392049388773302
-0.38050775541734044
-0.27860839733383419
-0.36438840144748963
-0.53438563142588968
0.21665185314289256
-0.031837695747473506
-0.85021496228295212
-0.23274103975000332
-0.16781006296906303
0.26134163368324126
-0.1161120450103536
-0.57948983195517056
0.19342119219867221
-0.17015816713191612
-0.14829282891561671
-0.16834898752540572
0.31030523287457701
-0.12291054692151825
-0.12743056219348303
0.19816148841465772
0.052196953997910231
-0.016247587689225646
-0.50369062033536671
-0.15335599615517953
0.29225451231244265
-0.33874496236186308
0.27318968537693666
-0.33260953717363378
-0.20037034573528997
0.15709264539911405
-0.023290109848167713
-0.61154505451818197
-0.07092208690062457
-0.32962330968135628
0.22311536901065429
0.13848685224664903
-0.64436053849514263
-0.14001787110628827
0.16895598675135243
0.095591338626916336
-0.29416973271819091
0.031554203053125215
0.0081735969947974822
-0.26890293192640385
0.21956433668291006
-0.061430417913241123
-0.098260810284569941
0.25239554133272607
0.23239117237265311
0.056268257994904994
-0.10360144580597548
-0.067276859987717361
0.19503944352282432
-0.073407116950660295
0.22348078725477435
-0.21914954050217217
-0.092091636572024682
0.26851627024628522
0.083819315049949938
-0.16054496876110799
-0.23585473154896208
-0.12329677978690677
-0.026083769170527363
0.52404938720259198
-0.39807156978961145
-0.46871397355837369
-0.052611393712417819
-0.25465905814905171
-0.014982383004136722
-0.048484735773897947
0.36499688815802328
-0.56181122409214812
0.26001803135811363
0.060504803563087732
-0.073292842104268924
-0.36412215563729755
-0.16182660803180618
-0.42709598386844094
-0.18764189861329189
-0.55186695623183735
-0.51117970865931162
0.57607044749361236
-0.1112531893607108
0.1455208072418416
0.0026233070082622711
-0.14621431586077002
0.01522617774053343
-0.28842383103831187
0.25581337679187766
0.51785406135407552
0.14476180413089609
-0.21336640203377702
0.47973584180814716
-0.08814998498414385
-0.37738397482682318
-0.099588582654152408
0.054389504225489743
0.24837919245793591
