0.040791796554100958
-0.090587662214269518
-0.21601300017048936
0.48147143780678003
-0.16271987686606626
-0.32375860229327702
-0.91987844213048708
0.16184128306001144
-0.2123884512205787
-0.13666035991388592
1.0011084030315096
0.26249408818232139
0.56564545651792775
-0.6203110265099907
-0.10920327269223562
-0.38408141100787807
0.18620215851214136
0.41548544517289016
-0.067584471010717045
-0.93071755268319944
-0.70129439256683868
0.037145083076026222
0.58184491509638492
0.0022036585277067098
-0.024542859617376338
0.1885723972213027
-0.085601194019694404
0.38657853224961614
0.54159266996600675
-0.23884386722126155
0.22780502707058259
0.18544919641721028
-0.28982631018480187
-0.37177126784597503
0.061154274169996331
-0.13617597988883565
-1.0712396318048145
0.18687038463828312
-0.17968198812263789
-0.080490725884701339
0.052208198126611989
-0.22694771211427103
0.23953727547424297
-0.30007567667977558
0.13568724664765094
0.075721937982280038
-0.13624660451409684
0.028577795043486152
0.4829978096983043
0.17622454405119958
0.12363016879942552
0.19329054630160616
-0.48651633814603917
-0.40506036443330468
0.35371007283911887
0.026521475393882162
-0.322773142635294
0.19053456882376249
-0.091661269035921505
0.29356370122764408
-0.14222191793228017
-0.093621371343710943
-0.19879455042108171
0.17095467338225659
0.20225675837562007
0.32771307842109437
-0.17195323473430743
0.14799174028618053
0.77440053993653313
-0.023128446933809065
0.16714156621250154
-0.38530148787651741
-0.11509078509662078
0.25565793999009351
-0.048911750367177466
-0.29141535740038998
0.24115495999442865
0.67014150887269075
0.64943576423282323
0.69137154156547675
0.71635054117510988
0.17081549931832513
0.092016544015132193
0.35701750957461437
0.082555353449112412
0.61989098792684305
-0.049113268313665172
0.043710775901096795
-0.3671543928322657
0.062038567496507074
-0.72147472951255776
