0.28599223074322438
-0.10175064122333861
-0.29677490393055356
-0.17624423423680372
0.40189574267394834
0.01163790079422645
0.1127546362882859
0.38566463182292815
-0.61327744811009222
0.15778481322467111
0.045821085305778386
0.07718439652545013
-0.21578585904492506
0.3832783597275069
-0.30229472733536356
0.08569116958974303
0.025199770655191966
0.57477740922949672
0.049522652068537711
0.053027324136071967
-0.46422047881505479
-0.0024818692513954724
-0.22361165267148836
-0.036301971236067182
-0.71970915442903949
-0.46660130455384219
0.53129653559363521
-0.21676059979316106
0.29053826538633193
-0.38427764649999702
0.28035154253322431
-0.23306001120797118
0.43321172627310689
-0.36324303159916621
0.0066663601898070326
-0.11332233148769838
-0.66138357553838789
-0.6412805043878983
-0.13375880585673344
1.0038236735690635
0.01458425018861542
-0.57659833157232687
-0.43084549336492811
0.49243694697458301
0.361502311136424
-0.30904102964335411
-0.26600338121472633
-0.45705689944361211
0.4754259115359567
-0.23567551825712094
0.45568524730584192
0.68960458830546933
-0.34567521159976755
0.09767186365885043
0.32916579574654298
-0.21722250329900339
0.083980491101082258
-0.15170287999973323
0.27656962399352153
0.14511771107884489
0.183805672657325
0.14404006382130749
-0.42376391441732575
0.079760987263542818
-0.20350811452364945
0.32937043667124938
-0.12270482774539683
0.0055086954841399825
-0.16226965788234599
-0.27977824401457696
0.48049959661636132
0.52505942315090215
-0.40026128288351714
-0.46838225417941898
0.41908395807077087
0.13124304531174028
-0.6250522017091632
-0.81630353020863666
0.38163457081515301
-0.051155189767074519
-0.2530060208591558
0.42497276265630457
0.4694892540773366
-0.46066628900771633
0.53374202491813494
0.074505828950645558
0.30885239787259255
-0.14769704682562548
-0.94998859961681958
-0.30675678475818025
0.071615442257756984
