0.051098054175740551
0.16879553677854997
-0.20829144214293013
-0.0054423883433597576
0.14403158656954435
-0.10887830404802364
-0.50096120930212951
0.10178059979500835
-0.35229484561347363
-0.25464123589448634
-0.0069275390898106259
-0.45319013201684694
-0.4000569948028681
0.15546900436303332
-0.16427979276093033
0.13720474887001949
-0.072097217856155055
0.27506648895896768
-0.10241659837923502
0.13066351917934288
0.23829573290937184
0.38640725497582495
-0.070806689001214049
0.028759429831614367
0.079406106164119875
-0.36768718119268834
0.15368181014890711
-0.27648903775464279
-0.25571028755433933
-0.16438451414176275
0.38937317238578234
-0.015312635800511995
0.41382496293822174
0.35793432492259081
0.23856046517002624
-0.66209904135413333
-0.43896662552825177
-0.066919280028674935
0.19328689808616176
0.39882313628356497
0.58318518718057577
-0.37086427619364104
-0.1414120523571479
-0.087292699335067642
0.7483494673036899
0.049271779116747884
-0.19656298777380266
-0.018691270839291552
0.3515195769527818
-0.26997485990520204
0.40353124184860545
-0.12113020353350362
-0.2018243784964743
-0.68131198642525426
0.31927919609885169
-0.096947182868605888
-0.012966454396541965
0.42018232839851216
-0.019829305404494992
-0.10599132465350651
-0.2781683006285689
0.12185902929736664
0.76663095671968728
0.77737220289873232
-0.83524852287589513
-0.1216093197239331
-0.60395715108366377
-0.39707179811695703
0.021328139166178074
-0.71192622899394331
-0.065183994811827461
-0.30297481438836371
-0.58935356416626461
-0.20331209755840768
-0.36388786071123852
0.18524830852841109
-0.63868887775174055
-0.30289607224964937
0.44472515518871203
-0.44367622185862871
0.52208652120130994
-0.22399317955566381
0.080517469686620921
0.23104031404788919
-0.28158367633232922
0.41042634598008348
-0.021686368141542949
-0.1649163529869557
-0.32768982073656477
-0.21188081457310512
0.14055891280492411
-0.28095773101921195
-0.31778032274338253
-0.33530568794034749
-0.2614314040749563
-0.040218325057168484
-0.67571300331806916
-0.066098449615205168
0.16748622846589323
-0.03903265058988746
-0.015227727378323749
-0.084851417801620255
0.57878008409358139
0.24403808432996532
-0.015600587113103605
-0.2496176078261233
0.51418387329773385
0.57324156580197028
0.42017243408909338
0.072665440705365805
0.091576246923581489
-0.12079721439631569
0.20957647901938678
0.41721639869956462
-0.040259128916144887
-0.18763772017244965
-0.055659989407061856
-0.4897805066449048
0.51307191828201859
-0.20134641678643897
-0.12297841954484777
0.16985095553097185
-0.078786837218460498
0.43987260709509463
-0.55713642433870747
0.27525020007491147
-0.14030206036534956
0.24906313948683464
0.28365974247528009
0.19953986232474516
-0.19199641594209055
0.24013145331064073
0.39318714007099037
0.23206511454913953
-0.3245810259813588
-0.05753824448756182
0.16949606574292669
-0.035188540783149973
0.014197576386599858
-0.032766694408516088
-0.086414631168239872
-0.2450114877613068
0.18139048873875591
0.10279357761200091
-0.22767946515244042
-0.14899941429150959
0.016855155887305739
-0.5410990459955094
0.91319944033682898
0.25820221650775466
-0.51572439233120926
0.17655359989162472
-0.67673114470712903
