0.16093532637698196
0.36169649731420217
-0.012747776868784515
-0.33144984904924113
-0.044397330918157299
0.1953366464406216
-0.059992344902660026
0.13964705098284702
-0.29481785716359304
-0.35182934323618675
0.070762159853978268
-0.52390222599930714
0.12032356129057557
-0.44833822653588901
0.64553818574320521
0.22879391457640158
-0.11559293973065624
0.38544927933162992
-0.035758014819991274
0.08677698045680797
-0.27590044356646498
0.42770246348083163
1.0053967495378506
0.21846158849143082
-0.061371235307904101
0.21937377901509258
0.25330265930882045
-0.55929553849013403
0.49577021521780168
-0.34740083769281316
-0.051009095081975334
0.028248247374330519
0.36732554538815831
-0.24163672181223242
-0.008758982971602455
-0.055076052000895409
-0.19433408942413025
0.19664305166275883
-0.25804525140794016
0.64755534956288796
0.59337862655546403
-0.27859660098593231
-0.42294287401313702
0.40578190179946694
-0.24046993422762167
-0.00049672824342125298
0.83337880455493873
0.16752182359469545
0.42422086544339377
0.23169442455828362
0.2619257660927467
0.18128815526431472
0.21275892662711668
-0.69247174084041851
0.55368303339372649
0.56249401191501602
0.013526830152726974
0.58472454689008879
-0.94348275731151388
-0.49944748468682926
0.32750166205468362
0.089113062918901031
-0.17021656702263066
0.31929484125487551
-0.057209359859706529
-0.20905226575367622
-0.012744248701863126
0.89015657088504485
0.42605641693681012
0.38427629461738322
-0.9695842995788394
0.044524745931136638
0.062960125532534245
0.2468794259208637
0.22376034728385788
-0.54382793647596417
0.15507766886595883
0.3735347395648978
