0.077576180895565228
0.48074183880904603
-0.12488168736914429
-0.059143744449940167
-0.44851471290713962
-0.20547413956661625
0.52705067822598195
-0.091235452697051189
-0.15358848600413139
0.08020365867519863
-0.063761197970749001
-0.38182454206717997
-0.35990232838332553
-0.29489486963631395
0.0052791716055535422
-0.45442908845864344
0.033556384402079344
-0.20387054812617164
0.54105071911121116
-0.16611113660240032
-0.30561833159334334
-0.13529056267043807
0.45144618937812914
0.158716951476015
-0.078792415129071647
-0.14564980579133133
-0.028994941391905671
-0.32983479430876989
0.18670075456374208
-0.28313264292374152
0.26770675424027984
0.41917791217667999
-0.016860881720882286
-0.027626608116557923
-0.12743315327581012
-0.18995757567278806
-0.087501949604943327
-0.073276310984009371
-0.10637383950179141
-0.096222723172067773
-0.3987501878953667
-0.26061940471526018
-0.42978668644676182
-0.10317796927488287
0.078291292888688108
-0.13042216119472635
0.18955674341884043
-0.067975782146962205
-0.41462527634087493
-0.11971024061124778
0.24616915671345452
-0.11685627079962757
-0.236229630200362
0.013371806465402985
0.30787595059991985
0.0066536638227143695
-0.16001673710427669
0.30995311479449117
0.39497029950373186
-0.0054058904587725365
-0.13959653546041623
0.095980020110073241
-0.15438721169049305
0.18771147727518436
0.16284649136173979
0.037073308423175209
0.59364291111190681
-0.36477637068185148
-0.20116001009749301
-0.083559036041681994
-0.55827717106241903
0.057453132729546642
-0.024031397713732559
0.32129049521146613
0.2069806271847042
0.45345849226097917
-0.067331630507554585
0.48745241687062552
-0.12806815014578785
0.032197820127560978
-0.31569009768985951
-0.47819512603171238
0.10300354442920465
0.26451562266157103
0.17584016457896975
-0.34360595049423009
-0.17353907019879664
0.013267039153653411
-0.12497774513549362
-0.23936887277537594
0.27503732138112447
0.39313015955706437
0.1537467339374235
-0.12544764114166942
0.13228623033798437
0.15387184431470186
0.034890749040980239
0.55031121172679298
-0.18787736737095392
-0.044193109748213846
-0.17012788351769809
0.35149910733778994
0.34704447178820641
0.33456041341316012
-0.28953246260244053
-0.20609799693966499
-0.03502544061583459
0.072275012417913315
-0.3254097064559926
0.03741580029791159
-0.090185331638537938
-0.25574822872906228
-0.22409623862174785
-0.067064459999781001
-0.40683458806241724
0.70711113021106409
0.10152746390810891
0.2948469163528295
0.19834664737064628
-0.22562872693334735
-0.039944472277224793
-0.12378206197835595
-0.325726987879837
-0.028044649409947851
0.4121750626999362
-0.1600221991278695
0.12298324467566092
-0.25479431450357798
0.46090795790086148
-0.24216695486648765
0.019476201515460503
0.23547811186368767
-0.047217136539292624
0.13564436555231138
-0.039644723441548263
-0.04587599169567725
0.020347119947941864
0.023180670395735178
0.15378548046831891
0.062301347630496953
-0.051826644233820912
-0.13784176303706452
-0.017781004196524959
-0.014454698095886931
-0.48658173285329681
0.27129211843966539
0.01466984810063475
0.11585437213886352
0.26644526906175836
-0.45677389025565329
0.15645855071329134
-0.15930610526147321
0.031120600170078474
0.16108443085128135
-0.27062723894771895
-0.059827129974037239
0.32944102333662334
-0.15766411887412191
-0.043080143637319566
0.27543515024018694
0.23316319208773337
0.1453991488616363
-0.37315337319337899
-0.25630416440902321
0.14690787544558126
-0.28895824209676679
0.13055471520363948
-0.073861146549349818
0.35378817260288753
-0.089056661911542212
-0.20681185251865111
0.22259604433983124
-0.089784495135372469
-0.2509965764193251
-0.17251240702851844
0.21791351545269066
0.15672253040501977
-0.36305914464740574
-0.41890104952345653
0.26477730598778904
0.23994397381048282
0.046835461161254241
-0.31097042552583593
0.060862997336207772
0.1200175515092676
0.23960741944956479
-0.017485106928598008
0.16437410473717801
0.38485982641092398
-0.0058758754614351687
0.26261523370408069
-0.45279197460877552
0.17166803389935828
0.64468990373041335
-0.35661498933432695
0.54195226656262918
-0.11790142143461091
0.20148663490015634
-0.32792415604643144
-0.44890957766462952
-0.11589918675878554
0.36109955796175036
-0.5353906515711937
-0.13967201992831307
-0.18004404740759405
-0.2030953256684066
0.14697730133755652
-0.18983612196038036
-0.40916337954355325
-0.041623573048680897
0.30718636193184257
0.085132995853454546
-0.021024801562170594
0.34291913508386829
-0.13191385844647882
-0.077351475269859138
0.1161205184948898
-0.25273046368838509
-0.13893751213115518
0.29791158725177186
-0.55994729630297446
-0.29356688586120933
0.048832213799872008
0.21258478860582508
-0.061062067683333221
-0.25318238329884901
-0.43783458211989923
-0.057115413856947454
0.50972288994036108
-0.15254268216170483
0.084978268293165571
0.31778969092278014
0.041713773770638604
0.84650022899054467
0.25930185759021557
0.15635292787400654
-0.2702088589201368
-0.10667476470902303
0.11624519152607933
0.18035995834587756
0.022178172326160702
-0.04566291151762053
0.27565159435060022
-0.21021825218378223
-0.16598117780651289
-0.12940084751906483
0.11505431459862357
0.05039053004692963
-0.22408847129028567
0.17838775332890314
0.20715440382727321
0.54866884384773273
-0.16385812798663965
-0.19847992690906041
-0.017879508969198255
0.081504559643367516
0.19503934902033518
-0.14063685609580825
-0.031987164672658025
0.060083194837656159
0.3926231836893086
-0.48309929255700512
-0.03556203883355482
-0.19138340875443036
-0.22869946440761169
-0.31420353672214002
-0.26208964406098151
0.099179965278960058
-0.45763879663989065
0.091250321471003829
-0.65445981089502192
0.2218445738901613
0.12870683472221928
0.20382982169884126
0.40722168521654806
-0.20166032217425056
0.078738116824503199
0.062390964375887231
-0.1772095821430498
0.035057967531618446
-0.25505568013009539
0.040123456126634503
0.25616231642116788
0.037835670804214412
0.16371231921277013
0.13959955593822751
-0.10260201538354369
0.25084919480799805
0.035458648253401011
-0.24605038644519844
-0.24613242105700259
-0.39999556345939413
-0.26043408906226434
-0.0081269310043240311
0.12234748347919937
0.096259907768971309
0.16156981388710245
0.23554548235474013
-0.02736025377150109
0.0088938269847200213
0.31461094204318202
-0.034241291204303602
-0.19451281848978541
-0.0055579578612806983
-0.16826022039414132
-0.24716437103742173
-0.22196149289042144
0.34810049288938327
0.17238995898415876
-0.3915333157205273
0.18606199038587529
0.20964908942475724
0.0099283634331483583
-0.20255172223210685
-0.42763934963081396
0.52519831677205042
-0.29954371003820623
-0.054501933140302584
-0.0038866230814823557
0.26825033329238213
0.54736788232799927
-0.18229927134919177
0.15324529534488199
-0.14953657325055761
0.13528194461691978
0.019967535209238788
-0.31489119768678403
0.018099340699493073
0.12194423896419866
0.24997335630011613
0.064262284395509711
-0.46670151052061937
0.31775622849551644
0.32202018430370016
0.70009248319401529
-0.10665572496453922
-0.042590520397876114
0.17132949670950531
-0.097787738658272852
0.28038284346874953
0.38781096588464498
0.20223777876311416
-0.087978620397160562
0.11910788468456551
0.091869925997518434
-0.42517807143948388
0.040726302987716317
-0.025523959611196537
-0.31674197197928156
-0.21716331626976754
0.11661123309741692
-0.28929650848742677
0.28026945156777161
0.47967920886365767
-0.31628475882280027
0.025329563831019142
0.03465176577648469
-0.31251407653770813
-0.27471669945409416
0.060643286846300964
-0.2070081441884061
-0.3827876596948227
0.51508064800581399
0.093425150552673503
0.020710637815766236
-0.42622890866102869
0.51715782481216188
0.10297252590593012
-0.10485795664850968
-0.54319855641364545
0.16429783632073802
0.22999041915069074
0.74544267016283328
0.56300720386696956
-0.18530765036548416
0.14563647043213943
-0.033196817018597863
-0.57726620897478675
-0.5022290660687333
0.15397089356489549
-0.16140475684570949
0.073436052029104873
0.064628789879020973
0.14932066013554604
0.49014673401230463
-0.084619891597587066
0.12008310210922576
-0.064386241999629779
0.47307570723334424
0.12510210598336097
-0.1338104148996834
-0.43563445348119179
-0.1698727577397777
-0.097245809950516793
0.074419549890234235
0.046168300339114426
-0.074885075717368549
0.10944796722071767
0.031512787661659665
0.13849280328003338
-0.20830700580705164
0.19264122102216072
-0.17622392511496596
-0.097701143985271161
-0.13101573645105161
-0.2608323871951142
-0.34953452791736506
-0.26158042611436361
0.056194694857613192
-0.097703742426237764
-0.25662630804391001
-0.21916658502520792
-0.07497578586173953
0.13991685768603387
0.4414336447285665
0.12139195763046411
-0.26142045234817135
0.004906643854334489
0.30230501277469646
-0.17478958235422154
0.035484607436292608
0.06480000497638555
-0.14461083697434635
-0.2182318034970385
-0.077489672546128291
-0.21295831798609027
0.22741585848290019
0.18025653396639171
0.25932300374134859
-0.26115242901335556
0.096359053431225569
-0.13379131592531757
0.12320881989833474
0.41031980309036525
-0.25388345444899496
