0.35377492944448929
0.15572279419174476
0.57375151841476923
0.12934367711359396
0.12004845856567462
0.28822098375227007
0.28226456730350985
-0.17957682339881045
0.12932045047781829
-0.33428348525560964
-0.096455258266023816
0.020789385679231293
-0.82490809777526364
-0.26772896187152079
-0.32468476186859113
-0.24657077944515313
-0.088317787114627372
-0.43395634788161436
-0.013507707031597803
-0.43085072995318247
0.15347988026695475
0.21187424205332619
0.18922122000895594
0.10784315176031405
-0.42797071365302047
0.52136865643344643
0.14875702534324181
-0.4264559862822378
0.062075091325393274
-0.30466268718780387
0.42684733419761023
0.086522340953949936
0.60913128514721793
0.4749741170395988
-0.14988055225019228
0.019493397240785484
-0.096611671831263818
0.22153563750202523
0.1829688434710898
0.033855901247077179
0.044728474743713505
-0.063668485619354273
0.50073503143584341
0.30691670890530809
0.15821485760120246
0.28776685150889247
0.3505029828401417
-0.22567218856461807
-0.10487235855936211
0.14217108373384116
0.10613618121393888
-0.0071346939920941179
0.056504286623565693
0.47176081694219818
0.26349219652212569
-0.031325477401167728
0.40237603263183414
0.10316271999195041
0.35210647717960236
0.23481111662730539
-0.045175811484047285
-0.0042709226958121812
0.23205804700804261
0.20792652591528749
-0.40186318427949541
-0.26676239158109138
-0.083718053068440323
0.36350257304657058
0.018694820782410696
0.34260532260855731
0.17549991375772545
0.77449568874475194
-0.088266785623471289
0.20042349663539052
0.072738500654296462
-0.031259039896583955
1.0264142992887109
0.34342218003409991
0.071712455252446822
0.22840259424007087
0.75681898772563672
0.1325716693688368
-0.088146510096403619
-0.054075245938582137
0.34678379414937366
0.16317853793547871
0.44631443721054259
-0.33792608057415946
-0.55995520395357201
-0.064216186099099529
0.53579153028276816
0.36655842264354366
-0.58963538198656729
0.12503810554071196
-0.26930712351704972
-0.17721265196149627
0.225117379012963
0.37974822217803778
0.56562962327398492
-0.13130109041739385
0.34430866587096659
-0.10964547558137112
0.35268518323803683
-0.063019153188431168
-0.098420508175519422
0.044756429258597255
0.81974659405028438
-0.24884240079534276
0.42071320050684358
0.31586288488880154
-0.52713858707755512
-0.11075649025210939
-0.086710757936811336
0.1087245698144122
0.15166054611705776
0.025568565546340891
0.31867606332264997
-0.052470806545753236
0.048244480526501828
0.06828292963578389
0.16026811081764247
-0.03188201068751717
0.1435460323182392
0.56428680235623396
-0.23731735429544107
0.076817704928682562
0.095073602678670183
-0.13248859205543881
0.12922329546442718
0.54422056319300782
-0.27569938074800543
-0.47736859706398255
0.12121288271709206
0.31543220809458972
0.1414680803896288
0.038119503031540693
0.38481299641896988
0.22262505826981194
-0.21964493672257576
0.086054709605983132
0.29193726374890128
0.73126706245301132
-0.072795526318076079
0.37984131559103018
0.55799223714479274
-0.034821503046391922
0.071824442843130304
-0.28386820483448671
0.48654588461364007
-0.13267399014647149
-0.092351107059270021
-0.10325424109096781
0.001270759387702543
0.13879834943107919
0.45629626410963653
0.021573692282150475
0.25343014771566252
0.055847240693007345
-0.0091169684025853761
0.37560566186037558
-0.26020618497185816
0.37898806492413978
-0.31496601537577373
-0.30194132450478028
0.040793682616014564
0.67307673969903581
0.047179341369182698
0.19771852071241369
0.039848790286487787
0.47027288378746718
-0.14715615954017158
0.2009643456108102
-0.26100456611427725
-0.24066095516547203
-0.48774257093489382
0.053150637607157082
-0.00086232385497527972
-0.073879059888082022
0.66941958254339207
0.044578127500227722
-0.18818648434669011
0.12284405488002101
-0.21163589729459756
0.29587396349366535
-0.24711125144021351
0.48367662381656673
-0.18021630367130276
-0.097427296993554402
0.18680483003521983
-0.11050629989574269
0.44665357538331335
0.10272136362124516
-0.059100955063695754
-0.13139043858806493
0.10606441648036655
-0.053471854418868446
0.035914534273284594
-0.20044117385396054
0.27589434067241336
-0.12263137685703944
-0.13932680941732897
-0.053446065797921931
-0.26898001378249636
0.21499045792573954
-0.037039734323353342
-0.40199491572442286
0.36944030086424123
-0.43834269421478289
0.032976282768885236
0.45021940842680397
-0.4698911386610356
0.47838195616049184
-0.30613490486937528
-0.4022728032190746
-0.13632274387667218
-0.092512254583162104
0.26201185432899021
0.29421714461555332
-0.024580323403308464
-0.28488962456735395
0.074185383830922991
-0.0051766086896857287
-0.33211189263272778
-0.25325980315908608
-0.16574083754876054
0.079050054865286545
-0.10968545129948164
-0.19886343913017335
-0.48597301874417281
0.34604836484450929
-0.13481881314221031
