0.21742119065487145
-0.05810547835871039
0.51506047990552351
0.19778861945520571
-0.24287531907996748
0.14262287329076798
0.49728847660467423
0.28106105256215097
0.48918764157291333
0.28512483360705182
-0.032836071013182727
-0.068419667052524058
-0.4313054571167283
0.44493634828194328
-0.2433089311278703
0.045248914168497238
0.27097279349452491
-0.19557233407709165
-0.43364230936391773
-0.1626849494583813
-0.020338501885618147
-0.14413471908490111
-0.18008379302295374
-0.25183395323549185
-0.008179240991885205
0.053436916870617072
-0.18347814086638209
0.14255291924131291
-0.38825821110151104
-0.40580152077888337
-0.43064975506952891
-0.04475778434516707
0.28688545325061315
0.17090106930798143
0.069870274541515676
-0.10806156188249261
-0.33392403552175975
-0.61173759052764065
-0.31911434199642608
0.09339977880714756
-0.016926887284592535
-0.58800463889882526
-0.019611433695495697
0.011324817554033993
0.041217316173493966
0.22243612584204334
-0.034105228933672301
0.42007464314108839
-0.13981522429573739
0.69799643085531138
0.44920182634653172
0.044605896329170759
0.0040603389249931465
0.4357182910047846
0.55135485359211833
-0.08430260045368744
0.1367196660581346
0.13615618839730992
0.0035827353802774802
-0.22437640292041514
0.8722747495148242
-0.3232537541235323
0.22573643275576843
-0.11563814445975402
-0.27471543625174083
-0.22581435489619942
0.80628444858108994
0.23065435584482102
-0.35229055829874567
-0.11988116967657061
-0.14507368930415768
0.088298842512280637
0.10841892460846864
0.49935924259238018
0.028502744913602874
0.34982286930912937
-0.138940663127891
-0.59739294694734413
-0.20828967899878464
0.30990627988251052
-0.072606129921292437
-0.16965511872481723
0.087928541666366045
0.3195349758322929
0.067936733471710545
-0.29782038660074317
0.31912266028827374
-0.36541923460197728
-0.2962428248598013
0.0010983271342004017
0.021910113702836621
-0.36269956765598477
0.48677117761094563
0.20995929499492258
0.48208691652111429
0.26056111000664212
0.1333831296898263
0.203601375684234
-0.26155232792901056
0.14787415580587268
0.081324921500778163
0.1467570979379926
-0.18045549071836459
0.058175835915224988
0.020014761109186142
0.38199090935051572
0.18413950743341212
0.08621864977349615
-0.26247420701204738
-0.13353766246932014
-0.06242757685063971
0.083588665911563498
0.6083857076547371
0.15178797914616485
-0.35620786680217753
0.6335153185611504
0.22384133601570977
-0.43324754250395786
0.21204218105424713
0.37019129545404023
0.34322438143689532
-0.4391675173107637
0.040841078185246051
0.33116053918894689
0.24330292218573168
0.71387102362029309
0.32539376733159381
-0.38336923283609925
0.18530533387322001
0.59956830035362496
-0.044464377981475692
-0.11702440466606191
0.19070093096045762
-0.031575192147441915
0.22837019800375097
0.48491117136335854
0.0082755559501712268
0.34629653257185516
0.30976235427039039
0.51742438073797936
-0.026712995070583168
0.78257283876040906
-0.46438067815846729
0.30212562264880077
0.33692551966192058
0.33546678951892422
-0.015726246948427277
0.16249573184644275
-0.19716379542873089
0.32702014514528904
-0.41433250157338808
-0.052989531140117174
0.41428634055935848
0.054727710797851409
0.24945017660813718
0.13169554506639419
-0.43819483834547274
0.53603531569007379
0.37671683520121441
0.27008309389052521
0.28542719945142625
0.31219488663398609
0.88391617193063032
-0.048641830132701014
0.10092311854727543
-0.15244381289811837
0.24487961080454115
-0.149224386546013
0.18131831967434769
-0.21669416152139545
-0.034557377326948184
-0.077458045800343184
-0.0049125349155863607
-0.23120169477824434
0.0027070580171496259
0.51076373192729163
0.10915725280978976
0.4623567953413939
0.26222403926952348
-0.091547413029740024
0.066625899407973088
-0.14167652425859062
-0.38336868831382753
-0.1496941660907303
-0.3164731260476048
-0.13088007021959069
0.58876855390508864
0.060295513957889131
0.4581320470211257
-0.2727749040410104
-0.41468911542337794
0.0010301582518782602
0.41728068601878082
-0.17189171818673871
0.030857483853417057
0.11514454252773579
0.037676902374749535
0.22137734975147427
-0.01925650102844435
0.20611768369670061
0.068945948418778991
-0.20995748041081724
-0.32716426177057517
-0.20236985712784625
0.39372306121846473
-0.2047590530957322
-0.13636373214761585
0.38415674279044554
0.055135404454977034
-0.49814235243889893
