0.31177171239707668
0.032417851237207883
-0.056759838414206523
-0.26396899923498018
0.096180090889759567
0.065132167082643355
-0.099716873303847917
0.58757400719288388
-0.1068392547741923
0.3477016100642441
0.080426394762427869
-0.066151160575766296
-0.10439303668194476
0.12908111350001095
-0.1197048025881739
0.26128469181505054
-0.42200432869664917
0.081570731926638926
0.1313070766097589
0.11733767055092302
0.29755646059840951
-0.13263732328931765
0.27981513481920006
-0.24862889145846809
-0.13201358797717533
-0.14819689250438126
-0.0034186388184895126
0.17023329099682763
-0.401953713033669
0.18251067081198125
-0.13407507821441933
0.27917543938388267
0.13838484285086158
-0.36982895124804938
0.51705602362739578
-0.2711756022993918
0.2613166255927728
0.10892584185295526
0.36577768782970915
0.011920290397213262
-0.29651137387633231
0.52647688817057148
-0.29890086493334117
-0.016515126986899806
-0.048175528074150958
-0.26424805882447433
0.28392927993842376
-0.27806294434649886
0.59083882587274839
-0.18465603294867949
0.065039196204484367
-0.074107864930475803
0.02994720181865972
0.12347536583450622
-0.044524827688687804
0.13951807981017303
-0.12318353156705124
0.28443949875096741
-0.56856485492163078
-0.1698149546811257
0.21414268797308741
-0.070224873848234254
0.27048371695856621
-0.32883540479467227
-0.35213581738573208
-0.16139435805505403
-0.20410777595469418
0.20119916016553172
-0.14318506162807332
0.33879475111980023
0.39982528723985145
0.53625404943869848
0.051713235490159347
0.085709456984306015
-0.091007463928597071
-0.29904480386358095
0.16323716961185639
-0.45395656036923215
0.31059637789525057
0.024801282534002121
0.25245940383033355
-0.23281773564871089
0.10273190494317477
-0.26105893175595851
-0.60759541244247439
0.21681593859995127
0.13446987654212558
-0.11365566992696675
0.31867200732703566
0.35975976414388627
-0.4619280687423028
0.48982232324665942
-0.047707930834979484
-0.0078178305934535498
-0.0039793096051951912
0.12671930472569548
0.34806809661742882
0.03796748681599825
-0.039013949513289729
0.40126416301167728
-0.19473161866899849
0.19509318500439748
-0.38610091418669501
-0.11583018023233105
-0.38008435512088556
-0.10246851996434451
-0.36258284585110656
0.1183201733375906
0.10093965898846896
0.35012484533887939
0.058075620346164807
0.026879338735915428
0.019255910232997327
0.21972879090421552
-0.68680477073225032
0.022699826157653851
-0.3511665091266486
0.11304157490011536
-0.20278988167387296
-0.50499583790417424
0.035804212114446482
0.35121134022898559
0.27208150134512982
-0.35573838508061645
-0.023288026152246073
-0.097129901152567921
0.16039278818363609
0.3573613982681601
0.22377273427392136
-0.097609818027192805
-0.080551753207480037
0.15008727411019046
-0.41578603079254256
-0.1960205878804907
0.023624796518122698
0.076329434365578874
-0.20825933946692063
-0.19757057307439554
0.15651427722201394
0.031972135650064029
0.29865593436577276
0.19132143021620232
-0.22278543338302162
0.63558656490304866
0.26946378439093177
-0.073301443771772265
0.31852467632018244
0.15216704957875035
0.02248500732393428
0.14800991510456124
-0.14046768889898692
-0.23052625091993037
-0.099272871468773047
0.18305290973868543
-0.43892131536523804
-0.019839584377378715
0.24652505977589778
0.099140761176413059
-0.16325336014703343
0.2679133893490559
-0.013411699704933788
-0.052492895289624496
0.060986878115850351
0.18226490554253247
-0.11955948548566786
0.7264808231393427
0.19160117761790313
-0.10382308574997873
0.35775343315637237
-0.31516399899706815
0.25822973217242218
0.30780540183305616
-0.15582490955600065
0.17179544196335056
-0.098775046164130326
0.54332028606288674
0.40455238497606477
0.027114811308635987
-0.21944385646017392
0.18366894205973969
0.20595727619616405
-0.10129663094850529
-0.1506823426166248
-0.1924371434503365
0.28383428639414221
0.012421167849334265
0.09878416347403178
0.55831365819089918
-0.22888972536619037
-0.18528931237934168
-0.073158998767281602
-0.04713822736463897
0.18350708648441175
-0.004736935312539289
-0.27567575558711555
-0.19097661086166678
0.18432322697715628
0.13063498125257192
-0.060210112116518215
-0.019644980098480445
-0.024194087891213724
-0.4326994760368027
0.27856163212998114
0.34434649728955713
-0.35689331335340702
0.15099486788366578
-0.19062794299660063
-0.26504176130402818
0.091519441788299238
0.21448560793835728
-0.10403636124862047
-0.4140362572143842
-0.067840318381948844
-0.092751231011146296
0.38859547680022372
0.1566484101309433
-0.35797111121843272
0.051407298418890843
0.1838172079649581
-0.13964694616226456
-0.42462347261898398
0.43531213613963865
-0.34508937697618486
0.099480088698506705
-0.18470616749719437
0.38022825491733447
0.13039469594053232
-0.28289085098638267
-0.27031298912072826
0.27098339044343028
0.17348983717248173
0.21684101433706135
-0.084587620747565373
0.10796959958769382
0.012190253184237484
0.59938149889489167
0.31930174675784051
-0.027071733993756716
-0.053295254844058657
-0.17693902794880376
0.1583546255172455
0.40915858239501723
0.033330607097847062
-0.28666203332851431
0.055868701516809047
0.300725907254902
0.29204753696677116
0.010732214633274131
-0.42296892710529638
-0.11779829532222919
0.26625146297505492
0.37670534622040402
-0.15559908664387714
0.15342835612013977
0.49052159042856414
0.45133677863774241
-0.052977609915813482
0.30978229415908354
-0.035649137480755003
-0.10714823997317549
0.22297244075296027
-0.083956074003368256
-0.2074777541337762
0.24241128954112606
-0.016443343937382861
0.0064561763003880973
-0.22584579292194806
0.42178532818488845
-0.037404948907764669
0.22803730808035999
-0.3154740377388891
0.16466788056341863
-0.1858133583013141
0.036316137624241858
0.15546932880797795
-0.21159512969819774
0.014412941672632745
-0.045991806051695776
-0.41704662126074127
0.41230820018574688
-0.018550893404166352
0.61804640402790234
0.22642188794033941
-0.022001253877002937
0.093652937989906967
0.24829057265266302
-0.016558913816189506
0.066297412043946444
-0.054159507199666924
-0.50040310225302231
-0.058702505427358588
-0.2508916184675547
0.42089007041881549
0.40566927085811039
0.19672967990923651
0.083972407626369094
0.30975406162400637
-0.2866761056594716
0.2016097214174925
0.53908513094800958
-0.50088827512176537
-0.55749140071150349
-0.067853147157007673
-0.14164655961883449
-0.28673562939259167
-0.2292212882245136
0.13703433307287716
-0.17883303366098416
-0.22497349549891349
0.20885350972378974
-0.36320335406687593
-0.21043964081952449
0.027635340007039468
0.16349618857006079
0.21034466710981845
0.40932120561848445
-0.20616429638253211
-0.25324256424720637
-0.36113106280518298
0.43123917141992024
0.13970132954083747
0.022977301860904607
0.27107240495411561
0.30711392387572622
0.0093195881502478907
-0.14502046340843133
-0.086479597116759441
-0.57579068866102645
-0.22282877012890248
-0.43559655145411047
-0.1816453718803237
0.11424518292043466
-0.2355025487556896
0.18811579353433253
-0.087517464384335483
-0.16513964189128919
0.1675406515459015
0.21357881644236124
-0.31339148979150905
-0.15407799928309746
-0.25571509253987079
0.14701278203596943
0.1089836014063835
-0.18935347267564853
-0.19944504678638839
0.24912938747899493
-0.03231396364918708
-0.32296935403890153
0.18928514184112788
0.2851394993799562
-0.037550605603552577
0.075488229810354551
0.50346541368285902
-0.2716597537209216
-0.46451336733063242
0.19815118845406479
-0.041105497958734256
0.33127533415694144
-0.070857073716871263
-0.16280078326561853
-0.28128486423447951
-0.40684334628811092
-0.41262042442726093
0.30601716165452991
0.24074987899219333
0.27699196942269555
0.20840761462353141
0.11493387496816199
0.27809737825374464
-0.37326252296860751
0.146126434103311
-0.50900739160834363
0.11199511479958414
-0.34821279398554483
0.26238547439589099
-0.014054138182225857
0.12289029559629686
-0.039035093953554777
0.56819353616846402
0.18874964756296417
0.25590108432259123
0.097226726880753761
-0.046629054575581509
0.012778096719643559
0.09418084384343163
0.25873276217994101
-0.19108758385154681
0.10526377892591024
-0.17372172827346818
-0.19043035782610321
-0.11269745967141497
-0.054916785607058718
0.17840216938536579
0.15077898132573989
0.17368432840453846
0.11711016988863836
-0.1406581367642592
-0.49880020803132363
-0.17838823688978078
-0.24414745568653107
0.067624783753510359
-0.10451478957561212
0.34702588800546702
0.10094323480361447
-0.091255535031957782
0.17597148274974403
-0.081335339217461167
-0.28808628168489875
0.38922588546828812
0.24669423313780703
0.35291602497897362
-0.29813911950108229
-0.58348476077369615
0.28884796714260541
-0.11680648806251916
0.15138777055601077
0.20473910349910396
0.11402355007217402
0.15910285795604787
-0.41183883308587593
0.15722820597720336
-0.1494838300606765
0.10782370545168907
0.32884896559528054
-0.1990148751664651
-0.23643713628753238
0.050695130487021317
0.27748988966058469
-0.22234438552148494
0.36163457785443087
-0.025505237761192304
0.27484879929975525
0.31082732460796614
-0.16801078473027259
-0.27215341473121935
