-0.57671366366630894
0.010500317331472553
0.23980289900716739
-0.13899431092098344
-0.38026484095099855
-0.2742487491638953
0.1302852124259781
0.40678446846985838
0.32279894654270469
0.32987731147952915
0.16714478296520513
-0.31696881716404973
0.22383934009719983
-0.28697156215162173
-0.35655520783602945
-0.49357459344769561
0.35330999917601597
-0.044436076605202948
0.01034845326697241
0.44645856814521828
0.58333935346115784
-0.003240098257004922
-0.27861380593627305
-0.22361935289819265
-0.12165840940028812
0.11746938691865316
-0.6936326576514098
-0.32641109147654912
0.1609585626138352
0.26346549081503079
-0.11981972782788088
-0.22090946250642948
-0.15843726932120025
0.34169517274517897
0.38766664974927179
0.13012922681070854
0.033203401521666717
-0.41483258355315522
0.0076717932409617988
-0.062371833967218647
-0.027928194046260724
-0.3436265437317032
-0.26753323590756345
-0.21374836164452457
0.029655122177650414
-0.15652287907249546
0.40325720364766515
-0.038990825067277836
-0.38931349510975749
-0.49788215079610409
0.07128520127355685
0.24296893156140559
0.16884414381130572
0.14436422968159793
0.14887104394631304
0.25098352410633246
0.29723769020883384
-0.28076560010146295
-0.071506700523999031
0.022076329338013012
-0.048570388286421677
0.1329198936861882
0.22184846877319112
-0.0099188281783350873
-0.079478683652689869
0.13344303506960992
0.16638294412134505
0.079295631932219529
-0.14589028583887753
0.18667148880284684
0.03427814195041707
0.064262270024843499
0.11382361905901422
-0.3067655338934418
-0.386087490476892
0.28250095347716253
0.088085720803547998
-0.42073160508047897
0.087615437143789304
-0.070009652985916798
-0.14055585443720359
0.35666350414127601
0.003454294447348418
0.29696588824438569
0.43729819104417877
-0.31720995790785911
-0.48938316395265635
-0.21517191545004699
0.092473489388011351
-0.090328710743937543
0.21114630877628737
0.078962349471615845
-0.22390430776259529
0.07550439002779033
-0.47169616088734956
-0.37076920245503964
-0.10626414291856691
0.073864501840121194
0.28492893094336469
-0.13938927244487267
-0.20939120318479726
0.24454239448627468
-0.20619734332671791
-0.11294649006878699
-0.11177019987124279
0.2038971642014506
0.063313026124865765
-0.33101011107188777
-0.14184611977789902
-0.22117737731051121
-0.41043167089503424
0.11402723974140637
0.17886848166860961
-0.13521146495727338
-0.077966224840273587
-0.3399741640905089
0.31861949641906911
0.020451503871656462
-0.11562446692748152
0.10262500068640165
0.14960353732163015
0.21995493952743078
0.63266366208558544
0.35580647179444508
0.092654132705483352
-0.0060049745619606921
0.40203461887505942
-0.3193886863730267
0.054113107099779345
0.098069728564052688
0.0012736475580453761
-0.087225267113395885
0.058224033176521604
0.25036324034951246
0.019940907904572855
-0.37381816618056574
-0.053290360503443358
-0.12819899613054858
-0.20229576431696011
-0.16519532309367238
0.1414848558448614
0.052403304008110066
0.12629177167699562
-0.16433072727298892
-0.039758908620909708
-0.29124849003367081
-0.0036459776560668778
0.17645846972853707
-0.25649090865588137
-0.18088955237454027
0.13717508134309672
0.10317441690648216
0.11856684306938743
-0.2471952733610128
-0.076776585692914637
-0.24076644367726627
-0.27662522838596609
-0.23672077492784699
-0.36056384091630733
0.22302622848974776
0.070231275219186831
0.011996601637032936
0.086854907254690611
-0.25938893928163614
0.31135835148414126
0.27725581404952676
0.10030338259615428
-0.17522941161700781
-0.35900627984384786
0.098337887145639249
-0.19747520355813014
0.43413314211538534
-0.22659619239971898
0.0044248207840565362
0.13672174224511166
0.12185486134578498
-0.0057586722135841957
-0.22491115346163795
0.018502047555459904
0.266976118143679
-0.14661929621336769
0.34442369064390305
0.61163174393382924
0.27353874019221203
-0.095281342772567598
-0.0041871893518923651
-0.23636822794854989
0.19077487738943555
-0.4589772374736209
0.24567718023140159
-0.0071203094621594036
-0.40864629873058694
0.4989717785309789
0.077661298806736043
0.38403123819507745
-0.0045142142309073617
0.080303313069226626
-0.022807678408234819
0.07707008020576149
-0.0026248970009618532
0.37470854145330662
0.34149839711721236
0.36659860163808422
-0.23939608315534402
-0.49478517664981525
-0.013137285477527154
-0.16910389591699482
-0.036222940826411199
0.26722095455973
-0.13321737718820981
-0.18553223862519394
0.37322754573277117
0.18521693812887807
-0.16706509607330483
-0.39134981398769625
-0.40338998278324245
-0.29027544271587552
0.075114354178722365
0.84995131840267102
0.23884929828267415
-0.065003118556847359
0.24944591967713245
-0.036931736515920403
0.038781428067823295
-0.45782195238335827
0.20610639696382785
0.34676863645642836
-0.4111899556716278
-0.18701684831633753
-0.32736307295668315
0.29012205697215526
-0.5541947955483727
-0.20349462759905754
0.18344204035451658
-0.17255346335468713
-0.34373694798599491
0.17781718519384468
-0.11242948445555297
0.3049818036586156
-0.1418907568609242
-0.53566072298173439
-0.11149883411233925
0.076985001668291531
0.3314049323564221
-0.011770404729267431
0.055400663577353536
0.29054266486503627
0.36890451340805103
-0.14594719075845691
0.23579984659204523
-0.37100641594271061
0.25394393739491056
-0.13475043274757939
0.30347089858194076
0.16351613669176601
0.38143642248661547
0.16921211870118352
0.15648790739530108
0.42118374215627646
0.45761545420549976
-0.33512387071680699
-0.099373819710575712
-0.37673124514211637
-0.26572375995615366
-0.061341159736430673
-0.19367054490173055
-0.18090200779383808
0.44595327220529563
0.36832362130895041
0.14415011870585384
0.087266179864454105
-0.074975162739477783
0.094747904133104105
0.45967719392643791
0.08552914965543075
-0.38195194002421889
0.031436448284657435
-0.3447771655777751
0.11647106927872125
-0.15356522817974025
-0.25616999995248785
0.0084176024257144547
-0.83742625324589726
-0.056880423030267503
-0.10102654101176431
-0.015202474688123075
0.46731546979731836
-0.47369979012093733
-0.23807574807818666
0.079298775930994936
-0.38109820300068992
-0.1173035098989224
-0.13151849457035886
-0.3207445039261233
-0.12567539269111921
0.1783756095666327
0.19971660091684248
0.17491055925197688
-0.34966402804694607
-0.25147383350438013
0.39439907304609179
0.17311757258003985
-0.24020884133524995
-0.11721510336090792
0.011371069446849813
0.060986297387157752
-0.3829881868424902
-0.3937551297128109
0.14104515934219156
0.27339767969156742
-0.32409046163748251
0.083582609212560555
0.044022938875711931
-0.029268695330094179
0.067975964085116442
-0.019226680958947112
-0.14674034431307384
0.24897189360934163
-0.65060508523158689
-0.14420034760090825
-0.29887388046208341
-0.30652749032860466
0.23736647769200431
0.32510831196694123
-0.057000967582805234
-0.016600427904745214
0.25375941304541755
-0.024063120637816633
-0.27317521997994881
-0.17854054790335852
0.057258420499534071
-0.13777148048765472
0.60335393176115526
-0.25812806592505516
-0.42389452541343264
-0.11374218859979715
-0.27169325188169507
-0.40659585114726238
0.075090176121567528
0.48846714199306573
-0.10229386392258132
-0.2308779963915652
-0.35712711791246815
0.05843939417837684
-0.53491135312289262
-0.19209497939148323
0.34086306877690725
0.12014155879896031
0.64564355762286463
0.043752018574687052
0.13614763241362043
0.53707726085581753
-0.31925700676898761
-0.55237441962512146
0.033634827226707742
-0.15805716155316943
0.21682558237978378
-0.11518724254114118
-0.49120651276224547
-0.26113863710816609
-0.07285173863044013
0.38527570487002999
0.014224885388465797
0.04258714853817195
-0.071410172299766497
-0.16785886572151784
-0.081621048646180194
0.30344526722372034
0.056340819038821058
0.11111453092314726
-0.30159137876921482
-0.49180279700181462
-0.25842808253980304
0.10051899891312711
-0.010966701009387061
0.23829252764665065
-0.084559071605418687
-0.48984562732529791
