-0.20230258310568192
0.18333846147596294
-0.19198991735994303
-0.00037171357316353218
-0.41632384308401593
-0.082243094529769925
0.25584887470867201
0.28228631586041758
-0.13148267494984844
-0.10471345235023935
-0.061632186237567638
0.29961894466987465
-0.17720165544377625
-0.76262414343689489
-0.37947061232968948
-0.19995385991613129
0.37335845924599448
-0.024067677224277263
0.020042642334389935
0.24781943377384821
-0.6707094359010688
-0.16960279755861829
-0.12561113591278403
0.18577821896053293
-0.2179965928947328
0.30350902500392796
0.11211439199689897
-0.16439346188896717
-0.018278302493952323
0.11523128940632223
0.3165709353827959
-0.1990510242856422
0.11015899131699035
0.28647300838996392
0.13796253584996471
-0.22408910884426816
-0.056129421915645045
0.17391186680856849
0.11416266103493959
0.29359577218192073
-0.13714243641391094
0.31499971001000449
-0.14815385403589962
0.13534895892230772
0.045974708471738804
0.58209700410456267
-0.0037089626205102071
0.12588646086511629
-0.1191946651563985
-0.17350425401740927
-0.32061448741938303
-0.35032917156294979
-0.30769939032080768
0.076701303455222372
-0.013104197561472344
0.36231340872441958
0.1804292674234062
-0.16332522940512187
0.20435762112013051
0.039641529753739538
-0.18249763644670441
-0.28371336279015563
-0.27520851447981609
0.36045812087818491
-0.42337731304838866
0.17524741759649518
0.22426657218606402
0.40422672775456669
-0.1663225854334385
0.16632181138220825
-0.28478345759055329
-0.35222112270504957
0.20316344267676412
-0.12287775202230625
-0.20157045751206365
0.21177416899556181
0.30344851408443474
0.13223359101074694
0.1408634664594384
-0.047378977368576679
0.14865047934068254
0.035096555301434532
-0.12520120850847422
0.26132857350712879
-0.27897542129623065
-0.15812689471734162
0.019254817579119982
0.55102875112224425
-0.29692089231515795
0.03814518484883065
-0.23452132902934136
-0.12826690940901847
-0.10218701159055044
-0.12253187251557653
-0.1051048958798443
-0.41281545852553109
-0.43693818669647955
-0.094653513972353345
0.31512140055502658
-0.30776754307167897
-0.4612205304267043
0.077894007707330418
-0.12223016288535399
-0.19915600682646298
-0.26128227270808874
0.020602002795435656
-0.17728967736483942
0.25139739718962945
-0.19058956718620021
-0.46186378499658348
0.20652591284409411
-0.11983967432423136
0.040880998850727636
-0.24017450514786631
0.24537070216299642
-0.28209542507082835
0.54707611895255004
-0.44295673763310334
-0.20617512509390945
-0.13293622101459976
-0.016735402679133111
0.37090962917117548
0.042100059533778413
-0.037139690276811778
0.17757556049228534
-0.11814220629048047
-0.094981752788391882
-0.039150057531501768
0.23655741895798654
0.13802648479135846
-0.16964833475185054
0.21910484669711819
-0.67054113460311493
-0.37559544215682089
0.083993633098407003
0.27210506007965374
-0.35310388022719347
0.26598339525199521
0.35916640022171081
-0.079066803061367805
-0.021215873580164839
0.14732875205435769
0.35133752226912696
-0.007180991570134675
0.54050063057326403
0.090381259697962568
-0.013339371666095249
-0.14171318259599835
0.10290220651991569
-0.45013613637794109
0.10724152455536272
0.35694651914736042
0.048189429787444081
-0.31628448401826115
-0.25382100916045808
0.12723524306401246
-0.025219417221527624
-0.73987740416875525
-0.25280739655692536
0.051704855183506468
-0.2093961774217214
0.38222818154856364
-0.12323155929434998
0.048543201264868517
0.066106754788463229
0.15867043930603084
-0.33367332280527701
0.2789325568686768
-0.31956457194776267
-0.012768020240462735
-0.21541949779033992
0.093575809607672714
0.076120223913232241
-0.21777568839772976
0.11970991889756394
0.0034326837531145908
0.031250772193578365
-0.28630106560628305
-0.064692955070491054
-0.15946099074565659
0.42251382838183421
-0.40884513053509314
-0.42263902324132735
-0.17515197701551449
-0.08054724238244082
-0.29966371682956006
0.31114279185646904
0.24766806094891283
0.016032508693977428
0.21304340830151408
0.29254433465655993
0.11664817949113704
0.51733640028066397
0.1089040237209149
-0.26000005581971852
0.23540246728540123
0.15807643728856968
0.16485866985758704
0.39452432964969281
0.066199926895078268
0.12699792665135806
0.017769388179850108
-0.40961283776653357
-0.52144222207152946
0.62437008405581362
-0.15778149419441842
-0.14493897325306654
0.090580044327218862
-0.16794866955323498
0.012775539289009452
0.0031796924048334528
-0.11001590113025042
-0.15119818487002537
-0.14922291124219372
0.05825286702257701
-0.096496586496643652
-0.24053861499443255
0.093644576960828618
0.15778251300562696
-0.098818630521789783
0.087074727624918524
-0.028982853664126174
0.20121783995949336
-0.037847131299540336
0.2012902627094075
-0.53549965997363291
-0.43275598868132736
-0.066442826625954632
-0.17604458837496945
-0.0082309841976222452
0.24501423398165684
0.46837473500403037
0.13239520458585524
-0.047972297223929913
-0.11636436867135647
-0.37734975298583501
0.028759304024119303
0.20584138338800362
0.36725138431552246
0.44866165505395594
0.47460095814214931
-0.07578161692567989
-0.12142137105507671
-0.2446203430167409
0.076175910522745846
-0.22803377470053832
-0.66231751090659263
0.34693290693453982
0.14101165602167254
-0.2863376797097707
0.16518633458790463
-0.2216951538896543
-0.30936500814281653
0.51631116987984371
-0.28814247570369239
0.21157405262129003
0.34763582442133611
0.60922038866496175
0.25490736536428726
0.067543679784923732
0.38820255896891204
-0.069151608307795542
0.34215312790931174
0.052939989496839313
-0.039472864923385934
0.014559475605080864
0.028916402618538079
-0.13023902400614651
0.32839668147516249
-0.057293561105250031
0.29127590607107184
0.025754315218883807
0.27135974707236177
0.10112985218953868
-0.35390968456145283
-0.19919172771273402
-0.15561410498721023
0.40419985628398009
0.17704685659180561
0.57227990815314367
-0.32512720913220289
-0.0069748456981682432
0.1984072672174397
0.27113910200693064
-0.13196388515098351
0.10237408270005252
0.22418421280743667
0.051983909442592798
0.23694353888976061
0.22402400680226575
0.26686204018611143
-0.053479174247034071
-0.04305867800542712
-0.32874941025657073
-0.44912004383126902
-0.10640975967361994
0.6494690082747554
-0.21577518533027587
0.21759458904528794
0.059127330059644004
0.23643077812093469
-0.0068919291213667645
-0.0097503631780826924
0.037189927253382958
0.19338804957219546
0.048387928031286713
-0.25491162211034762
-0.21485650205705581
0.19786107538154851
0.26912572668948925
0.15103293990020841
-0.090263770277749442
-0.26912468840365256
-0.19067638344866777
0.13611579910725424
-0.21461240053293895
0.12292691733039085
0.35548827563387464
0.18509428370351388
-0.17983842993594629
-0.48934621634676989
-0.52963525792279631
0.49311389784992427
0.12460232488627455
0.17106628526634438
-0.20706029587457059
0.21404159013501403
0.26874862555913209
0.33479205855149835
0.41192189686423569
-0.033344325649151595
-0.22897499509590818
0.74407916763892945
0.19524754635782599
-0.2342837681126885
0.0055377466084284383
-0.17212294691757712
-0.50302544226338342
0.12894639671267469
0.025752216293315491
-0.032001811955986934
-0.011855893200988097
-3.0061205340778207e-05
0.082657684953385352
0.29735140759815643
0.32332181421970763
-0.43030520065623901
0.61178242394545479
-0.25669872935039806
0.10592592261708927
-0.18755091094923093
-0.1084025047449278
0.068331791728625163
-0.012074590189688664
-0.14180616752174696
-0.13503458440151331
-0.41716340209003006
0.056005210480737269
-0.16824693592201914
-0.13758568835187457
-0.10147605742304619
-0.18755730537938761
0.051729299825835989
-0.32394356716376788
0.33384158854613227
0.40700068920609189
0.020460630810310486
-0.097201773228745125
0.12284424692070221
-0.38847278944753783
0.15327694224379876
-0.3623692880730674
-0.40326326857695755
-0.16943322399493432
-0.34573227748627428
0.34757434392940434
0.059307466556449279
-0.2796551764896345
-0.49150664285680784
-0.15467078001785503
0.16061027918931853
0.14262886057736518
-0.18664200751507046
0.13723106950475861
0.10541142008620291
-0.066806323623173375
-0.10144994069972703
0.41215631894279259
0.011821230379941835
-0.44011090292830984
0.35261725999661198
0.0024804615975565917
-0.2023961978341185
-0.53903976148847366
0.11641319750178183
-0.40435947070182365
0.12942765977095058
-0.025803881944881736
-0.4473986712032727
0.15758126758075494
-0.23188362706635085
0.2259767106920115
0.23899747002868024
-0.33051338185771351
-0.33110502374835998
0.31322427730154356
