-0.10656925216479958
0.31044553364173477
0.20605775316607497
-0.12872349154060497
0.26145901277011846
-0.45949265018061453
-0.20143259577958489
0.090039009430192329
-0.34015184483500521
0.4780345239289247
-0.14842445913651053
-0.20682389421084293
0.57168652327299518
0.16274016212116479
0.31201098431393987
-0.17058302298956773
-0.11079830987641474
0.012652444684613389
0.022385033992886792
0.75477141412035065
0.16128173027455447
0.83742730501300411
-0.26588465963437341
-0.042749922005875456
-0.38453630662059296
-0.088268784788330806
-0.16177987668473148
0.52544033699189163
0.03845781013357407
-0.32859754853086559
0.25074715482820964
-0.17798948329116221
-0.082776329772725518
-0.062712704971304045
-0.43944654275480405
0.19155422467343877
-0.091860391551300241
0.44439922170618812
0.14744556351594715
0.12144789348551016
-0.43110358239399815
0.19408235160398696
-0.46314633882349115
0.23744571891267463
-0.11294491558157323
-0.20435130881811647
0.53321347641327332
-0.013960423320996637
-0.11589322163724169
-0.12538104113498
0.11746430975885365
0.39379508108342343
-0.3313201213313946
-0.82882483888019076
0.10347092882821962
0.34689947996674741
-0.33229643507649936
0.4150960933632627
-0.063080140148105285
-0.33159798605111224
-0.014329213790505297
0.0060765607439473282
-0.23480526311544936
0.077610767165579464
0.14867072548159196
0.031118044053948232
0.16980968415501599
0.089867793321451478
-0.15576449849968607
0.35610843570361306
-0.47089841600132903
-0.010973706020925301
0.27386745037981947
0.18464143892059107
-0.30892236238222726
-0.065523230816806666
0.078920693360057456
-0.15178203743582297
0.48258804636931063
-0.2658983423217402
0.065288252402898664
-0.083360673968871743
-0.0019765534486565601
-0.29117503332660744
0.12823953167839433
0.025391490508472708
-0.48364273314276868
0.30792842632823975
-0.09849292703647107
-0.24191772681851806
0.26263605561440739
0.24279455851955203
-0.095660693617415971
-0.012100542345408589
0.28924378498757569
0.10132544318675139
-0.264342397861138
-0.67861532804616453
0.12024957721990023
0.075276021143685853
-0.42269261344694303
-0.0022001113522240731
-0.098222432207146007
0.11803808147530338
0.46400291396486676
-0.13636186512251317
-0.43719289941894074
-0.31146943954977679
-0.30862430130015656
-0.31425743229160114
0.73377736223532664
-0.13153708063007374
0.41641921693311468
-0.3258130613923132
-0.44414204849465816
-0.068827777438714752
-0.043800597929186974
-0.092792262377252868
0.078495518164833827
-0.40137470227138733
0.24936270512044773
0.29313345043582018
-0.11370955245886659
0.18835537576838718
-0.21909138074596718
0.096916073172200551
0.13872557058218429
-0.48938917401759152
-0.40042128478422184
-0.031176325806234698
-0.38065143285943442
0.51892692511802208
0.66313089765492894
0.53435458985678497
0.050522149698521229
0.12130994504547316
0.023375247916529614
0.19713229219535386
0.17158319904105307
-0.2251236817623832
0.18677278020420507
-0.4456658415694425
0.69503893993106458
0.086304961849326553
0.60548769710901595
-0.089770807106795039
-0.17127766590717663
-0.59360409682244064
-0.41565894108514556
-0.52750672713478031
0.50969082028872792
0.11082210716389493
-0.26281595675882113
0.23881862507640009
0.0034472544185417454
-0.19744353568856507
-0.80204841939424942
-0.54642073158731219
-0.0055707114907701839
0.60501497050985031
-0.27287500921310631
-0.58451580285327454
0.53028055405752006
0.34701661375185955
0.44487618385671501
-0.012244323736486699
-0.064872259282086023
0.059123926015356931
-0.43721607546993041
0.10937333223221661
-0.33136805581872064
-0.0048491263670442392
0.14823308813663139
-0.030479776135980519
-0.092578881530954837
0.6175722543731641
-0.24952333465344423
-0.57683020149685482
-0.2447582939406486
0.16524269120523302
-0.004682369262151008
0.034252816959916027
0.24848722060655284
0.1348612984907096
0.28818679237583134
0.2835717799982716
-0.061682189758247331
0.22002103071943652
-0.28329096705015155
0.19117568470769758
