-0.19247560024527646
-0.2808324196512661
0.56243134557130825
0.18423460784182838
-0.46508413537236692
0.0058843350207932769
0.2927576638410867
-0.34159637630735967
-0.39727098646733855
0.38674530979953553
0.22916965786805524
0.34916494511835011
-0.14713827661682471
0.70418189070439929
0.45223749343567388
0.12069049416392888
0.041783362831189289
0.029153644365640517
-0.19553624401516698
0.27894548847119655
-0.058085061898520314
-0.78890864986589315
-0.53675491962141719
0.73352232025040454
-0.31341552436406617
0.13850483599373128
-0.062708177739017185
-0.48867315403157136
0.062959651733196037
0.50431998647820286
-0.16354194765382135
0.10798534494953158
-0.34000025801152961
-0.088560073490421956
-0.017842058857674262
0.26096506435089506
0.23275584883472275
0.16002366224616901
-0.10104519235863206
0.33702200086156409
-0.74889354211126935
-0.33219267862678653
0.52338122744559246
0.36081001355382897
-0.42085130395541098
0.16627502329422519
1.1428972538378286
0.0064192151522063116
0.35842050512012047
0.50512978287852439
0.37626837483926234
0.31395508570819958
0.067144314463009322
-0.45445550988923095
-0.25767700563384377
-0.26962503245471281
0.084816099956436339
-0.023495333384235727
-0.95219785716182259
-0.39066058002206672
-0.081865770059120088
-0.64386485111759628
-0.88091808879106293
0.55462193773888302
-0.35941242898975057
-0.11164625943582714
