-0.21996873687072843
-0.1493149856464033
0.40656878229027166
-0.0066069087685447659
-0.17285980646317312
0.19960872519508022
-0.21335694724318086
-0.25370438885712815
-0.18006593002115268
-0.0069317172404181008
0.023823198167932789
0.32714022795357378
0.14295620958376501
-0.29954226591756045
-0.76106132567340379
-0.18053029335918364
-0.27771112534626691
-0.33413304758674356
0.88386544312931792
-0.46929565985897898
-0.44473507076680824
-0.37937031815648997
0.098580083437752014
-0.30813982768490239
-0.059768516833841615
-0.21394110116931325
-0.20768093963033959
0.13887080302140312
-0.13982866130575158
-0.40378522786432769
0.11461313865358375
-0.10246265735421438
-0.068808009906461617
0.29066028857831239
-0.37162068439944473
-0.10780054169394465
0.52645248137628819
0.22129807173599622
0.27530511157681603
-0.49312448134389925
0.045529156189839236
-0.40757878799149722
0.22331980011464306
0.079190668853946364
-0.64570191702453583
-0.329242813105043
-0.25115294329266769
0.030018903594764407
0.11660267630093787
-0.068613622511960862
0.32438529529712051
-0.15724880310349718
0.0081738113755998754
0.20217990464991953
0.23075799979040501
0.35348714865187203
-0.11015321376918762
-0.4160782225876013
0.45262502574098412
0.5980827138402558
0.34262688797570934
0.073268256764404821
-0.27462987025734081
-0.22337471780752949
-0.24054867084038437
-0.12228588559963863
0.34357192331918729
-0.42559440345987182
-0.45374636654680112
0.53204019324787843
0.02319685815644754
-0.093154115664230194
-0.28309793170250924
-0.044575047468246261
-0.46148881011473086
0.53719227142209414
0.32360401880796663
0.68976091626090363
-0.45439055543744289
0.58508953592446988
0.026042149230335751
0.2678623997573884
-0.023030424756205634
-0.47489536180970765
0.1068758852275393
0.64835613771079725
0.0341600056526516
0.27898642243316651
0.23745465768748306
0.10245769655563289
-0.21625578446488497
0.14958580626775805
-0.030863117320285217
-0.067947493107404694
-0.1930593185571681
-0.2311324736059224
0.11922181308269991
0.056237081111368638
0.125073884987013
0.46226454390273614
-0.60784379284767709
-0.4845264346777079
0.20236866740135251
0.18237675285689323
-0.26267462178439371
0.41112449475144919
0.62442041863037978
-0.86865309822144676
-0.51033815718111064
0.126429641555969
0.22945818834236309
0.10582255341235845
0.040355596421725919
-0.20839095344116224
0.56352440449779517
0.18446746201661521
0.047940135846388836
-0.078763334496929016
0.059812467674055382
-0.20745552167755507
-0.23851641146864347
0.22361404610194183
-0.1814293802064251
-0.21307318161782582
0.11922351118177778
0.1818095878007811
0.18404340100808131
-0.067508430243529136
-0.70938976441193857
0.14202625852581668
-0.15348367940961663
-0.31347329891404407
-0.050268569143655559
-0.1658992533773008
0.45828391689163867
-0.18730272351978608
-0.44338238655437223
0.11477522280910774
0.65914413464065058
0.26651366499371498
-0.27490038611859263
-0.2634747809536242
-0.57711952279098877
0.36545048080504816
0.27348470774798761
-0.23649151196606435
-0.37190091736082964
-0.53428853812657762
0.28612583429565819
0.48458200529134493
-0.096128145315396693
-0.52556235435189369
0.55460058609549767
