0.85734857106597473
-0.65412258415679547
-0.43918060377713974
-0.60093290505982178
-0.243572579634182
-0.56747686909755979
0.29278677879916287
0.034464397793480775
-0.43104260057823696
0.024695078835569415
-0.073849361908181824
-0.76442588579766002
-0.60025048014284943
-0.47401230157696045
0.13009072634140487
-0.0050581302667483457
-0.12600702673983441
-0.0087135771012189882
0.37336882039618863
0.078822135302154359
-0.10325761031019082
-0.22844859791510039
0.64856214882687291
0.04303581513439593
-0.20446550255148041
0.0032841836340119805
0.21107465207294199
-0.30054420423883615
-0.024389904550884359
-0.015520506197892399
-0.00056699387398519
-0.36448629166234564
0.01754103779552104
-0.16178931229519736
0.17607767546667902
0.13767193711243772
-0.0067695742354339766
-0.18607292990637614
0.039242481732843677
-0.060012738129093045
-0.49472845581028779
-0.044695121463876268
-0.28588362953580049
0.036638308795462406
0.11313074551565347
0.050170057907698885
0.11996510094718216
0.022789407945803461
0.13065345734729175
-0.42890074570163217
0.094551669823642492
-0.24756033052258342
-0.31670615309127825
-0.25788254345597722
0.1477404933413406
0.37582082809484169
-0.018152052192582372
-0.071207773738878308
-0.37551851318759022
0.16168258908710523
0.015532799126756683
1.0493868304307155
-0.098723482441217106
-0.20790536296332174
-0.19619363824133718
-0.25028565086158122
-0.065439460675722261
-0.086825956430616608
-0.17469480581065214
0.32940951608739094
-0.0012625405038935952
-0.30790452819073844
0.074290344155020532
-0.23140892776368363
0.0018928497091320608
-0.43560694620014018
-0.98977451877033584
-0.29825249415592625
-0.27669457299591954
0.05757367044597736
-0.2002536246275281
0.41275616216099864
-0.40601123403672706
-0.051826405567053112
-0.46594694235397255
0.10356716118696678
0.14673307713499176
-0.33471396082586952
-0.15545597156542471
-0.35773784197409153
0.34264903844014233
0.45751336586747648
-0.28443956698240125
0.24192970215430756
-0.1008963572818858
-0.11654873795991116
0.43034888962303264
0.064825548063590879
0.40034608431866731
0.031079348958581155
-0.052627503672253238
0.45843647930850706
0.1565263412922939
0.55080476147661428
-0.3100559268128848
0.79677200010533233
-0.77790657091942816
-0.051944967855005908
-0.43440477066267064
0.4751003857405533
-0.37980916961387218
-0.063220473064665106
0.50216318345560784
-0.018926748022470588
0.13073475999740489
0.42071718696222693
-0.66053743187608349
-0.41101900276659936
-0.14396545176740611
0.43138870508000055
0.17475657842495909
0.0076060197634198442
-0.63236800162956941
0.313304425848771
-0.83521613552153495
0.40605611679631809
-0.067933203536488157
-0.28912715471641981
0.18368322654974459
-0.058193045507536789
-0.015923942486093533
0.1010041609664574
0.27748930432104685
-0.01313937168779626
0.12327809513116084
-0.35778217881391056
-0.23060025130472592
0.43635627393105447
-0.30856025860830455
0.054107208433642862
-0.1899100735888174
0.055312722645819282
-0.26349200548741641
0.19823327146399899
-0.0013685371604686824
-0.16732846093625076
-0.064547776894241765
-0.072642806200767088
-0.68768213227009456
0.34473685051323971
-0.096472102257128795
0.10032643102775583
0.1110105554487737
