-0.27892163861350605
-0.31808719881475561
0.583314442462459
0.65354655707685727
-0.33661670547795797
-0.038169059257785021
0.57301840494594103
-0.026287303289770449
-0.040000338310750151
-0.33542519956096978
-1.0791121304971161
-0.20440973236590884
-0.36825816068276246
0.0099509873551702453
-0.062698894739188576
-0.20036122490165387
-0.013643266007383749
0.89059401303049746
-0.07998048848270238
-0.38269683626459833
-0.0066890608953308062
0.48770268796021027
-0.47791908786771387
0.74542167571069184
0.18513625894516819
-0.031780198098704519
0.37342117759274529
0.64556416481621648
-0.41554480180537046
0.67556969889265583
0.33692187677327962
-0.21829439225883693
0.22197099320969596
0.64307277427602205
-0.2316255274104031
0.31111930281556854
0.18195712810061204
-0.16770182508847198
0.17526629283598016
0.74877411914432646
0.52521711418337991
0.02619802530973191
0.20904414418163403
0.24787566430878796
-0.18935169422881781
-0.13816222676466558
-0.31469970480824755
-0.079264740316782489
0.037300700999349949
-0.094230358772040737
-0.72679142016168174
0.44627761995106835
-0.22935416521240715
0.46683809275934585
-0.011313485094603384
0.32260318265403726
-0.041171101286143652
-0.24112704217595876
0.062331344218884234
-0.71085655722447971
0.33797590018291074
0.73700641799304578
-0.37447242529408481
-0.48679602476777106
0.43651770117824779
-0.2130269173647604
