-0.15730440989671551
-0.16074141943334974
-0.037050269173080887
-0.018151034381664793
-0.26791484438178964
-0.86701592165187313
-0.44529728690039078
-0.39242241516545479
-0.0066929564495958873
-0.29301125035443093
-0.59965115139262481
-0.28661150070021102
0.033147633992733079
0.39483537617669928
0.097058220346243743
-0.090115661244020553
0.29254086660174489
0.51408066838955357
0.073670538646850831
-0.15891116645268685
-0.4506985740874988
-0.099019708127438669
0.11144047745643754
-0.035675565957482662
-0.77352706903830126
-0.12507432377922931
0.050224603101004947
-0.3559519005912678
-0.35061100815676971
-0.41598224586947474
-0.0058433739486793363
0.21434876627343019
0.016216107957243042
-0.41986180272113477
0.079334205241714917
0.17987601913700094
-0.031701116553483316
-0.10173320902791863
-0.14514255860202899
0.35871466553534087
-0.15260663323487458
-0.083618941579684525
-0.14428423937093493
0.10916648715814649
-0.11078970610283696
-0.3232973999065985
0.23426211119058846
-0.27923836096879057
-0.34773105180701525
0.17933532679552716
-0.4542940535278126
0.0677307834971978
-0.33578481701733537
0.32177644946068518
-0.28488089483672396
-0.081237478149653819
-0.40912489564343962
0.13291435259413406
0.36627222734614895
-0.32533276027175856
-0.31990992860945422
-0.32148052735603194
-0.09052157792949686
-0.068644014980299289
-0.10466493873880421
0.19874837843213869
0.14230846150274418
-0.52261319267797779
-0.1250748154350487
-0.1584526625519814
0.13556926144449505
-0.673972369111836
-0.53165961686238106
0.12717479894554334
0.25304316153141204
-0.22245662959794293
-0.34445493684160017
0.058951938983769471
-0.28288029413328597
0.14016498191500623
0.061205746617526223
-0.25375340219629999
-0.42084195977668076
-0.74206427661200047
-0.35868689361165812
-0.050036931756957434
-0.15540417083570443
0.16462514233406969
-0.21841359480583231
-0.048186314812285046
-0.1663524185147256
-0.2125027572356078
-0.25105884451609034
-0.28917850224877151
-0.27089352286259888
0.1280823789636911
0.01081730326016587
0.47563984178650909
0.35773858003129733
-0.21823560472989592
0.26170095683161571
0.15672050835633153
0.29352613965502572
0.11992706291065704
-0.2092968848556048
0.35741411289882413
0.26481579797472171
-0.27406530254983508
-0.39325819550070329
0.1529359310128782
-0.16256922713191327
-0.075796038585504058
0.22752945770643915
0.10719119118716079
-0.35937350841734778
-0.093298728763784838
-0.51886309910730133
-0.11549583605591207
-0.063978605155527377
-0.18826883251811138
-0.14959770779753739
-0.28540735085752011
0.36180680358142697
0.66568173058369007
0.2646370351420772
0.1072122882987597
0.0084522435635583995
-0.096342317968559688
0.14606122499131413
-0.01521067175968762
-0.056396794183162333
-0.43942831833759649
-0.32028262201296787
-0.15483779142588477
-0.04073431477529154
-0.19762682644850618
-0.69674151301433673
0.14001762114288735
-0.0080655363153404255
-0.13328215823940212
-0.14598549553577925
-0.74985137573779415
-0.011896180095983363
0.17627393916657963
-0.26293523673932051
-0.11186899040930511
0.1879623813233828
-0.4383950414080085
-0.59216318213761887
-0.15191244467551299
-0.044363529311722147
0.013353275566760329
0.016725967878442115
-0.35197372597531756
0.33791597904160986
-0.10881025037155122
0.56643387015816526
0.27947105279686379
0.18375265084634265
0.5312913446491212
0.68375195184284598
-0.16025655794323451
-0.13559435152218738
0.09448798967973264
0.075650429014299816
0.076172343887462093
0.029651570276871687
0.031499736133079104
-0.0069598619738088585
-0.22940769911715397
-0.091363699949267047
0.25259219060498683
-0.014130957099772565
-0.369651404332004
-0.10129112505456825
0.38475701812602509
0.08831870494671186
-0.44345878912200665
-0.41796045305236906
-0.19788846849978034
-0.49682408374344533
0.440275548002658
-0.28046380306987423
0.17939705807679224
-0.098959153839068462
-0.4241668889491968
0.016211981463258716
0.049287970534256771
0.22248392849177687
-0.35221799165688683
-0.85085739554881723
-0.016430841655185387
0.030190412251099696
-0.15664432054232189
-0.31806422104582754
-0.69221207033947196
0.091977958175837912
0.075228978230555077
-0.077813331261526189
0.28957745938006968
-0.18599913108323429
0.4384312008037663
0.21207812588358096
0.074932883882486201
0.54743135045100522
0.095980507370285448
-0.00042791910846064907
0.13989826238465608
-0.079110009691564731
-0.18061860325288936
-0.054488598095400881
-0.12559376666884081
0.26515695921796412
0.089218007645283259
-0.27602494291782598
-0.34194704893120248
0.24064465230374565
0.24803925385303696
0.50578844907766951
0.31626535634495767
-0.53872105803902803
0.14057891302535849
-0.24634719692540735
0.24182714383099552
-0.065768841150599722
-0.086800851594712999
-0.10726523095229812
-0.14964208905811655
-0.02230820670442997
-0.3709415051806883
-0.14153040093680719
-0.049711882913563876
0.011508320067901687
-0.21311317962568629
-0.86497504796180258
-0.058085581734231027
0.30205448100015619
0.35234869319491313
-0.11292304960809113
0.22324762823053737
0.22705632025811096
0.11526196498564564
-0.19498628957520511
0.07745427715116944
0.067521459994602295
-0.69705409229546111
0.31834945691287486
-0.188586476406189
-0.21113120522103596
0.32930451343704098
0.54964691555204892
0.11553609240657325
-0.2629349462718682
-0.21999598664162459
0.15138218376944387
-0.19342061336405705
-0.27473051309886387
-0.0058978912763297487
0.036939012953893034
0.037672312833120905
0.39957262225801904
-0.057122960040943201
-0.20270418813744986
-0.29997633173239469
-0.16099929340258451
0.16419212792402543
-0.16846443752594814
0.083776388682398673
-0.12414465531949585
0.39427508126667632
-0.17099811094305159
-0.017083802604477553
-0.21238402189987049
0.04941760357651525
-0.02666521281638342
-0.15498840542635711
