-0.83756345797375875
-0.18704890307910754
0.14333956414287299
0.76772126166540444
-0.52869432723331655
0.45090721053583732
-0.18331530372981369
0.38120321619583902
0.69572983791108822
-0.1081856515332235
-0.66760829103027353
-0.098344986137307425
-0.0076223363943327587
-0.45744437360156492
0.73655305400543569
0.060493120606612084
-0.47584298250682711
0.93704771659821262
0.21206900342195545
-0.14173475993664963
0.27481426987703805
-0.003718863062767665
-0.83545590584692486
-0.11222363919988822
-0.81276547018865919
-0.025035262143627928
0.15682395414417616
0.80232785623476732
