0.43860417352298237
-0.18605443067646918
0.61390511037299589
-0.45411390825520243
-0.69693587846506289
-0.3631930665071253
0.038864669594625881
-0.1558856630197635
-0.4515187711051038
-0.32580985240074467
0.60534463431777019
0.27304930269468075
-0.18850875635080433
-0.072888646830040246
-0.44299086848848762
0.22389063460539599
-0.093128088719235322
0.14916908807209006
-0.36016517901009648
0.23218493856287725
-0.13714302408063753
0.32687535248310323
0.14610143890484878
-0.59556052173813856
-0.42588827669484491
-0.20319243263245451
0.47913403053189996
0.36029525520873285
0.28468800416332912
0.01541193044567938
0.11190197297676494
-0.010689088697105003
-0.33408039433487619
0.14044662466430802
0.66382200528106639
-0.54155571503053423
0.14381294385954563
0.085551469405889369
0.32900093826496329
0.58333541236919262
0.45182644866754113
-0.18743208159077898
0.29005431924726294
-0.23628631790265409
0.63717287129650979
0.39966118973560633
0.026290662698771779
0.093802201418523135
0.060289704492627161
-0.57913294342516031
0.72385092498074044
0.0815754963104805
0.027031871504468678
0.1264840905756193
0.084435089619953357
-0.28151009457777432
0.2150443720503091
0.053625504763076828
0.35889633679146365
-0.55971083845122194
-0.30503991747064024
0.091417768433867064
0.60355828528320199
0.27407537236534618
-0.83788124786229989
-0.093641575937690832
-0.21237184355357416
0.15004221031416604
0.32468280634648278
0.14403318364354573
0.098812671699171212
0.16199470865050303
-0.33934452895158546
-0.12009426142292823
0.52068867364348359
0.039006592424071118
-0.13229183222199023
0.33663417948570479
0.16615154587755579
-0.12361559849846418
0.046904190031303597
-0.61795804427819168
-0.058631945624847838
0.31612966742978332
0.22986421162980253
-0.01830787487083145
0.67422172573635608
-0.46303504111481353
-0.34271100421413536
0.76864927323073806
0.19450536096700805
-0.19356175021880836
0.025562722251928426
0.69478999303102051
-0.18810575401376731
0.12081642883281934
0.2575149134237692
0.071640080085640989
0.0010955927988718491
-0.18478385334222353
-0.18687443702435363
-0.27046163814116492
0.26676531021446293
0.016426561020943656
0.59303155458654944
-0.054893736081374905
-0.32240557384071528
0.19362444399521545
-0.28925777633008015
-0.63169655246345657
0.14604732352584454
-0.47345651569215769
-0.20027792803514197
0.5536540023762303
-0.041392392340929479
0.26434000879347069
-0.3583920475796068
-0.1470147237462357
0.35195218656164379
-0.02867277196480696
0.41672806174113403
-0.21535298409078865
-0.019254562203123854
-0.12572436894229894
-0.011381058105402797
0.23930790182058057
-0.29450646074246023
0.078171360667612544
-0.25105917914734288
-0.54029338832727325
-0.42332376605957067
-0.39085097993968332
0.63021641679158424
0.096790113128681049
-0.18838096957748207
0.23265384591999569
