0.27508347539654615
-0.060194166252395029
0.086071646011563779
-0.16465791650858619
0.049518922223251848
0.49300996273742076
-0.15545095790634622
0.018693019198116594
-0.20209245661328659
0.23587817180589904
0.060192890471093288
0.081134394360848516
0.60553370781841942
-0.21119097824453945
0.42051063548264322
0.44223982220742064
-0.53016939459368029
-0.4800598869036784
-0.16682589046076646
-0.65770478293269796
0.11781752807863347
0.77934783633426663
-0.19128610081798358
0.255987649383563
-0.23844647195675953
-0.45733287675848583
0.36738822903023866
0.36531797451832942
0.69808007995310439
0.049978275137516466
-0.097766457735047566
0.73660547959764255
0.087724993304362134
-0.86092298427902791
0.25445235890471396
-0.35687674649485601
-0.11310391289978761
0.53744612031719419
-0.0063350605544663383
0.4091069836763469
-0.1714114995121761
0.21218484608056862
0.1771392067835286
-0.24015597269047653
0.14751655774701561
-0.24224517556549405
0.22146101746210106
0.010283866215626349
-0.49127187514342491
-0.18279244011930521
0.083150521549653342
0.23471178675784118
0.43922757005841567
-0.15440561885017559
0.045050968073238058
0.3241641016040101
0.41156719029066768
0.21361821957311436
0.39299042220753272
-0.28351641417670687
0.33504523874097131
-0.19645806877861038
0.23211231026943907
0.12115278129760597
-0.2677128400798614
0.055337740575819402
0.47915150193526174
-0.1089024045564195
0.023886372930726849
0.22781889034337524
0.27418846527405266
-0.36374695670632629
-0.2929789215510501
-0.51368116095097915
0.12967447218538861
0.0079306619665878552
0.023578494915511432
-0.065161362187182645
-0.13410516852984619
0.1601858548861001
-0.12057045808325272
-0.087332849167903515
-0.16587969024124655
-0.32107082324677227
-0.063413063421751431
-0.2935151783615032
0.45444133335733305
-0.031187929017077693
-0.088711883014886098
0.20499164217929683
0.50497873468742138
0.35062232288593981
-0.40670659414864696
0.33172949429956189
-0.018198700820242525
-0.21715092223896676
-0.27134629149717171
0.36513113006334474
0.11309948948517951
-0.37974440761550987
-0.14763407308278609
-0.095886063806809196
0.35513168456353855
-0.19118724000569284
0.21698764507227941
0.22745664198699778
-0.18261126672193367
0.03170091386026417
0.088514309170733843
-0.27654582110222353
0.025507482696412273
-0.15456006980113771
-0.17361147341434366
-0.02647773843043651
-0.026905822697033475
0.43158360778921334
0.72056507334705922
0.3224466247797585
-0.057504523802735734
-0.32571858362572359
-0.29370615157276747
-0.22869998852768095
-0.4916098174716042
-0.071506050075780009
-0.7714271739652141
-0.075808856734543822
-0.21005973835995762
-0.0071298993544838679
-0.20345946368991663
0.29616429759764029
-0.33990092134115157
-0.18037892097567124
0.30083377301604114
-0.099497365202615651
0.19654328457618539
-0.13854566245251151
0.04692199006632862
-0.44962241651426982
0.14278385165143995
0.016728169175019098
0.18097459769831992
-0.25155165381506867
-0.31243420515864845
-0.35666356660682524
-0.1413547243942698
0.2668448381020021
-0.49737519944076303
-0.060878447685414804
0.073425053230746481
0.2074032990757228
-0.23077672543370759
0.0042337735626145631
0.26225572708643552
-0.059159262841870695
0.17756978238481724
-0.13250245522721213
-0.29428379973036117
0.14485128528190977
0.034041429135541465
-0.087421179165820789
0.4408441491479046
0.15645232165359951
0.07656729118031172
0.014425361869819237
-0.3412936952635417
-0.48348937169077433
-0.061402930280067068
-0.38485910935536388
0.2550724795868432
-0.40982131876682393
0.2886521628820104
-0.3012816077782558
0.40641214833151179
0.33274640350301454
-0.059385843075654296
0.054139894528032695
0.10121913383560556
-0.34587925264542013
0.33897427969407723
0.42722075135689019
0.023805723966550743
-0.21533178747122003
-0.044649795186707621
-0.079683565326286815
-0.47643744902031571
-0.11389368434159412
-0.25116089804110286
-0.16351630826205071
-0.66821504783578001
-0.029100211550977282
-0.24452752453453561
0.41516404337284063
0.17414225683451209
-0.01508424237282965
0.04883939157383637
-0.39245870784304848
-0.38928569738689428
-0.58187555489080378
0.090246031643741231
0.032483069548324604
-0.4095962604636712
0.072313171852149208
0.14985355155836494
0.57486810838677715
-0.025688443454592775
0.029302821720946802
-0.14593100902359268
-0.050332968899596424
-0.0094622402650820971
-0.08404334857890304
0.047489219975284325
0.27721899902060548
-0.022432488410178007
-0.053501660930110974
0.37758280059142885
-0.22640915982083301
0.35471237014884666
0.15758811052110605
-0.097715433604256011
-0.40421386807475068
0.66996907608288014
0.4509912785165901
-0.066112768195080288
0.074969053005061612
-0.002518126843971989
-0.087886306891776497
-0.09443542086260602
-0.060394199735833473
-0.35276269671839366
-0.1159726243244521
0.029227098399905806
0.037023300527848198
-0.20795548742646555
-0.17941672825223995
-0.45410881211280713
-0.18924814375726706
0.25991362480823016
-0.35040236276971087
0.36176489906112691
0.065254683033243194
-0.69151145410188408
-0.36538782771018291
0.43814231868859554
0.078816054846887418
-0.29356978480779744
-0.27239578044531737
0.35391165288215115
0.40726425853946885
0.19986808259350869
-0.20674365131952058
-0.031371077108246839
0.17032394137229967
-0.43895627208318566
