0.20413212310442591
-0.07665314110885002
0.26613108472729075
-0.016937070209108663
-0.47521615563963876
-0.13231577809092787
0.37751442370798255
-0.39785973876431957
0.43137562914679806
0.48674461107383032
-0.21330367428035321
0.87617346538600838
-0.55773154515181766
0.50554165475674584
0.24708798695195083
-0.42946348945247143
0.65801398935562205
-0.49552268438386865
-0.51648935174078836
-0.11151338184359727
-0.52242691093060356
0.043330729881608326
-0.34037697651248755
-0.023981718227476991
-0.061447794831538664
0.40481693100729438
0.091915941013372818
-0.25758625867531093
-0.077271341425703688
-0.27397943205125791
0.65485431119999904
0.25592809612600276
0.060725363362068921
0.16622851151809026
0.16218893836186404
0.034561398657770748
-0.47581134976661199
0.18359888701386515
-0.090913748795259652
-0.3256078555635652
-0.021494707174823359
-0.14412011760029189
-0.037994000531458419
0.42548076999523177
0.041773602669879305
0.55385748525125333
-0.073618522924932109
0.17611154597194251
0.26872952905997044
-0.072012666304178741
-0.14358283497334179
-0.18295070370295755
-0.080909989964130222
0.2017465529184013
-0.03169673999783728
-0.15025810287067556
-0.046908618446717655
-0.33078753114675374
0.064399800526585699
-0.37476231303461244
0.26995210865871105
0.040638800125631182
0.066357854975566954
0.50414626538557339
-0.0480849390005606
0.11263422206683371
0.46138396173660773
0.1172624378228839
0.37632283569770852
-0.27117485023988902
-0.24531627370863374
-0.24850299549715527
-0.36107084579130455
0.33234504717534674
-0.42601038592078277
-0.16434331977204017
-0.23389708885992969
-0.14354370971111852
0.20587081746634894
-0.53041007665463891
0.42094316002849252
-0.32506092196443798
0.17846867583037151
0.2538402859970123
0.43581486175199791
-0.03404102767018239
-0.34126703385727325
-0.1024828168352331
0.29420277788668842
0.25552775160279079
0.25066927445143294
0.39199475355778823
0.020297782319404326
0.42066081916316189
-0.49975788107903241
0.13238159225335205
-0.27625797645236905
0.55438540626393173
0.32713988214825557
0.19777562159146242
-0.36017457079621723
0.20406806559909749
0.02614688416363729
-0.073397024095922234
0.076049542685299232
-0.53091858399478098
0.54951728028792313
-0.42860112623509228
0.032042250812422304
0.076518901191925739
0.14475168036006833
0.00082553462547515165
-0.068704055942943529
-0.032051606546999171
-0.15436022465790183
-0.077259385610143463
-0.069757864597806821
0.41553790629721632
0.1515341265751575
0.034629477477901162
-0.097769073269450141
0.063801293749882595
-0.21184404443660312
0.25340871435350087
0.36915981253906566
-0.37751598662955149
-0.012843208669006366
-0.12370363101138304
0.053260771052112611
0.20662152703931258
0.17836383897871827
0.10604863607993813
0.075186772345303118
0.31265206966688464
-0.50021561255876135
-0.59892696278683055
-0.063386305689219422
-0.41079395999346152
0.46707231443702812
0.064135876530184793
-0.085770749503795637
0.33883829485224681
0.26346519329702556
0.32859290705474142
-0.070792632115254037
0.3124160276068435
-0.21305418046832852
-0.37195939014388729
-0.19803914564218214
0.018691960782401259
0.26899996690110378
0.21681384385921426
-0.41266991649716467
-0.093959983944191347
0.12097094243919013
-0.045584472074055311
0.39217131927687077
-0.19986706855656572
-0.076839201601373988
0.097131898458026042
0.24116530744134179
-0.37170898332469787
-0.16955559664922942
-0.11608814322533419
-0.16246577713959653
0.057817493473447709
0.2553623218461063
-0.037343445083927708
-0.47852435344968275
0.12518257079985287
0.84963355355051462
-0.39274081312837988
0.12616383898345154
-0.19318317096118073
-0.027040413886554662
0.025023730417710416
-0.065277300563918908
-0.43789676155922519
0.54091640224257775
0.26232837547154142
0.059569150393454146
-0.68825192585279138
0.029928055456883925
0.20689930658384137
-0.32550855854275673
-0.04296403295539649
-0.070527103718763987
-0.45434650061498238
-0.13611972367823555
-0.20985338843861698
-0.27608509601203174
0.47267916179053909
0.17590960054553234
0.028149640289974503
0.58034952828343833
-0.12672545143655439
-0.24685725590446955
-0.097197406667697397
0.15950751573343835
-0.14861355385748864
0.28482705165116334
0.38235732779327258
-0.059408546094654069
-0.27301285393535735
-0.14656078334924949
-0.26735721524911765
0.55116126428828216
-0.30960200424952466
-0.10235264831102957
0.26440184485615059
0.52907189741376892
0.21014199900147354
-0.30155145060813382
0.093484158616649743
0.29678687927915409
0.057978671862586914
0.30981482586295261
0.12487295235779027
-0.035376809664729066
0.39337238662928398
-0.096255094805384772
-0.65376791465600048
0.65756271193337412
-0.11040487357096086
0.18580421519497983
-0.085085291524593765
0.3132518452968544
0.085407752517606392
0.026688961251624278
0.47405990655206293
-0.35036284581104432
0.11298303292075206
-0.081100890816568266
0.22701930815621002
-0.096996067342393757
-0.40125407636089583
0.025018337720791005
0.23928203943083534
-0.17503111136367833
0.044331103010563366
-0.062830234587750486
0.21432761061886157
-0.47316662535134296
0.038411374443166835
0.36162882224850668
-0.061963431798036622
0.20746956071535255
-0.19280862073830293
0.068988627516756218
-0.4678893286031261
-0.17482627092613184
-0.11878899236751098
0.049366129138564696
