0.4830950923022666
-0.15101182468792176
0.29461978488927548
0.2631895630967247
-0.19638025211037688
0.67883771455090947
0.0035491953690889831
-0.2162442543146651
-0.39140949815386417
-0.076975081264741146
0.67954660148757939
0.57062259153298822
0.13377774154958127
-0.64809501464765973
0.47971042267955649
0.2550021008924126
0.46794120627077407
-0.89667453743133496
-0.15544191483728684
-0.44698519511139839
0.42249332951907786
-0.28834760394163561
0.13894799436019428
-0.56121663879438655
-0.64991464211007166
-0.048111986103484349
0.13713805111202093
-0.13338246115535904
-0.047326207138636854
0.41557831783736809
-0.61458222868197521
-0.46520927525819677
-0.23227635761345361
0.14830842554945903
0.82059561596528563
-0.62042826157158393
-0.61079074275772649
0.47602357769636572
-0.039316748790979676
-0.4147949267194368
-0.29173918876571331
-0.54162223663602882
-0.16255022789975707
-0.67499423130672387
-0.53935596469582181
0.093154195388609612
-0.11235602537122058
0.38636570210219351
-0.61911083285951429
0.37167723152350818
-0.56503255814650577
-0.19430217307617667
0.0012846285823489869
0.12070840162537651
0.40768423717802504
