-0.54867911574174222
0.68781554226372055
0.025418969208453976
0.24264541194358386
-0.78202816182533752
-0.036571245935021035
-0.066648346762313612
0.78631997205621562
-0.51923152319729116
-0.609609422874137
0.27454312455959373
0.33738003375057141
0.20969711164399452
0.52225971242211244
-0.1504223268439781
0.28913540363151147
0.1898086222506265
0.177459351104195
0.71776600557179659
-0.032702517855752171
-0.44123320714923919
0.23387285438754132
-0.36485273497743437
0.58237498422679623
-0.093181312114592171
-0.2831004831822268
1.226494700116777
0.289579881494754
0.23187397524681019
0.11963398157736102
-0.33205971789944294
-0.13105901198743938
0.55320705341382392
-0.51316553755767647
-0.22786290665624617
-0.27310514784168821
-0.037108146586160351
-0.26893054148266876
0.74337633521743429
-0.70293062703656728
-0.65631781337433082
-0.25887521370239075
-0.045254175612916246
-0.42418525766031873
0.057678233156013795
