-0.32325896424197709
0.49616697563159429
-0.14335845171212536
-0.2012045835959993
-0.24361370367653404
0.093526188978186708
-0.14180883861882665
-0.0093586664638511344
-0.1725157091239517
0.22884564441128552
-0.13057011253424752
-0.47687945374241003
-0.064687318584873046
0.35362026834303256
-0.33330648545353686
0.027361225485161959
-0.079551857328500383
-0.45149509337665028
0.04728110256283384
0.013642789213079622
0.0094909240656175804
-0.32155873732792756
-0.33777849267060384
-0.35286698007298412
0.30063060127501418
-0.33533119318536309
-0.01070101303376729
0.13581269859136891
0.17855028523613239
0.04252355875259059
-0.023305644845402238
-0.1060212581749564
0.27471310010338057
0.051964186740674656
0.21037538591174773
0.24812680474302595
-0.41165088785006104
0.021609684676210474
0.50701263907863348
-0.2812721217892562
0.24909070182954388
0.3262172003941512
0.0089079008454078651
0.30109365122022902
-0.42432208748339217
-0.37850368962777137
0.22471296226783341
-0.02910782077828955
0.0036911142789477088
0.39962793381990891
-0.35783502827025904
-0.097389721397885293
-0.20374349143191536
-0.32250882875216719
0.078387650917867618
0.076638016945376891
0.22755593988556994
-0.03404638612171916
-0.10480879196923663
0.10501733006585652
0.30256825960970152
-0.078594176875275826
0.27337738224403768
-0.065457708737730325
0.0050796646121823667
0.21354623148616944
0.15814883116261705
-0.17709482409832553
0.17215547800665557
0.26817424814156698
0.33548497647121567
-0.5011337782157077
0.16111490837612524
-0.015201564632273878
-0.12514467524830483
-0.35527752071619073
0.70611361000503592
0.36609559602404224
-0.14704221240858201
0.21784771409994239
-0.081093172287231424
-0.37801854142041424
0.090232038252496746
0.43256494407636153
-0.4325080870991031
0.19625420496233462
-0.16399504489720346
-0.0067597620275339654
0.052907390208657749
0.51218400987842949
-0.053142578799561357
0.16784029906595549
-0.21661964647495455
0.026242938922003398
-0.38071615884830234
-0.31957912985031223
-0.079597886223538319
-0.21125133045027514
-0.030197824191763385
0.068768680950659702
-0.03116900389953214
-0.46846978843740689
-0.18824968206536841
-0.18605139951160854
0.041507614719804485
-0.18365212750227594
-0.15719893157753201
-0.14365287875551291
0.070448235371743939
-0.56520857152430037
-0.24626241835648888
0.10017202241795038
-0.22699843828281965
-0.54527667193617857
0.437491052756179
0.2776200829841301
-0.538892292072637
-0.13171843820932089
0.15828078731121487
0.10763463493136766
0.14866718744939239
0.37280702208377037
0.1562071188797822
0.31779349877450785
0.058332064235431864
-0.096032516489365102
0.24265987302587386
-0.0088233314725620956
0.082434129540532683
0.07642958810969111
0.40503521048432356
-0.053757902482961195
-0.13433110488940989
-0.019089806641333959
0.11579319383382931
-0.28897740587836029
-0.58750720928602562
0.26914320222386279
-0.28338510900205
-0.19079147173212541
-0.1401838583440318
-0.2482556873135173
0.19890418159748732
0.48722310247516204
-0.24258475593783904
-0.30673426355582434
-0.028850768913780647
-0.052263560326304477
-0.046183937753414318
0.1827186463732646
0.26342819532243983
-0.026269268895604752
0.15455148217571499
-0.20793906540217125
0.37270716607228838
0.059602950944421508
0.1914843684743873
-0.034823915219126915
0.0090967770857832402
-0.043289459392016609
-0.25052992436603211
0.49973822984005201
-0.055987697147020843
0.21029736607001207
0.20641854271007928
0.46939352524200129
0.14573960573049938
0.35159977793953262
0.058223443311299423
-0.056340974313667358
0.023652936790466379
0.25147428576459485
-0.074423860019026372
0.27447108641109236
-0.015067818001062598
-0.21496584226239443
-0.31182206652493277
0.41471370946655184
0.22388333608774194
0.21937572504745381
0.03342897470993518
0.53222447425113328
-0.29102876603749678
0.62843758678964656
0.21434213981358866
0.074864643186319177
0.065614943899195116
0.017869841331791307
0.40187713507791462
-0.11765556183688512
-0.024360957011969105
0.7884182094775446
0.20109858839689629
0.211156613743852
-0.49998776893437619
0.11509360884157177
0.19629302899703363
-0.37590783585854415
0.29321113721080028
0.14569002248259857
-0.025093387372669775
-0.12800830390471246
0.019503575157730501
0.56063920307681603
0.29869974498439822
-0.095408102233678363
-0.086483739727916634
0.30772136110706932
0.55252514650057427
-0.11302403200892058
0.12956597985276991
-0.014534286247095126
0.11153415239061087
0.095016993416890641
-0.074982956296974254
-0.13638094663203185
-0.5255619711188837
0.3331262505312092
0.15117749502231323
0.16473472101347153
-0.71088625065716637
-0.0321278608454185
-0.12898991825481246
-0.13749621057770983
0.6476687463388785
-0.33708297652062091
0.53753828679427951
0.23184014583966125
-0.044906245792068963
0.44634140235167336
0.26990826739944074
0.096066910225620653
0.1543019001044868
0.65537607835914613
0.13077899066717985
0.17006416685696582
-0.16980316772536883
0.14121742400424056
-0.28464023749827388
-0.3975458702582112
-0.70664991435828162
-0.045490339592918934
-0.56279365937885106
0.26840589243670099
0.026943106221154974
-0.17234676888773018
-0.31915910976824557
-0.7772946889434954
-0.44294094825389818
0.22560633294093865
-0.069121556664545308
0.65015922157150852
0.16468965860717896
0.28606995887488662
0.06850746704233393
-0.18316418620616889
-0.1085581517567924
-0.034540281065496885
0.10952089763316633
-0.15041971092630149
0.61900451401147427
0.22918744344390568
-0.49380857436498266
-0.092339057396812682
-0.011032776637209476
-0.34441208965370729
0.081889129923208973
-0.13032219233484604
-0.55331557055155856
0.023952201069028796
-0.098639289722473933
0.053433843109310264
0.054820851443270389
-0.28225898853303499
-0.34556935231486946
-0.38199419206296886
-0.2941544853467431
0.2961249192303681
-0.016178924929738183
-0.42318877220766615
-0.017807277792573704
-0.24816769835524313
0.088559846407265164
-0.045227120569029902
-0.21878955729290048
-0.35110923399042471
-0.12523667577551817
0.090220103641809213
-0.21372917597811314
0.18375968768764486
0.2164732830455201
0.10566454475619821
-0.19756346730957022
0.1828811741835695
0.14329521712869195
-0.2406487589118505
-0.17617660982170533
-0.24406534707042732
-0.080608837726895602
0.39883905368330053
-0.31828867160747376
-0.12899816865258013
0.23207909482479597
-0.2915841906249701
0.29244744992410227
-0.035722472538204021
-0.11483281440274763
-0.039182587769412414
0.32202791111522733
-0.17209571081827593
-0.028315190052220846
0.060451008765129634
0.041227841331197314
-0.057854606218891824
-0.0053662986705674274
0.099509612637459513
0.48735260334342806
-0.28374748301641667
-0.0053316550482640848
0.049490256236278521
-0.40818965547429059
-0.16803984168196009
-0.11030594303626294
-0.24852498105179671
-0.17921218766599162
-0.10738321571166852
0.025438875858947833
0.093902988064197501
0.39002010569392292
-0.36087709121064571
0.58518561522312029
-0.39218672783820963
0.0052872048040089386
-0.20403498655667296
0.10996250983180213
0.2710302239073698
0.0051422170494738791
-0.017583968559218035
-0.095903249059090132
0.4226699325058545
0.25891634109390588
0.12332334493245567
-0.6837136196487188
-0.0021055124645045576
-0.053455472980166771
-0.23997766530303197
0.1495649172580516
-0.053740104111074022
-0.33376739602768685
-0.0051522367512216042
0.19014546259794315
