0.18158670881866359
-0.020284295933147459
0.23982272717908487
0.16803458269656024
-0.067389911294087348
-0.21653684663320644
-0.30637706628615546
0.099593611955405073
0.44963191606510228
0.1619957390680993
0.43571813685379418
-0.62811796214155291
-0.021439811073030328
-0.068661970582473711
-0.046923414461828988
0.2000061925263982
-0.22559660565358766
1.1952766281064857
-0.31639942979044905
-1.0855591087792928
-0.23593501231130184
0.14133658605289745
1.140304764039487
0.34235908237172152
0.7607511407672819
0.35194416558915742
-0.13949633907601877
-0.20356632474797287
0.27119045996408137
0.4241304860718158
-0.14461009959521193
0.48962462646859062
-0.071538344589637759
-0.18523947827793039
-0.40209866622797125
-0.61250803905847173
0.39888022731214745
0.083851819504327726
0.18825344591527382
-0.1052809015510873
-0.49203105821679177
-0.34812447221436987
-0.24531604449042188
0.70666715989725448
0.79046693374493582
