-0.1410907920030697
0.47403604227852075
-0.27064413303788221
0.17336994292111418
0.42439728189579073
-0.18059683972452195
-0.4839230852004332
0.049376145999564115
0.3085712834697576
-0.43640194730864651
-0.069845833426662216
0.19946263852582369
0.07399993520546079
-0.054519248132209971
-0.22199496475858782
0.48929450786350193
0.043994330110005114
0.37040527882899543
-0.469585907221932
0.46688382946454782
0.045505152485369064
-0.39206465684327968
-0.070071571354436563
-0.1840292153582746
0.042744515126965157
0.42182679915292959
-0.018831255885321824
0.19911582315855098
0.38755097867551824
-0.20726482209063693
-0.13642541979330927
-0.14399418781019993
-0.027947000540683279
-0.13324761349171585
0.1543277382076757
0.50288783459998643
0.14167885766274002
0.13099829007479555
-0.51541928084835298
0.14276297720288919
0.78258673738476159
0.28903844916792737
-0.049408742255583893
-0.12252034770570509
-0.4597877264359892
-0.17941985023000404
-0.0063045196309758243
0.16663106678373954
-0.25758498632262627
-0.15447410852155105
0.35843584547001039
0.32273172531503719
0.071123201941640221
-0.10234751082119613
-0.060180452336863033
0.039128925796935818
0.16632953262801131
-0.44046713623953543
0.065815424606093298
-0.15264623118845272
-0.12957731179533186
0.055440244935677535
-0.36839818353894643
-0.52774807364544274
-0.30903001297055105
-0.32125654357165118
-0.077134449865484567
0.56063638659814841
-0.36051234058356257
-0.044579900329870019
0.29109023603594575
0.17341352692810014
-0.31103018792078202
0.28489100065983464
0.06781803946481689
-0.48040935790191602
0.06657048171374591
-0.20190620367028925
0.44897690239924687
0.014501487068447852
0.076040527884129044
-0.17129851097283227
0.63265029918561977
-0.014870402327928882
-0.03474122042688664
0.23640397764259363
0.027575050289992294
0.25603399922320164
-0.46610343781032976
0.026607134566402322
0.42260173691360359
0.093259585933707589
0.39810492497980243
-0.3706865761327281
-0.27718611399526816
-0.10854474714160789
0.31302926369477146
0.062911008109479652
0.1974812157694594
0.49204942833417359
0.34637946608606895
-0.27484188507547136
0.14093011921795418
0.26919732691483211
-0.13536149913624512
0.21773298964208279
0.25977968731021805
-0.30131709181862587
0.20085724282725662
-0.025741664209986456
0.051633280299261251
-0.57908419164117586
-0.37385725635932376
0.057731524171246967
0.21329418596911151
-0.48512562639379619
0.30222519167054951
0.058518968542710402
-0.15228682169646962
-0.39272866341695667
0.28984011899481898
0.0875876311963769
0.59338669310549907
0.38541661570287383
-0.097385918222170714
0.1612854415027748
0.23823035783338192
0.34152911495311233
0.44125139615555581
-0.12151826834414955
0.29336720044637715
0.27378639208775601
-0.19976565134755664
0.18169159115818528
0.049901420561017394
-0.068486826025911385
-0.10895820937684202
-0.084023675319631091
0.25914472073348355
-0.33291156890046719
-0.10069009838223662
0.36328459823548337
0.2499428460987666
0.23590658164207176
0.22360097119751149
-0.13536233586158647
0.11314653844390378
-0.60666194145672891
0.082498039857282504
-0.4580800407519991
0.05888662949379693
0.28870384088592216
0.17497195630892814
0.077875275905288407
0.1465941867114913
-0.093453453961782923
0.18011702065794896
-0.07205924715049182
-0.17410346710146579
0.29184699977934808
0.15263143135682797
0.35895686260141429
-0.21114770105892344
0.21207256770108263
-0.017350329854651684
-0.60918069368219641
-0.012171517458816944
-0.26511234458326488
0.34235308689916832
0.39330413156227967
-0.015014602383368228
0.045826396186344917
0.025861154044616114
-0.19450352058613882
-0.20864330566443151
0.19596929444764297
0.12491300127664534
0.5953215160685581
0.092931535847319821
0.014275754812923706
-0.16643458687497276
0.4732120073495073
0.062286682987370251
-0.40021644782882831
0.35500374938049434
-0.15981445274256098
0.25422257298268747
-0.90329779611096261
0.2544938129746715
0.065388259762659204
-0.33818962044678702
-0.46374745839507392
0.28808351281406858
0.15817165343120657
0.40199893080863602
-0.015255570588114505
0.39794436969172892
0.17085999259126936
0.17598442260565622
-0.28112005434656606
0.18774329839388001
0.04538689385801431
0.059997808511876534
-0.23300307574677054
0.2063727575320467
0.12339666525424628
-0.26658072009187089
-0.057068555020536621
0.089991696625793108
-0.037546060934522049
0.72169199191886468
0.041305898877124866
-0.10769435960437251
-0.029978350690136921
-0.081518063117816467
0.01493510199440201
-0.076886558950454695
-0.16703957948998813
-0.34380285133550831
0.090554750330603992
0.012279194739446901
0.30189090923939482
0.25491165349693123
-0.2954583055387287
-0.34945649054671857
-0.06226413596689187
0.37201989739046842
-0.13029678295335168
0.28573779185544129
0.21879560234549209
-0.23995827189553007
-0.28990236087295757
0.15104991612048607
0.27257144253190219
0.16307878305863888
0.31607693684076776
-0.19213269083745577
0.27373837307554644
0.39481979955709218
0.17363546004793781
0.096862796518337957
0.057561809792202052
-0.018188956066434548
-0.33238360067389611
0.022957920216467469
-0.37956386840054945
-0.39575290858862228
0.078413192900534001
-0.20812607418675799
0.33156938956599247
-0.26361622384593697
-0.07657524349996031
0.17757974241402019
0.13515493931240513
-0.29931572743407642
-0.66473610848009768
0.17722623103292467
0.010123152373157607
-0.019337973071870219
-0.045189522189793802
0.13266985233782883
0.29992606239497643
0.30288288427059168
0.14860768621068149
0.340947615441069
0.20677078524956402
-0.34571611256404566
0.1897866238728296
0.25489272155021359
-0.23891727709139821
-0.31955251835192477
0.11936986640100211
0.018312469440284862
-0.17020390406143129
-0.12975605214730732
-0.094246178080440376
-0.082923385993785931
-0.18997016597022917
0.31310810396297778
-0.15818421106941991
-0.043560889259996238
0.078700800658190587
-0.28815801431134536
-0.017263026416338777
0.15415395174231311
-0.063729679187529018
-0.27081056713597218
-0.0098444318298440622
-0.31409940448776391
0.046440057634744347
-0.063019244505310934
0.10340994817354801
0.059488797525347158
-0.01575040039017692
-0.63292549068723081
-0.013027818000899923
0.069112662368368619
-0.044598644524079953
-0.25197438087107549
-0.13636346785013265
0.30457616334621146
0.24061025097185459
0.15957503672927728
-0.019531169201683764
0.090319917630228758
0.34871340591236788
-0.12344712087204671
-0.3445777548522056
-0.10617634028610613
0.3920953057569358
-0.09803535877635404
0.017384278412141622
-0.098375140416643136
0.20252032230526745
0.22313001829304263
0.22627056022809539
-0.57507122577137104
-0.075181097959153245
-0.26949380332631157
0.43540877352058716
-0.0059945168177205545
0.18652591335262225
-0.059643195609612044
0.55977616705088307
-0.039976388534025603
-0.27840099233565208
-0.13658202966575839
0.083355641687980611
0.11755457588843689
0.056326385124953714
-0.042304954584411546
0.3379511576288427
-0.10552567109944526
-0.080501025170052642
0.07158669597288228
-0.079840185393607474
0.061580513952488036
0.41868090585264128
-0.16037179864311929
0.13378820585997242
0.29980842627157689
0.51844600398457263
-0.3470771288949378
-0.044559141909746601
0.0045838895154430518
0.20995552773828713
-0.0038300557182429505
0.024271245035373253
0.14989028426317658
-0.14027064830232766
0.060290662802483089
-0.15480868173963766
0.19526026180511885
0.087018095840456763
0.22953943844964417
0.23134993390733935
-0.02944408296441739
-0.24233704239683712
0.359847491971239
-0.23005506266386216
0.039571616513665482
0.32605525977125849
0.2376587970460102
0.086595621046527294
0.086689928633319605
0.37252119983012488
0.50365546792861327
-0.43756458361904615
0.35425174658203601
0.13165200059534168
0.14803531343073831
0.14358844570946289
-0.068748413601672109
-0.023912188466833996
-0.15535386416465652
0.30082034797763391
0.25959290982362654
0.25545891518977953
-0.12539999036954722
0.018136281504153515
0.013573510883295595
-0.0040806383416775779
0.40559923380193141
-0.18124793010605766
-0.099631412340402278
-0.0085976848535691784
0.40261001576826411
-0.18477067059970376
0.27878952355510705
0.15435133176112428
-0.038231191931221285
-0.014078085136537783
0.059273330890754886
0.51085312200014421
-0.27130652859976301
0.27649637265054428
-0.18194572587610899
-0.0609265026079229
-0.0085177092735947441
0.19895244865582751
0.096082591029830952
0.34125378598121436
0.0094511847181414643
-0.13492935015633661
-0.19004954699283338
0.082091317384007462
0.03099667827182228
-0.25133751055220327
0.27608638401143554
-0.035638906873568361
-0.25542224878950548
0.43277111922576877
0.35832034254236711
-0.10106684782697692
-0.15225779805424203
0.10256856508992263
0.15797808217226
0.010418855973857536
-0.17486232768733131
0.16805909085856752
-0.068150623253621409
0.35160790254787111
0.27506813340674441
-0.078117984800712886
0.46582894418840304
-0.23195486788957795
0.14689083253946389
0.17817705389334462
-0.14039998916034394
-0.23314426475404909
-0.23502637545733307
-0.12161472953122804
0.057812998495440179
-0.3050604328174385
0.26807561163795357
