-0.63821312113808026
0.51151889450735322
0.073163724507489286
0.6368270381125356
0.48976743263950756
-0.19154320011273152
0.22982028922132139
0.95387519029193313
-0.044998498117710561
0.18780983817678354
0.13522160465950062
0.26090912104639402
0.19372691870274938
0.60049354228159935
-0.12961851715678022
0.33712450825303447
-0.029933714199557152
0.16826429591644781
0.58776697841191672
0.60678199860608928
0.24784240377862932
0.10860206430599792
0.17822668678750861
-0.33256880530628707
-0.57857475233173494
0.45786327272503535
-0.2947166447004253
0.60872140480881487
0.013957603125811308
0.10677328796886675
0.64305698877074413
-0.1957486204329667
0.089669092415962742
-0.41591878795415593
0.30788863170832714
-0.044394132564437173
-0.076970405077419507
0.071745698573179015
-0.037297813068012914
-0.93207882011802223
0.53108896963396668
-0.4173301526907025
-0.2979962231963369
0.620509366955178
0.24637763236176882
-0.4039930302111906
-0.46896339684812521
-0.60253403002756145
0.35462417415422448
0.40058986381377581
0.29144240000214222
-0.17396310575963259
0.59445698233994049
-0.17022788460618465
-0.34987311323862808
-0.10100487482395389
0.12719115736183931
-0.31763415046352755
0.68586192732034668
-0.5057120687753256
0.080727691574942514
0.53223343843795357
-0.52686385350814624
0.062780783283790623
0.16027436808509241
-0.59361089851168214
