0.15979720798995919
-0.68767246460187126
-0.10964615093858149
0.18367574208825713
-0.29187137795012491
-0.683420276220573
0.088182835019710082
0.26403492109059773
0.050729184125034674
0.43500796177998408
0.23680133656151053
-0.67131770801644874
-0.18782005600205981
-0.69404412327631304
-0.32701214041747895
0.058781476160864599
-0.38201994805421557
-0.55365240781804193
0.028528591868599247
0.14245654299283958
-0.4410100882377524
-0.2879813758429568
-0.32093259736705904
0.5207116264848094
0.026621378174074718
0.2415158013378125
0.22399134496088408
0.0913523736069871
0.28416762822459274
-0.3049882657623319
0.59487285555934477
-0.13245616329384105
-0.25213007681634925
-0.80294133790482836
0.18090689385911082
-0.53103250237691435
0.48302419517859785
0.4293678270694925
0.40726869302220142
0.22685540928558179
0.52862397013858398
0.3132255396680666
0.47035984417871984
0.15319264937010268
-0.034487582759936734
-0.41421513089109047
0.14611289506437911
0.078471626878325582
0.90285914157726599
-0.13998717282648887
-0.01913079195964924
-0.43591817395655164
-0.17069695996101114
-0.0059515772765223055
-1.0488214957068105
-0.50271400690816626
0.46915814419125768
-0.017492626692483002
-0.2101925214306497
0.18203321342033882
-0.35648242128069851
-0.1188382935494111
-0.071485411346636274
0.25804858349189641
0.74825683451327363
0.056273765608227444
0.74354635009912173
0.33995768521702102
-0.25292432693795341
0.021533717239620508
-0.21078775529859489
-0.13534270683480137
-0.24608243024938103
0.10960373465630037
-0.3557533166712239
0.62612043564680442
0.53049902181208697
0.28771894965295985
