-0.12530840445944197
-0.21652991673654529
-0.27912647090402259
-0.027698689185548946
0.031885255430563517
0.43964963653289169
0.96285220079153722
-0.096916007120829956
0.23075698855503615
0.33241027421362651
-0.74632208098194852
-0.054310073549697864
-0.074812099690252057
0.35878284081656453
-0.036869798389678458
0.23832974928198164
-0.55053875211644665
0.51439683262342417
0.0075779511948765354
-0.068671618120533323
-0.22441988534694332
0.39866128797785633
-0.18631583124774703
-0.22124761677362728
-0.15262505358255762
-0.20833188226363877
-0.012877427500266237
0.17676854959290433
0.34570160069212108
-0.064778500093986072
0.31418876801054268
0.022702175050354184
-0.3206739229291925
0.050247640489186861
0.1689410205284172
-0.32763002349109371
0.21269164256556961
0.12169334293492044
0.01629943387956867
-0.12228573316059139
-0.006117719347749506
0.063693266271690793
-0.21784014855680664
0.17026988309245247
0.05711442661998941
0.46685933353566389
0.17442301181897821
0.13440384498454336
0.59308815042336527
-0.27311257697807023
0.15289392300508459
0.74106923689271875
0.10170944301868794
-0.57366530552726713
-0.38408219018927531
-0.13979608343111211
0.052485881051018549
0.34048357697076403
-0.33266279014767725
0.21055458622568188
-0.28728416246864541
0.0067094850724136006
-0.05538126106645775
0.023757363948352515
-0.049574298959088867
0.74566346287810625
0.055600733280967721
0.023351791232920843
0.31320993989604801
0.24704838634411097
0.0073926200265594958
-0.24127588226795996
0.007308683887050773
0.65703373294626011
-0.0028003778771488225
-0.36400496170477814
0.40942997267034603
0.29869805385690051
-0.23098009167744293
-0.054749795143446044
-0.26009732972225053
-0.03959722014416471
0.18312055306388791
0.44485365229698015
-0.038947264952571697
0.15775514778756114
-0.075767949034676832
-0.017935375094797448
0.25500202287616619
-0.33206887730527118
0.28130177191139788
-0.2182373864359774
0.27988277398965666
0.37323466522514898
0.28098224781389652
-0.76712361556496633
-0.40307429398032557
-0.30451713348209253
-0.050860070593468705
-0.60623061186779537
-0.10951934826165988
-0.26378462037483763
0.11982701304215762
0.054708991167778095
0.023991913694359136
0.33553104886413448
-0.25463912106047698
0.45853755747318459
-0.3885377069112575
-0.16243114353108323
0.046262121692990134
0.16605734660963073
0.17802042861242237
0.33343946216004328
0.22334359395105702
0.36470600973816558
0.78075564635094796
0.43432773400386393
0.019819303023445575
-0.18604469653404909
0.033395023425784119
0.15975210017159644
0.21756583393796233
-0.16535154730420937
-0.23594228659637786
0.36598473158382389
0.32154108935227482
0.53512877553061344
0.0014443188067979264
-0.15539747867519571
0.80629064419956897
-0.49745656516192638
-0.02235357193460423
-0.26522994088322971
-0.0043453800644652129
-0.53254391434904191
0.18538432436717986
0.17742161982627377
0.084459284076487354
-0.32931351835478906
0.23961708855070649
-0.53292556113162903
-0.66218649069190072
-0.60812753128713148
0.233793654504036
-0.11798177626607306
0.15531217898129437
-0.0028743067226764687
0.15537454013233892
-0.22052044877150181
0.33151195891282287
-0.23008713916775198
-0.21968888343578963
0.31386750149762893
-0.16571573130404785
-0.47992032538631013
0.32856699078291157
-0.093662839616496504
0.25085596317114645
-0.091381465168638459
0.31501125830341864
-0.11905127022634276
-0.1502445140162933
-0.36129161842977481
0.095005473069719751
-0.41098317308160187
0.012174383336539935
-0.33515169275625373
0.26490402694003407
0.37587742662928914
0.24105183657971724
0.10288285127274528
-0.1060733343426694
-0.1651298748028073
0.20432667813617603
0.53950481414015361
-0.018116290141749234
-0.015361813380538726
-0.00077585403950822544
0.35344304614038941
-0.39738953606109279
-0.21311273455846994
0.12533469722093438
0.32716498544404427
-0.15663343703150756
-0.10236517447077104
-0.68482747205333994
0.063476644246917693
0.0053107462135375998
0.68477056152415017
0.0090196210410486578
0.0050106689159376688
0.31103796208600054
-0.27353912670660202
-0.073100471772730546
0.14625090321309417
0.76187400216487022
-0.0066733222812645591
-0.090825194152295785
-0.63313799862392528
0.18418782724246938
-0.27821339825369679
0.26393959476240253
-0.18459928627644837
-0.2613335528813629
-0.24310809818135795
0.20163786871649489
0.14316432552466041
0.0043386799685964199
-0.0018497316233025648
