-0.0497114428466989
0.022827164309820232
-0.49927830054561428
-0.10132681115390368
-0.37891122625189183
0.22559166093360855
0.10699235330113681
-0.14383067404900904
0.33202896581893737
0.17531189319271245
0.23309083516598364
-0.29231306682657138
-0.17032938794490174
-0.17669368134591823
0.064748922496774608
-0.038735131342565454
-0.032854611053112305
-0.26044862659465412
0.18383453571938524
0.28212355444203158
-0.18624795142599451
0.30896198294241473
0.1535255561008726
-0.15815857261690422
-0.27454888322526627
-0.069903246790848667
-0.087451224610302955
0.24453787198642202
0.42381198116142305
-0.082298082876471348
0.038890930488546971
-0.33407224931080876
0.38692150398528108
-0.37422426158236333
0.26338370573377301
-0.14865051993047493
-0.30453820036483448
-0.31043187908614089
0.26185761734834706
0.69068000643078675
-0.0893428215138551
-0.34290264914500579
-0.62056455809046507
0.19791148050046919
-0.031953758847934374
0.15475639906703714
0.04095121422536209
-0.028138645116935548
-0.096829222620924804
0.033169998202308801
-0.18126240777900277
-0.097466124831664461
-0.068132472318464074
0.00079990242466001225
-0.059089732051230935
-0.29083118910249178
0.39783853745017711
0.64847276450655744
0.26574132427375324
0.4509814013611676
0.30778227128187297
0.58114884975779069
0.057871807649539572
0.1799207971085387
0.21213675910428842
0.38197292760248525
-0.11559491535452047
0.61725515548481502
0.40567000265410702
-0.32478469237158586
0.43150475553237649
0.35181163051094283
0.33071772039077635
0.38823632062279734
0.44178570185879917
-0.18974532510308761
-0.014443895521228428
-0.35411556160307445
0.35767837859922247
0.066197733191241101
0.15829612255824999
-0.14557623696137595
0.59859829556700961
0.064929932972413104
0.090819357695655606
-0.8154703500490702
-0.026939036978363518
0.14367225495587826
-0.58870276371568231
-0.20190890658601715
0.011033003313055333
-0.47311818480818091
0.25706417379695479
-0.40288036673093625
-0.34807500045117634
0.065979949313799691
0.78486313906938487
0.13401037430749366
0.91072995753614616
-0.13083755358976076
-0.1931206081190715
0.19139628033893052
0.20807448797399558
-0.60060777035308877
0.2986736722884446
0.046096817339538368
-0.032600484083465567
0.16808099279137853
0.036687615643986315
-0.28685095494095536
-0.70681559373581127
0.17430358148798344
-0.041684060571439502
0.47669893059512203
-0.089179332877236395
0.1773430013561455
-0.069688218709750116
-0.06364900125836237
-0.16020084716318683
-0.59790380865284209
-0.71757026049525374
0.17498268453365312
-0.4759477722109004
0.92605073120213732
0.30541938039464422
-0.01819606314808277
-0.068676861439331577
0.56065078080011266
-0.73970127701951693
-0.12627992607926453
-0.16798376631459913
-0.099005837661078816
0.38049073261605937
-0.15232551700887498
-0.010314885047358993
-0.0060958093847868853
-0.46091617320622408
-0.24968287647466822
-0.49713257425756296
-0.54454974134189915
0.23536457050096915
-0.060135632960691937
-0.41880283228640458
-0.33883637506006542
-0.15181787802441918
-0.10863259355507286
-0.22178797262453612
-0.6208203175107756
0.25009859632564679
0.098658961780432888
-0.51147298342917502
-0.22815567367451403
0.15917405907945148
