0.22177269511148012
-0.11063861046650925
-0.046464790393286201
-0.011357466218363671
0.16922575779437066
0.46195606356050489
-0.32404126696901392
0.54768141937340953
-0.025269058580554556
-0.3429127463309995
0.50611137395068695
0.45276386882844555
-0.33092879443403983
-0.043074043637792728
0.97492448027284673
0.15280639761135295
0.064307142488795155
-0.36754841082861611
0.60347593700996127
-0.13664236779038863
-0.60417291304989285
0.094830440445419828
-0.34189431988562485
0.71351808853686349
-0.19190060063016917
-0.33835426892112402
0.026056920897970189
-0.07020641819151606
0.046165657433285885
-0.3422230022392444
-0.030250829406814582
0.32004419018176961
0.13552491141385792
0.42689875087512041
-0.51437630156420966
0.32947365267780759
0.46538428636095691
-0.86765855237944256
0.068780610755789381
-0.77717706680328102
-0.43503594831950243
0.21590994576886346
0.11423369074445794
0.69863902595766736
0.14177473288297818
-0.10484340710112601
-0.12815202714764601
0.73546659712160578
-0.22535274901964034
0.0649468706116407
0.67413474740962764
-0.17272263995714568
0.12293755871452187
0.33015119894129685
-0.50901343921485354
0.48330280518536151
-0.59442375034784301
-0.447867754850025
0.14182587817374331
-0.094110245933427511
-0.24798757054899134
-0.19197723006358564
-0.18688735476345986
0.010327330628241345
-0.13315702002386501
0.28850825955997517
0.51432659301640826
0.019381738535442145
-0.53317443410318577
0.040060362280230695
-0.35865443571070987
0.58784641535490356
0.0385821097825177
-0.36429638529709507
-0.32224816881749369
-0.09424546237936729
0.7867202408611158
-0.61773901058602487
