-0.49400915064435802
0.40765878020303059
0.1003276032297854
-0.11551683621278394
-0.1031400193670519
0.16164614762383728
0.0080357700287633314
-0.04997670471499352
0.35744691481096152
-0.21145174403995246
0.29219083390558093
-0.083273240151201314
0.22924863901692041
-0.56737137088464473
0.28498812861426487
-0.0010989602132804709
-0.21082784986780204
-0.17564155459956898
-0.1395891262925652
0.18179794720914957
0.40572651044459079
-0.22378134333750754
-0.49744628708513478
0.069435720789922509
-0.39931158841259595
-0.15520895012968325
-0.37301467348025236
0.31749335896031361
-0.19749833711163245
0.25735467490148894
0.084058106331437746
-0.12890333677040275
-0.15652937122030949
0.11529686939824305
-0.11031487570224734
0.21349502366619952
-0.032906871403563208
0.61902434602043865
-0.28542157135779456
0.25846311864690719
-0.15026289792558217
-0.037510432428379016
0.79333903384218096
0.32264528277111615
-0.13699364072058362
-0.5987842918082138
0.33565706214999325
0.32144406788580493
0.22050165209973654
0.17178428116096603
-0.093435467949198936
-0.10509587466032579
0.014047420884587235
-0.25765142522342738
0.21880455165476909
0.19867742619989165
-0.18553128515340864
0.37111065977384095
-0.33050414247873705
-0.017594829589857402
0.43374087855942478
-0.35990409323443728
0.460700293090549
-0.45077336324367551
0.47728173165502902
0.31417753084241001
0.084817663834034454
-0.21813648190408125
0.28205366186449454
0.09885538888781209
0.12033679384092522
0.012934870928940332
0.17354851277390573
0.16611169679917356
-0.25362119198540489
0.49554726706919983
-0.35492957878491077
-0.11717346511974029
-0.3144919376633693
-0.023332861808461544
-0.41688025186487393
-0.40234915100481883
0.27869544352175157
-0.077785158924227701
0.31664527966449224
-0.16938850069949282
-0.0976983149393921
0.31057606342928978
0.14870467876959906
0.43396833770815207
-0.55123494423559771
0.28927922225325836
0.63240697407484769
-0.092436498495425859
-0.10426197975654021
-0.48573667949038352
0.42943504287733031
-0.035930593329210919
0.1149195044606962
-0.1657194415975719
-0.011350926258528625
-0.3830086579269017
0.3531770885914719
0.01880949802578108
-0.41169118466826243
-0.44261142708313878
-0.030551903396544077
-0.092568727946168244
-0.60570484961250093
0.17571443787518118
-0.29239653157392109
0.33651194805375206
0.75624696328767327
0.044159965684466021
0.186453917318323
-0.3214248092655772
-0.13856966086982825
-0.086071665397077265
0.41036883926908152
0.24884584094441478
-0.14600259474303323
-0.35267592349255894
-0.031225106575033728
-0.11812706695691384
0.42092075526021566
0.28864281997691205
0.31793705254773169
-0.038111681874888559
0.2756577860047848
-0.27296423916230661
0.39803597940203284
0.056798015248037605
0.16938316054013897
0.48956776417516479
0.14473758011424068
0.49236142262096133
0.47248231163467963
-0.31605514934891304
0.31082167731042121
0.17689397312958358
0.31115472261712929
0.22184902426762718
-0.61475021962799714
-0.24464071444869087
-0.79006340806906994
-0.3076458873451412
0.45618318873917402
-0.58224210197057957
-0.48817268578629486
0.12128849681022286
0.050306273722377642
-0.36041845351980151
0.33992928920325338
-0.25167075917823584
-0.49803850555150747
-0.14011960473133489
0.18587591692011651
-0.56752405579105258
-0.049379347392244997
0.20694584923271633
0.57446830719071496
0.024154396283655857
-0.63705650923677415
0.0047001044213207379
0.12066849684862269
0.13000549185636684
-0.35111370634858519
0.044929878965576646
-0.52396052028263751
-0.43240509700776381
0.15326171498417265
0.22657386161959592
0.68201080882468745
0.16893925361304746
0.28574336853390336
-0.081178829066075764
-0.58241149502618594
-0.13225398196642715
0.032164691824626154
0.024730560775234944
0.099410007466215686
-0.11873921079898471
0.055555788972480515
0.20929684238763627
-0.073216851449670523
0.06745709171494696
0.2740777081800827
0.6675285646317336
-0.27245248773302067
0.166960599111937
