0.93809853763407436
0.65518264878374888
0.16200679248458222
0.033247471841927959
-0.14320828300596164
0.17536850870760412
-0.18633579828375113
-0.013170177678727614
0.45590558169024037
0.77499983604436273
0.12334371068478063
0.089877801105302121
-0.25651989999706259
-0.13226964391769752
-0.65424286062832937
-0.81765250635765185
-0.85287442007448078
-0.40180640953471608
0.57044106561014085
0.26310607314926676
-0.60673585107508909
-0.23894879386732243
-0.086630669555133752
-0.47012354182420674
-0.31777615988999719
0.12814971742419667
0.11646086021140908
0.11573958565441106
0.35867172266638575
0.56070267785015604
-0.43750720651883029
0.4157732964483179
0.45226939697820151
0.10493598532438879
1.1955973375256759
-0.17787591490306329
