-0.070999151281349815
-0.48141523510610373
0.42624999512199835
-0.2589852680468806
0.38933562001227595
0.57899389601930884
-0.24722661834776791
0.077770589288177594
0.19667985084775064
-0.21112359703080213
0.24308606933173446
-0.24108163950138453
-0.19368513884661395
-0.2428628254379438
-0.056144653084486143
0.065496614466300659
0.02794447402188183
0.28731787782651869
0.034535726155286287
-0.0039830955710342154
-0.73248439978048874
0.18197655876955007
0.20622683717876394
0.36414042739428454
-0.45115836140000332
0.1911547895870456
0.25615634973731061
-0.46000462248982854
-0.030957116725476009
-0.04246168897382515
0.14752320690643786
0.18444419319002017
0.24332781367077735
-0.045766704977805592
-0.033441290160248154
-0.4751010138580839
0.080922673282248447
0.28991111771769479
0.50439404351920913
0.12481094337162522
0.22136130164110887
0.56155947082697411
-0.47989434289324223
0.0033391620003167554
-0.46423591286266641
0.04568459636338975
-0.13691655501836553
0.34863991052576482
0.049247873295961225
-0.22094502256875084
-0.075223248306646395
0.2608026273075304
0.25649038200502566
-0.44833932284873501
-0.19772954194288106
0.43557443496791748
-0.22364985578090379
-0.045221007762009782
0.42022614667261959
0.2716109289664333
-0.17074120149575756
-0.18088403077124879
-0.28137043530284522
-0.15891789692397867
0.32180687657166962
-0.1263248745322518
-0.13105658424707547
0.070902327794289122
-0.31790955759633821
-0.13987917140536676
0.057720995651688804
0.28771520685643709
0.091190610565014846
0.20220652802676731
-0.084599046709236708
-0.14825273483755896
0.20960312374439974
-0.34829736160295466
0.10077005407699317
-0.26669464196625176
-0.12060083258756629
-0.28952062401061751
0.45321693487804743
0.43422465022259704
-0.17775799478517745
-0.12763926370564671
0.33891351848134427
-0.0071613232419054157
0.023470127826172933
-0.12336822678903178
0.028675699779248609
0.23468881986668844
0.19251258380602534
0.21332528862875452
0.01222997530414451
-0.0066768557218221366
0.44269289110775328
-0.25804984001092107
-0.64348378222670233
-0.074830145218742705
-0.29581237409916139
0.13340259729234824
-0.22499624849538866
0.061635493138359594
-0.35533510147062847
-0.034920768976248372
0.085807126975016162
-0.0071915351541056872
-0.25836301408639278
0.13057506548671094
-0.24298410485939961
-0.015726341184574867
0.1074837394577839
0.57741754674585144
0.025937646687374537
-0.1641244033396928
-0.093136286559308556
0.13118584696566343
-0.49076860474835488
-0.11331784577538015
-0.45912177524335684
0.19805519357635643
0.31149109501682459
0.084681373775067584
-0.81760151216269139
0.19083037501636543
-0.28382710881075968
0.057689224184916794
0.10423657077663021
-0.12315953219737434
0.15968257002153424
-0.15287935842886899
-0.031630478827950004
0.050190550121189975
0.026651496697458761
-0.57051738549944564
-0.39059824252229769
-0.045918327196964398
0.2470227152346777
-0.13687237380311809
-0.36979171707298919
0.39589681419542505
0.0092244927500777351
-0.092288319154565604
0.0951457353694668
0.25146848019573437
-0.050531782914785432
-0.11348373016244137
0.098477914793078131
0.18747058722084356
0.32021602370121449
-0.56272431162536196
0.078602586497339533
-0.0039916503472483015
-0.43497479776130454
0.051414275048920738
0.43890098748775264
-0.011138121471277494
0.11535030037931425
-0.0008543317771424094
-0.44420343171312354
0.18915109671050753
0.5360581432793543
0.11417260361100479
0.070688035654365253
0.012757368303249481
0.16657775557514962
-0.38112862949516718
0.45808025506710881
-0.30626154451320126
0.14281323234492721
0.052148682860898077
-0.15990618760047093
0.21871303220981905
0.078693893225973116
-0.14922703996839656
0.434787161231383
-0.0047534136954516665
0.31724229596052805
-0.12475549655943631
0.091961947820922679
0.039492829552615516
-0.27580899038058104
0.064933109346496418
-0.095484901647421599
-0.25156047306485108
0.19184580366165149
0.17761494762947963
0.2321716279471597
0.24797253625552693
-0.24272766601344636
0.026847117283346825
0.12601221908450913
0.25978619863255692
0.16955046812155855
0.21861047601052813
-0.11232155694943782
-0.56328654677574863
-0.00049032181958122011
-0.051544656673083486
0.24458597378625935
0.27757509788962237
-0.11268312763115966
0.19671634478391584
0.16560590892812388
-0.16983787796372138
0.69200630286567988
0.30861330460284603
0.12332377422165695
-0.055239690693054157
-0.13961615378853548
-0.010906362178741658
0.30429145040153233
-0.15553856345781983
0.10293723582214763
0.384178137864222
-0.19373733424168926
-0.16087746131767136
0.54885185128077374
-0.066741033021694027
-0.036645165345156105
-0.5787053327641658
-0.32496608055077936
-0.0022768466817735564
-0.04518284690235698
-0.17195239699490478
-0.02304295683121518
-0.093148950373362335
-0.015301089654542006
0.56156406374704848
0.093706222850585219
-0.25998876703097307
-0.52754572223707408
0.13274863701314443
-0.0046272820033722998
-0.24001918735669039
-0.73323682146854996
-0.24865574286132611
0.35048940718581068
-0.05673836847319879
-0.050383980445366391
-0.17070347869144734
0.46733999091308404
-0.31329121208358152
-0.53624627857930385
0.2768698071109974
0.40574244655166919
0.50648794867370406
-0.35092620900251209
0.18066031790433199
-0.065488292744906085
-0.40630845571627788
-0.77515049608222586
-0.15996528414408642
-0.14139170724938444
0.16052775780657944
-0.013259099955178115
-0.27776896121388051
0.31497972924631146
0.032080536377448517
-0.10945584382501876
-0.037779433361082401
0.2160511046559572
-0.15372989324135669
0.057154407303370236
0.097270112782650617
-0.017303054791252163
0.48427312190107202
-0.28819676458783128
0.51035795522990268
-0.35322376804592825
-0.37663396175041125
-0.46991162982623219
-0.05447923677817159
-0.080369468346039405
0.098592773801648534
-0.085659504306258835
-0.010152621515973166
-0.10389445924747187
0.14877414610689502
-0.23350446510225761
-0.029415215091357555
0.20134092669721368
-0.60505020360566009
-0.21155471208122811
-0.068976333806788789
0.17158260968535977
-0.28950950383806512
-0.24884647050350592
0.24078913088572415
-0.19865370149429265
0.19670773797076033
-0.02926203630654324
-0.27061028670653114
0.2568862570248161
0.59621348613961012
-0.13600132981413163
-0.12558181002226457
0.24175524810563975
0.21796176187247734
0.03980607980800735
0.28888175827848334
0.08135646335442677
0.35309446521280802
-0.33680799711501835
-0.22374871852149386
0.28626293007304943
-0.21175781428533369
-0.13067259419571606
-0.060105648002369644
-0.14728569629642452
-0.18882766229552733
-0.053702829421318696
0.23668406434376807
-0.084152212669360932
0.16332430677418946
0.15207834728837391
-0.15522163699441854
-0.26490009806547032
0.19435616841087447
0.48860205681829899
0.038255844721959559
0.1145219608261808
0.18400891758949431
0.39284783726145378
0.1886759864595606
-0.0021317961121063564
-0.23489357219626394
-0.16805739451255342
-0.086772891094390764
0.3234140160554117
0.10121569647317637
0.16701492522625722
0.3596065933123333
0.28574941862267034
-0.15369086211620669
-0.3575089923654266
0.066341067883315605
0.47454468358394364
-0.087092747484514246
-0.24385966962395592
0.066006300524003678
0.029946032717189493
0.26767339709188959
0.0061727030703495689
0.26106982878431961
-0.19857438866829483
-0.29435384817131044
0.2357982260106925
0.035980162610836294
0.28056297681279202
0.25434464521940814
-0.024462223797686998
0.36626845129832303
0.409164394645192
-0.32976984817281085
0.24263355467402853
0.12675589992124273
-0.040695658890784671
0.42935002751359946
-0.14678820649523511
0.031870145116076241
-0.13995912334769539
-0.14299958151864067
-0.3778639520186074
-0.11086972013336475
-0.026677950877780431
0.40614798281298481
0.16950125066147698
0.35264972753903845
0.12477569312871448
-0.054267434772867794
0.0030259787150011285
0.024361487296211282
-0.08760426628776237
-0.050098373044499239
0.7248553710291249
0.20303170850441488
