-0.62998114967767116
-0.024653160416356592
0.033232178554628886
-0.1532706574515601
0.14707195812513504
-0.0031855040206095506
-0.4626648873770659
-0.0087670134110083252
-0.25656863429698984
-0.47858615628606344
-0.46312995212935032
-0.0077883878831112533
0.41873585532746305
0.27923265684912607
-0.4984958769903205
-0.17004734195720517
-0.22118170733046244
0.2454485508921273
0.72070638170772983
-0.21283821050206717
0.017271027380472891
-0.56873669827422935
0.2510584081430185
0.066648331264334823
-0.43073431295952702
-0.37558471580575775
-0.062774522255869269
-0.63384008132844749
-0.23222284958073008
0.26972662746781145
0.099760021486487327
-0.29374648635435907
-0.32948378598157457
-0.0011681919784209012
0.34392400903601633
0.021066030930382625
-0.16092574369693319
-0.02158588999566358
-0.64763162152316023
-0.28268976209048519
-0.3208990923635649
-0.20986171134561277
-0.13532670279464645
-0.11131958192943714
0.24776750715639284
0.18375647629081635
-0.88838192488942458
0.18323616358529443
0.64874039296530006
0.45508335248495685
-0.18677000496398394
0.26316514653049328
-0.09309551101567147
-0.87075602322564649
-0.092144054100128395
0.093547935470311275
0.2034626206846703
-0.0030970386335787536
-0.56332526939192351
0.47802503938497393
0.56463146518403562
-0.047022334711309455
-0.068812470195025593
0.082215213964790396
-0.23390201844386774
0.2971093541219621
-0.25485754389114879
0.18572226303235892
0.1016488248618391
0.55093491620916912
0.056077158533601068
0.062074159324775009
0.05009583535487256
-0.36283212769269935
-0.81011177467129902
-0.30377362642659184
-0.15767842941301416
-0.31664342920875382
-0.048320366190254135
0.29136764415977628
0.42341086455699217
-0.06390453329208276
0.34578417871548145
-0.20196602827215562
-0.016651331154774796
-0.069900150111914514
0.23690616848302426
0.13814010668030272
0.2061164658865427
0.14660723251416152
0.41968926150233277
-0.4426898873510185
-0.22039419849027364
-0.014620485885114165
0.058423136847785738
-0.48044683811905353
0.00013166840267196976
0.41827003774205374
-0.05319042117190239
0.66727226871206091
-0.48631169119132217
0.17593857611467692
0.20848450826571846
0.19297559298685893
-0.14678623258327281
0.61608097710701271
-0.053174209606104139
0.29847702908845281
0.013694216915067909
-0.077042395996377452
0.41043602204908242
-0.01242620140254801
-0.020600524103074173
0.012177840762627429
-0.57667301339052246
0.036617676342405356
0.26454472880347585
-0.089555552444879769
-0.59591808466874319
0.29894127978662249
0.021098876637109007
0.24464538707667166
-0.26494698328076521
0.13893423965203788
-0.040350193050334611
0.56534071051233348
-0.039268663045580694
0.10318174421757217
0.13023111764949449
-0.17241893661790092
-0.37131358223180444
0.032244211808030852
0.26291540289310839
-0.068512664889748554
-0.56258302792505399
0.024164355124410303
-0.096803161081247383
0.19897233746173215
0.26106389279323544
-0.78551061786765397
-0.062292109061420867
0.095625039148779609
-0.067465149600745913
-0.067390295942089132
-0.39284043256761875
-0.21673242647175492
0.28177831888999133
0.23914651368521381
-0.39377921456327614
-0.33077326897933856
-0.065244455453783073
0.5210276416906654
-0.088666804992113463
-0.22508008931051854
0.62018947092494625
0.25336981315107515
0.049898266190513844
0.3166960407602592
-0.17280733437740922
0.19095324863116833
-0.41441214106732482
-0.10198225473661925
-0.0066584250887627254
-0.3357327943019654
0.23627045025293336
-0.66874417981893497
-0.25418042599387797
0.011594640681894969
0.051579201116616263
-0.052136754652862362
0.025903969937283881
0.35311522482983915
-0.26943849841421996
0.23941527908992039
0.031511869868744942
0.30917204797638753
-0.016793715245808347
0.16494146355424591
-0.074997446520924646
-0.24640087389888807
0.13575736162751922
0.47929436399938313
-0.2251507120498063
-0.30427789591978072
-0.34105876880068536
-0.54578727461084031
-0.40136499783455953
0.048989254479933915
0.10214323690874694
0.18893520554641963
