0.21298659604095818
-0.34830367230018555
-0.44553471020979662
-0.062353231670858308
-0.021232303365625076
-0.064032366750985822
-0.037920545693350786
-0.13468823843898556
-1.269965094515741
0.32876915020202629
-0.35287099281854101
0.098462089293551908
0.48016314259742443
0.87050650782359462
-0.30755807278658653
-0.76734054049941469
-0.08561454161783047
0.34880158037017517
-0.30756777333750546
-0.14544447542445343
0.26231465762649175
-0.048689314452181234
-0.47491154469150593
-0.29581152724223753
0.26793279813035226
0.33011072342854675
-0.1134511808125221
-0.082581986323517431
-0.72750474873834359
0.26820770232547392
-0.053669432974682081
0.078054314820585377
0.32481140744332992
-0.61494444984707519
0.19079006404511284
-0.23049564367477787
0.34544786920216963
0.10366123596399118
-0.26718780064261421
-0.46690741277449127
0.63097080338991096
-0.28881200230900184
0.1208042040717222
0.032495718907105314
-0.47606577405320072
0.57816130476927874
-0.29574122983330364
0.079839586104467355
0.75771207458728973
0.052984447777313204
0.0023614257998568291
0.20196676119299892
0.16148657857835447
0.1887117392030789
0.21028030406244491
0.40711761140617991
-0.61658466064725403
0.61803942046597715
0.51601811416952847
0.56919050401619298
0.28310581624879977
0.4574580044949359
-0.072054000747275596
-0.69743600923436355
0.12509870681089807
0.066193406107482824
0.36210068341673951
0.079105671234750832
-0.012296392577274282
-0.55415583465072471
0.10775273264360288
0.39826213567094593
-0.40870005181433078
-0.54901537539208589
-0.31704458942430014
0.010875372286173007
-0.38984129680569868
-0.34207661767455255
