0.50930618943754002
0.11917981856547173
0.42442402220780429
0.54343108488437686
-0.145064563087972
-0.82085630134643495
-0.81138845580356611
0.69512794863499072
-0.35539463505517471
0.076203079512127181
0.31267745401774888
0.37815508934937075
-0.56368621836352584
0.64329055439326444
-0.09695963517080812
-0.21543541268736871
0.26074878347919256
0.14808735945298951
-0.32099514759815029
0.20609463700327879
-0.41453358173827864
0.030953386217070541
-0.19493881054743645
0.30253437040598813
-0.16933327038793805
-0.55363714203421788
-0.76076325247003806
0.97493677441399051
-0.17472395955034206
-0.026394091654541013
-0.30024434234134917
0.22637096448305583
-0.55811395311809653
0.47200806982396093
0.088347482537786654
0.16865283876412662
-0.094225895507496285
0.555878062308932
-0.24305483061224328
-0.25276006696810788
0.95258356311501791
-0.28240291661555161
0.79494644424719407
-0.10702755020985395
-0.25275775964849839
0.041746610278537995
0.62118879020837225
-0.066474079373168335
0.44528329985289083
0.21455965348096884
0.083049345375734787
0.079785913237845299
-0.2043402443203052
0.22241691048237511
0.24900013187930647
0.22825119457104809
0.50537496882258937
-0.20159459592620077
-0.34922328159146798
-0.24661717816403436
0.37689177112559075
0.11947833305318112
0.60579837654018032
-0.1079636391027493
0.31539788635702115
0.073747841517381854
