-0.33506885447625923
-0.76551334145627548
-0.12623692624708002
-0.40959392786185733
-0.11341557544742438
0.22321177159152125
-0.16425245162137556
-0.18600351870695306
-0.53908532751067795
0.00013463248563588872
-0.041765548854400404
0.18358210537222003
0.033230506326522344
-0.17280892531569747
0.5149119837247379
0.072758224423428997
-0.063838748177216867
0.10646221981639975
-0.10849896790394695
0.16776692453031725
0.24309726609499877
0.28009187912959022
0.00039040232203245597
-0.051017267453101804
-0.19577095566648026
0.050975153426127809
0.33216566552000726
-0.47905501760958469
0.15146404835475211
0.17587288685859709
-0.010032225166968996
-0.17293910421709852
-0.28488660060435383
0.2943239765824176
-0.13778023446593099
0.28190083082666595
-0.20082958911928342
0.012910586469126756
0.1585167352977063
0.48495246219236388
-0.14553709489918451
-0.09642374319667428
0.033617461078996644
0.007991701117272515
0.082512531836094152
0.17252392580295459
0.55227165365474662
0.46108794536244108
-0.23794753968346119
-0.11674709908540473
0.096938904667209891
-0.24217151356911859
-0.53373456241273476
-0.13438770358278601
0.33046043036004064
-0.13600604746750267
-0.43001511699756062
0.16413018509540203
-0.10931052079991285
0.22162110127240836
0.17098508930403394
-0.26606521217152418
0.047703774674232563
0.40944202321350587
-0.25685028539890081
-0.2828424845937933
-0.23962641754971792
-0.1775660894238138
0.18492116878009646
0.51528514515891166
-0.29679845607935723
-0.048389700357034909
0.35087685891911641
-0.10742880402452974
0.25316934385042295
0.21371017374919174
0.16348816837718172
-0.22771215126950167
0.14500157882354636
-0.17402223203528605
0.05773025759227602
-0.0053861774551615671
-0.030838561187949809
-0.0096749156393685313
0.19542715890703824
-0.049708612270843201
-0.18203048940564334
0.033362194266867901
-0.022549071642935868
-0.73091912620883515
0.0072365115874089636
-0.071163495121959783
0.65846905331319905
-0.56263070897545964
-0.27327291939040871
-0.29056397724944744
-0.020985401026437762
0.20132245023227027
-0.027329714922911884
0.24688464050644743
-0.076700961372694401
0.17568320760525521
-0.28221742819450801
0.093126535871666721
-0.39564683633811326
0.52313403332437458
-0.0017387035352973033
-0.23387467394840097
-0.051542114004530931
-0.1162951248600389
0.015215712324220691
-0.47087676645435372
-0.17684985376313353
0.44037183275828884
0.33614841747106849
-0.0048248963837709729
0.15721241231912578
0.27305956869563036
0.23716017095646577
0.45170687265934661
0.31542989843711494
-0.17728863285547117
0.28837566215810589
-0.0194933226455671
-0.17632224866687143
0.26882721322601555
0.26616064992954169
-0.28471017269332144
-0.2521207347527098
0.0521190875606009
0.36371340943406938
0.10640299431221556
-0.20173890958716115
-0.071609196762004487
0.096501590855106872
0.19010309334111286
-0.24891668297571518
-0.026218765428465293
0.27974447413285547
-0.13765461557232225
0.036514298312376771
-0.1637559344413573
-0.23386339934328257
0.20363553484766034
-0.012125812233819828
-0.49428297391478571
-0.20880154923481861
-0.29824356364853771
0.22464920254743612
-0.57021925122530015
-0.2862046392290975
-0.58287860437841321
-0.066946566018484838
-0.22433320107988694
-0.033001802465945834
-0.1505343389357639
0.13097140077828023
0.080624202127686229
0.038718224922054317
-0.51124339504210015
0.66026292077655324
-0.065470011652677018
-0.24337741276821742
0.20835799275043362
-0.072787150384864441
-0.022831737050521182
0.097299473288738239
0.023066228717496196
-0.40820149600021832
0.3907922171650931
0.2276304435008184
0.26428801882157443
0.34559840285345772
-0.084558904149075534
0.028893666546238529
0.14866432856227246
0.21610012732282499
-0.23605707993963662
-0.6492280917035157
-0.14046242739562775
0.13584414527866087
0.63221908298665064
0.36363119866050225
-0.42564937861140523
0.3231878247174465
0.73168350581035946
-0.15506948399923029
-0.0050901932594557241
0.12850064445601714
-0.0076056628826972339
-0.18115400478476132
-0.59814089312518537
-0.093233625190076538
0.055387096211788771
0.10516330524037254
-0.11953431495929866
-0.10053702135496238
0.3137788482280241
-0.47542473458115153
0.03902068033828221
-0.02504166212224759
-0.42636964416994177
-0.08840808132746765
0.057129913088934253
0.057580682511701849
0.025306853387738124
0.27532182425382712
-0.09949530599288374
-0.091391203124907547
-0.065040583444531827
-0.5135330124867038
0.0085449273611700079
0.1368420455884522
-0.37322048167011584
0.15823735588047683
-0.13826287341148238
0.63966233660005289
-0.17413373806598584
-0.13546084797178146
-0.021229776465371622
0.21208147390805923
-0.25687930870657871
-0.12990665675512167
0.50890872671682064
-0.42799985628101062
0.34240689080236164
0.038870681124055569
0.25413850701308882
-0.6961928307826617
0.2895786548802804
0.14132884328853032
0.21754387075550094
0.13872365741212775
-0.27582174358224643
0.20184384923851806
0.13107388361864342
-0.10531676307720407
0.43008741360191416
0.098223709498722472
-0.050299071245844769
0.1543935507836697
0.36287615637074561
0.062188786578905905
0.47097418308237482
-0.46663599051900218
-0.19587518590218214
-0.016246174536151268
-0.20470432961226734
0.31748977149579133
-0.097459459232415474
0.43228828509831274
-0.21159744877377171
0.27131998161634713
0.23957793801505789
0.27794063703128336
-0.046961868734376307
-0.30350496046924558
0.24558558228975452
-0.23321694539366772
-0.27811049528539028
0.016232969502141831
0.40745547938459686
0.29101119554094623
-0.2515042010418172
0.19046999537174708
0.12789817403770146
0.021203602575740242
0.4252569900585873
-0.20882400492622288
-0.15799885896876684
-0.007204783776276682
0.31661166950079767
-0.14763509053272514
-0.090552825269101703
-0.11973776536918176
0.076111106199961573
0.096346649280438068
0.028611415631518644
-0.12476557760439567
0.080446384575280028
-0.19709361151514843
0.16087980621933268
0.36093087527517453
-0.14542294801891165
0.4069600133052268
0.40753490721415042
-0.062533101438925612
-0.51989280367121982
0.47257670503259824
-0.33582159553291019
0.18828439940008487
-0.2487593694515669
-0.066513043514214609
0.35538894716723918
-0.073052074272875508
0.33333417413358629
0.028926607152671788
0.36179340514466279
-0.26222997493877859
-0.3826692690113162
0.13579427282653311
-0.1837822949096925
-0.12570620934499876
0.053042633849465511
0.28699925476157845
-0.028211753930587995
-0.38121927785905102
0.28030222088682294
-0.2533329223793207
-0.32932497508246805
0.0091760943131459875
0.44106348341282292
0.56680064535276042
0.15754643266667173
-0.42850077009393417
-0.54105495503238876
-0.32353244950937832
0.26382082344052271
0.18206971658689314
-0.090540987890067995
-0.12973062360710252
-0.11116739938642352
-0.056445763922718682
0.29567755298542697
-0.23477379724344924
0.19053897478874665
-0.20266478297816556
0.2134423501094663
0.0039281067001084224
-0.14124601535355902
-0.034572628015350319
0.18299827574898389
0.34246233524967745
-0.48423259247994083
0.074485969900605437
0.13916567222503387
0.19677456374856109
0.65923575632714404
0.27778438840295649
0.19803565719962965
-0.1344385124422853
0.3320126782851307
-0.19491554696443172
-0.13055632020884314
-0.29627567908275831
-0.17094205565780135
0.025860008621069804
0.066150358121378219
-0.19086401998030475
0.36575300768010771
0.29784941041159363
