-0.13749443915687484
-0.16945858645357403
0.068076395845492826
-0.47291764018707422
0.69903459253397704
-0.16318817163658722
0.48101802496425572
-0.77766254895724862
0.46565512430003864
-0.15536818615976708
0.1248737271734963
0.35743154969070079
-0.047454708388191033
-0.3528002394973232
0.013028869827052548
0.29019295463849593
0.16634338813723959
-0.89088432478176338
0.61064850784252511
0.97667623098812961
-0.7449745835861783
-0.76767488273196804
-0.42297335404417219
-0.51698809630333675
-0.70303473180236253
0.51987895164365805
-0.51920010430969132
-0.067240540853045677
