0.50775997766339565
-0.41322830937856553
-0.030997985109877762
0.9343409903086366
0.62110835227687955
-0.29269591248414478
-0.48517261978048493
-0.53957071237489285
0.58787017593787894
0.54590367801430517
-0.70438803548763773
-0.1169090149395631
0.018190087017877252
0.30947640353387235
0.058070710852667302
0.045006650776064076
0.73411752214414816
0.1244859310848144
0.52146903106511533
-0.30687483620158429
-0.12513027292535633
-0.4593130125196962
0.16419093258251216
0.11294436961638234
0.60023354448628774
-0.017981499271388198
0.45159465002717103
0.48887442314515306
0.41087665446782451
-0.054334621350634098
-0.056615049174188692
-0.2069029542103496
-0.073633433471653631
-0.30447243231713367
-0.096566321714417605
0.17032940736094432
0.1916965826873718
-0.018771061820921121
-0.038533047650856224
-0.11995190884613036
0.43295745685971815
-0.13178825815961695
0.33154365407887909
-0.15537907610573709
0.18864558477707874
-0.24738943775287153
-0.21154657294788692
-0.49368814104948583
0.47311629723168408
-0.2467227995694741
-0.058216336558764049
0.59080483209361678
-0.58296582930554819
-0.09747020225777582
0.23419234450559101
0.038405800174375289
0.056304611283014977
0.25872855502910186
1.0450881813839235
0.13312807639246088
0.22662072141848255
0.37221627711853483
-0.1164992940812473
0.28179345007862278
-0.4674473067544927
-0.31004253040684743
-0.00055524087685295291
-0.083794742998267197
-0.38350509944789846
0.42803225988179244
0.42878512146208292
0.11380073906245194
0.028098981821023973
-0.3079528423310211
-0.08357564548965167
-0.35714832545829961
-0.042345529118420142
0.10354335651281348
0.23361785120984729
0.78053420071783564
0.038974739310723566
-0.083960159567558812
0.83750908004238489
-0.26429525767723683
0.30968991990926531
0.79756667869144604
-0.46306378079973542
-0.18873903230247382
-0.083914752570266871
0.022234877901128731
-0.54068363760373861
