0.37719724959550893
0.080051009366730166
0.062843645045467134
0.01692243625651324
-0.097331911855951234
0.1329599484540909
-0.071006489367632333
-0.18418170331642458
0.27739445943152674
0.1169342362402106
-0.10798418235415785
-0.05470861217426267
-0.22736294895521708
0.32678029779110335
0.13376484005890751
0.32659449075377939
-0.52726771526701288
0.21286426892608726
0.16918465030205349
0.36437313665305648
-0.044271488140042121
0.41170137310075067
0.18888896108286693
-0.41443014859043092
-0.30838254454588054
-0.25184299932517107
0.084185929190706929
0.33110403951465489
-0.16868293394073672
-0.26272856115333504
-0.21276062129714224
-0.36104447863263905
0.40510165690751887
-0.30084326980867804
-0.2374868033389593
-0.33780101068828983
0.21655620496752653
-0.0076059979022209401
-0.045400783930584859
-0.046339861394023504
-0.1915401885227824
0.25468495256335216
-0.34689444412277304
-0.069537949895627477
-0.10275496572229748
-0.25722313822685805
0.17510390343648122
0.16117926399237986
-0.48962899834624912
-0.065761455802477206
-0.17629069548120202
-0.044760311995868704
-0.1460844566856403
0.065944985729805963
0.27553723032120264
-0.18239399330049286
-0.57093705822054419
0.040850076873492132
-0.30588497704334988
-0.2948972667205963
0.018646090391246383
0.17620831835377782
-0.098167609653510526
0.52066594708003222
0.02512119354658264
0.16081429748377665
0.35199044869293045
0.61892664961585109
0.041505164004294305
0.17139099955853324
0.16817148021592462
-0.18064682955750008
-0.63795223938421541
-0.28302276663088677
0.17803261087470132
0.441968517905933
0.07650300463860818
0.1239371392549168
-0.15688548509391398
0.12307410395760142
0.30275344040459973
-0.071697891683102671
-0.24200304964583652
0.34128938476504278
0.17711827597071414
0.066268392847417285
-0.2012187610881665
0.30741436027459285
-0.57111736382157174
0.26335733198756928
-0.064247770611707056
0.31054114899574004
0.22681949512026559
0.071364364543335695
0.06206279097650786
-0.77531149091067786
0.24838224453431498
0.16274116740408306
0.32136532692150216
0.2331118132930397
0.12444319992240967
0.20409878428228806
0.26232964893403365
-0.072163253002071118
-0.063495100052343531
-0.25082893898308994
0.05460133900301628
-0.46839713029268432
0.42166236554600067
0.35632568607182846
0.21703177833155846
-0.26660079646067397
-0.51779678911230353
0.41745817529687484
-0.20528508022858669
-0.2183800369077783
-0.060365860177010122
-0.2329551993176944
-0.072765588377515469
0.35045227193557899
-0.42530534230425687
0.47420403044859993
0.20272691067398863
-0.27683156403276948
-0.05269353390572569
-0.10402634592745508
-0.35655140680335606
0.12656808861771379
0.072868222744310124
-0.09333113063197343
0.31712897967939385
-0.017128162137783572
0.076051230870616854
-0.31242647434711968
-0.089217820391100169
-0.32536995614630837
-0.013955663488880773
-0.17673616641461717
0.094580913174685949
0.18855054722124923
0.26094968017840897
-0.502987615266699
-0.28529952236743122
-0.53577605118849037
-0.23380348690514965
0.31421310957455229
0.12670869928759432
0.25733937942976043
0.20713384015137859
0.055347620516513062
-0.26708886414792965
-0.39944040576233569
0.076912318533746624
-0.32038420569397258
-0.021606218738414382
-0.22641865776447195
0.30882714637054209
0.15542129503326849
0.13277061002913385
0.18243922106719285
0.043925053977243673
-0.49960432334703891
-0.14546972309830991
0.28503405727571446
0.081460864331413446
-0.22047768972010015
-0.304048830834036
0.26483720105003078
0.080555213543214502
-0.18541644820365791
0.043717016841627307
-0.3439336303250225
-0.22290742963458335
-0.09758530939978341
0.014081134755225095
-0.14882626407834268
-0.055884563462055829
0.032298790660406765
-0.34178228520543774
0.030390305270913836
-0.021958320925721642
-0.14489292669808601
0.22612881930080558
0.38030642750960963
-0.0091837083413687636
-0.18591002265057407
-0.075556139924007781
-0.13474078850734245
-0.33049825913221226
0.075324135710559265
-0.12808352419737293
0.28266261478821614
0.15036105800741906
0.14220153230753368
0.095844417819022559
-0.11042165758910623
0.12354769291587382
-0.11751458370079505
0.13574299357173708
-0.040959693831620292
-0.0038883864445081909
-0.055114516898619334
-0.28359621228631643
0.39300304223861904
-0.020275282051059523
0.27358992627136275
0.21078153137736869
-0.15648484631235451
0.010758278109568796
0.092429204335965853
0.205080416580423
-0.14844334827692102
-0.12106876626476797
0.18346909599696759
-0.3246239362983625
0.3473104941950958
0.018853593747860161
-0.16974007538513844
-0.13478138392137798
-0.10086912014449427
-0.22297541702316898
0.45028906437812372
0.13932608316155184
-0.096179690220741798
-0.068373026757196101
-0.58941732071683417
0.10443462619647917
-0.40020459696363175
0.30429577626375437
0.05210931302117746
0.43329975808399468
0.18835384762221313
-0.019142032842228346
0.30499677994690255
0.21312005308612247
-0.060666039719262981
-0.16708110273711951
-0.031040264420134963
0.11224803698453084
0.31260509164956896
0.17391139059908342
0.22670475210616636
0.62017137766113739
-0.059216248450317081
-0.39541975623216868
0.10300473596410345
0.0047024909159115074
0.75510707885397665
0.53043070084716148
-0.079361122078241184
0.023550948924707729
-0.16845966948031413
-0.6971800384964002
0.10113876027870088
-0.144106342915295
0.064550801609968872
0.14530924783791113
-0.48929889408305832
-0.02610281464726932
-0.14144772371064349
-0.43427054853967434
-0.049679371737124181
-0.034534282430440981
0.015121231769295912
0.20122249111914195
-0.11135994140173715
0.097994341697191026
0.82464224740129699
-0.18497884976503665
0.13918360882882724
0.15191665810361069
-0.32738145544961333
-0.026507453097325277
-0.10601461690780835
0.067185809863241616
0.63338070483361808
-0.05914749504052276
-0.2172540160539444
0.086431675006823916
0.11825899344483508
-0.072076201443050852
0.2394060787738789
-0.11956909783369075
-0.094641577775490579
0.044035767340431908
0.19553804783615991
0.074637226390380187
-0.31899332801358093
0.057224088492277218
0.14062207602468293
0.28101832507173591
-0.40365573538907629
-0.31741117348300746
-0.34244288272943996
0.09149180015597777
0.30633085922873599
0.0032094470838574473
-0.11957443288328264
0.32367339831754971
-0.15611930239448027
-0.09394191619058867
0.14558416782334099
0.248874553939092
-0.14049459689357635
0.19410469030843155
0.27774106976327395
-0.51500586626382971
0.1950326901736914
0.13336169284328409
0.17591997563721185
0.29019134307708866
0.38405452096218401
-0.14378882077593322
0.30715893864977739
-0.13915253459994556
0.033049789970553384
0.21995302233330985
-0.18046399849842357
-0.028098939279408229
-0.50948976768582577
-0.24921902583498465
0.38249164301078636
-0.039740065254006023
-0.47180533617027259
0.054189798339318258
0.20676677961719236
-0.35367889336721992
0.35568178155113295
-0.31328082379272842
0.33701196832590125
-0.031045305629542341
-0.17133905655696932
-0.355946257867783
-0.039516131861618654
0.037150571290387249
-0.024025991052655533
0.15934831196908941
0.52053329608622745
0.12740676256733471
-0.0055718694340371093
-0.37107817645555774
-0.27048926207586454
-0.14148799541735721
0.087944531009046312
0.14346733246445084
-0.171233051410974
0.25964222985778762
-0.12479291729696589
0.060188880192679033
0.061506072699637038
0.20325997838309512
-0.066197159437344943
-0.17910213657856733
-0.18824555362445691
0.19848677035965756
-0.19825428861182537
-0.020772036316469001
-0.18185289273525426
0.36203715911848977
0.19537672761078237
-0.26282143913409983
0.045123677915569101
0.048628719450117062
0.12496967333939579
-0.48194349274711368
0.046075246448747442
-0.21725444843439082
0.044335546560764424
0.0620145205769813
-0.0300456364973073
0.0055461981511435643
0.28043584041216801
-0.11629412436834877
-0.079381556096310063
-0.19218538671000268
-0.24336991460524468
-0.25913840373034763
-0.48560480869288358
0.043555379478739831
0.29086173165367707
-0.3216042378464094
0.11305739145898588
0.20858190054972103
0.30184345841342169
0.22085196038100929
-0.33915417373500689
-0.18642678078388586
-0.3313446563393041
0.077718087866273169
0.026572467061447985
0.32467897476562629
0.098133280615903526
-0.29307597390895201
-0.12960890354891061
-0.18210348860910774
-0.27379527035853923
0.29698688341759116
-0.11789085525095123
-0.22372146386751787
-0.41722539500786726
-0.094544963934653684
-0.016813083270117393
-0.29155764384964977
-0.78583526068514664
-0.039194384302046949
0.30947068677773681
-0.38230249174586373
-0.17211195963046044
-0.69996447540757101
0.15343220763820978
0.56573607833418238
-0.060069134290553189
-0.20356096064909421
0.24951335769956104
-0.028003004459601116
0.099638878741327416
0.2064282414585091
0.029139462384521721
-0.097049746845777524
-0.10421401376414158
-0.29477536578180102
0.097805133213337767
-0.021087625256742713
0.44642715331809246
-0.27086420396836453
-0.27559054763248608
0.28965995676970319
0.17171996189557873
-0.29874635059062704
0.20847090857005313
0.32543700973455575
0.23905774117858308
-0.29808202043493398
-0.23754563921018521
-0.45095809264777859
