0.13867625800978634
0.077032001787807766
0.061980105900932045
0.65421069729978454
-0.28164446957059541
-0.50546035326649641
-0.00010449040069741436
0.085210125970835951
0.18812763545044045
0.30437841543723931
0.71127812176649829
-0.24923056069607527
-0.012779672650508427
-0.25418312067174509
0.024553628484052348
0.12005864874340159
-0.26443150829040135
-0.030812322780688933
-0.48771187616656092
-0.20868860242188828
-0.22633499674442645
-0.1122161274021794
-0.26274950965343336
0.17318289214077087
0.13374865295563682
0.18837659686216951
-0.53695154097736986
-0.5158173008938689
-0.37317630780435446
0.16101661155725563
0.28702435915188829
0.1817260597326171
-0.16583847077271596
0.061192930461365397
-0.39069421343881161
-0.10878451451335681
0.034616525928716717
0.3149660776545396
0.39153604643694156
0.01999334710202455
-0.5356152570457392
0.20540808619927045
-0.096793281022116234
0.01384034854341114
-0.24214474214817155
0.11800150357451689
-0.050208238863873052
-0.0059369410335717377
-0.2561838718185645
-0.16001755991630653
-0.23346191590907819
0.16901251000602074
0.097317117171296319
0.22433962061306476
-0.1265226739531938
-0.26992673106031712
-0.2888363938300782
-0.58506613330681978
0.29133442983839802
-0.20293651591839232
0.095302400761155051
-0.0090182631101989874
0.23455288362532045
-0.25014670296196206
-0.16868544148056921
0.36826035127712775
-0.054680871961167214
0.036396479780589401
0.0078352819699992176
0.032052955959059042
0.1353718914532008
-0.2420915700660059
0.077299513133604947
-0.12113032002102847
0.13950002380591747
0.48390696980755282
-0.61904920180059764
-0.14335017896760668
0.12510648329815241
-0.52826662101951283
-0.27556264970989264
-0.22060561390832847
0.19371069071615735
-0.17872996074696457
-0.32683174320307029
0.31927019457920652
0.23853520165393016
0.035195099796365432
-0.079937482299668738
0.055917627027124994
-0.30785524801642389
0.47932786445402997
0.052440165756155011
0.17408957003457018
0.023118947351132665
0.56248392426014515
-0.11482956010829445
-0.14980056108455042
0.0039929047220145508
0.094323655030103482
0.1119303711755248
0.26967106295979903
0.24654605363572613
-0.038633875428885023
-0.25275179312483581
-0.5816053032955083
-0.050437768003470849
0.0062763233911132116
0.35893455251425899
0.31624343963990192
-0.030781819506095136
-0.0013312243445878647
-0.13673041295001886
-0.1398471707618365
-0.27041039699074182
0.015345507899741706
0.1776711767035056
-0.017461930222067865
-0.3074379307770444
0.15599561533524092
0.4142194440777715
-0.19556028202420733
-0.003162245110583941
-0.48698210119349988
-0.53691439298600963
0.48790506588676802
-0.29554449461678844
0.3813504205258898
-0.15207457435174562
0.078331799819297346
-0.39378941423698849
-0.027054200143808507
0.14508742365976657
0.18772104595059974
-0.61184375936371072
0.20327922861273667
0.15923757901637603
-0.15843368764871471
-0.14652463656643205
-0.12172674618090579
0.15060796760163206
0.043597972169213434
0.16279140637867723
-0.0030242875260736487
0.29935968899060422
-0.0079889425226337095
-0.20661790551868642
-0.023396537835018515
0.10682917501987649
0.22182940452089331
0.12770353807711907
0.15145995235640791
0.24293835361570112
0.27106874306892687
0.063268800000680192
-0.28652404452975555
-0.22433751149456574
-0.38378842166430482
0.018622452886841348
0.29947582399537159
0.08963157419645329
-0.016400231403366248
-0.039051620420464152
0.30164267167449699
0.13730429350452145
0.36588282797190375
0.18790440112023146
0.2382972652940365
-0.21126411628587616
-0.080937242953461344
-0.081324833467246019
0.34501970262275466
0.35106216742079804
0.058229391848272416
0.24662359459673758
-0.019589487441892491
0.13118871879339569
0.16894545770127853
0.1086028213065839
0.25722991634730547
-0.32944521194626691
-0.20849824806213166
0.016051448339834504
0.53117124679403738
-0.70790793444002942
-0.18370439890855739
-0.016560197789199774
0.13600685087696951
0.060740433780210996
0.062818663369011984
-0.088577604423746556
-0.56536837837574383
0.15051210154075093
-0.089601078806100187
-0.10506310888766687
-0.46320713408182679
0.1925198426236335
0.36315211403301251
0.3843920431868299
0.28374364373889299
0.16974162156962322
0.13057500801618274
-0.26882551859421761
0.58326655386714199
0.11673392937244167
-0.087991941816774971
-0.13459890150993031
-0.048120581279636712
0.24047752625382623
0.060101545145463869
-0.076664867837347828
0.29749486689318588
-0.314633348181103
0.024069891277121759
0.19579870627928894
-0.053625610695485069
-0.031256076941261431
-0.30312529748300715
-0.15973304608096947
0.019772254719477224
-0.071061812712134229
-0.28748502409155707
0.021442713384256469
0.025764048580488842
0.18660965640133623
-0.023736201208673407
0.39306904818848609
0.19513598802559132
0.17790197380865175
0.001651603713717003
-0.59221383746896106
-0.11499404253592846
-0.1756895615845544
8.8571001491737956e-05
-0.041049853588958518
-0.48863372674928351
0.23867040951310858
0.058902564707668935
-0.015653024845567517
-0.24605863057036681
-0.013952271319229976
-0.017951813820714497
0.04503631452411528
-0.25696951796994655
-0.0070858237085197253
-0.089701101339198078
0.091627979615554772
-0.18134928190851551
-0.23203888864895261
-0.076780052181083275
-0.2620032933608803
0.21913878220645652
0.056122059607467238
0.1680194566391417
0.22000702517995249
-0.23107951597638438
-0.099011964300518063
-0.00089112407452442003
0.082118752929455613
0.20670999959225753
-0.58226266272351024
-0.21546423750299026
0.34339067076965496
-0.068372641407473234
0.2101783148792653
-0.23985985741327492
-0.14594585982911665
0.31384156355599618
0.3236404266812809
-0.36651227659841734
0.26561740537515333
-0.38697491764643327
-0.12978176494679869
-0.31478080725849267
-0.091238760183406639
0.47677107463416052
-0.42111355995072824
-0.090160154147461855
-0.21189076842484508
-0.28329440627896491
0.1888972717098423
0.69903420359725632
-0.07957298886129105
-0.11625825337846256
0.56632834560270151
-0.42258065767133596
0.16243250271464815
0.013375747641643941
0.65537974577058555
-0.13163732194481573
0.23279916881081578
-0.037926478703910332
0.02466892546186554
0.19090540196310152
0.15028603362188828
0.2334918565314949
-0.063425269064563153
0.60788913223646668
-0.059696036929571282
0.1361941744832468
0.0053667754966428395
0.17565110129497194
-0.1600323920107804
-0.099277894548836912
-0.13009323878028367
0.1232012255038621
0.2140364906579319
-0.029902864801183485
0.31833560599802874
-0.40835696018259049
0.31558219983043057
0.064007988342936986
0.026088571171655302
-0.04324683010768398
-0.20655245440635744
-0.24838794986753759
0.26135370587300299
0.022352684410136776
0.090026050715737063
0.16459067726619056
0.026412331127058684
-0.28536662700394738
0.37391262437821615
-0.58087277784565572
0.31019586801381044
0.073764009195601443
-0.11359525313719328
0.036150128556672517
-0.49360280212864183
-0.31075145330831133
0.017619349701894011
0.1527166018053549
0.21062175988450971
0.0051855767014738806
0.18672212762529103
-0.26797578026167612
0.034264974823576613
0.34353111419687948
0.14400131114878253
-0.29865643089949612
0.069076416807554747
-0.10664492956848988
0.0069251286244600436
0.58135516255060982
0.033966010151513071
0.2563900190034803
-0.014228554465753251
0.040423632765243439
-0.27546866596748598
-0.002255710427880028
0.16678439444788412
-0.2493088131366743
-0.077915616262759252
-0.14484038240011388
0.22235349406928331
0.11029176074946279
-0.10433305099243462
-0.0008477537593020606
0.12750291077237824
-0.20875714646182625
0.29661919511547724
-0.19413578332459058
-0.32700683591364943
0.60752878537509114
-0.035223168130621756
0.59666247483460277
-0.21110706786959504
-0.0066811782386601397
-0.13685341522752414
0.49219286295328352
0.64152057064272361
-0.045187237163429345
0.0020550779773674207
-0.13955046730271228
-0.014758944064807305
0.017122536465654429
-0.26702014285650572
-0.041323392802864095
-0.0016344374734123843
-0.35247364522980879
0.33903570198784244
0.27975510139080573
-0.1066317701012245
0.4419270554898736
0.13200646803965368
-0.039172418400433978
-0.051756531613203441
0.42800727019798673
-0.053210862357482347
-0.039837576379245884
-0.24327353972870847
0.34611703698538526
0.38274811702720468
-0.19043924007085877
0.080057766643459136
-0.19120816070858959
0.089354606488155713
0.4674436001374796
-0.29204925246407076
-0.042423609802885835
-0.072865438337424537
-0.019522847691932445
0.15921067930499247
-0.019028569399546284
0.45214790392676357
-0.23766213181207577
-0.29875395086398204
0.17705679789928822
0.11973639209046198
0.050724378934015116
-0.012336639447876368
0.20487402203068175
0.31223302753004883
-0.38149508516238939
-0.048678401658889432
-0.21925521777126603
-0.22976213406008367
-0.12957402192573317
0.041876670948539883
0.072421225461516053
0.0021841353000223822
-0.060075763550942719
-0.45517690957318258
-0.43614850837855323
-0.29722974557101284
0.062883032065098696
0.14930947369769254
0.0057572024237444296
-0.09806817803123942
-0.11574223114032822
-0.30501279616297006
-0.63162871817355515
-0.068265042143290558
0.083254036837584117
-0.045706628310205201
0.21695042586320695
-0.31776790123430942
0.19224920109359178
-0.072788304386990868
0.1065802540193021
-0.16165960532474505
0.27993192193026273
0.03484735409341301
-0.32622101258426278
-0.14000941008045018
-0.36631943435204345
-0.27371045316839437
-0.16177836154448325
0.056911292465434325
-0.039512431530610168
-0.1491136536932291
0.18682044425817129
0.44523160967812536
-0.039246268239553538
-0.050585682971256575
-0.46576932046451253
-0.17167337845703004
-0.19017111094401853
0.36820778860434372
-0.45867917543609016
-0.042199215195389696
0.013104217596497429
0.0092253091920401903
0.27080558808395344
0.26605542974111257
