-0.62752628023199519
-0.028668679944733939
-0.17155787999248176
-0.3191017896316623
-0.29871888979435574
-0.24918779545194164
0.53249586692473339
0.27793517208604407
-0.29342067342472933
0.12543342829158183
-0.00098760754806579386
-0.26890152210181728
-0.050397945123930511
0.42193337767833361
-0.19096404291809552
-0.12061056936308542
0.61917041231500847
-0.11927772074795086
-0.38950844254802514
-0.20300379458620901
-0.77255391379270477
-0.28866030552151256
0.25429678480206969
0.27195344145047373
0.41464863559577003
0.32632405279869259
0.15370020494281134
-0.10412331206634236
-0.071233397667852513
0.30332633283348687
-0.55088602940690112
-0.21352356000283304
-0.0038771021975258012
-0.01125038174288598
0.37344106328848692
-0.18275316642506476
0.032906822952690658
-0.12632584848423994
-0.12896024735733258
-0.32074981014105935
0.25965739628991785
0.060341015264457273
0.52949864938213054
-0.35747797506004081
0.19249437981670839
-0.089287093271893797
0.072583059583820025
-0.07588834817817304
0.15482120098090166
0.48971196682982765
0.025729798015834408
0.3078353632443287
0.67800029301432141
-0.11452447792022508
0.21085803448802676
0.21905336357488009
0.068575859539716857
-0.28826972636927517
-0.23716310666963511
-0.19814779698137497
0.50343840563840569
0.041610072538116903
-0.22273600756945375
-0.56495740200445332
-0.15259704687555309
-0.11146409742363537
-0.058239367656944797
-0.27946173557286186
0.0051687875875225525
-0.33565987429959643
0.015133027117627516
-0.37594718831425372
0.10010559614261348
-0.56803934976420689
0.085465252619036189
0.059149003832533041
-0.24002421514013214
-0.15648542878692878
0.11671674907366827
-0.087427149472837792
0.39281903695868475
-0.31447536785737018
-0.10418215270982402
0.16298310744234204
0.24645202973560296
0.33709621098500836
-0.14873641262368786
-0.090496797840695975
-0.474259940071311
0.6042137526164455
-0.071966976878955161
0.083311160351256033
-0.016456251932260468
-0.55548942849289207
0.031522442078940338
-0.41501651007995488
-0.0032927242360137887
0.36128481810676699
0.027766722395686744
0.38360215131270942
-0.3803468174188338
-0.033203959265144897
-0.16442697471410139
0.12276035503150036
-0.13791815172031963
0.11415960116305614
-0.2734871153720439
0.22467016428671341
-0.15763907464106655
-0.26936647642616529
-0.11502733129867522
0.36770302818380979
-0.049042777143946371
-0.45691763378600364
0.063121401720234588
0.32678396421257394
0.68309745000683297
0.11911343101377937
-0.12552810376977486
0.28870173128305804
0.16687158608792904
-0.17696132457814753
0.043907170904565869
-0.044930604764287077
-0.21778142344451057
0.29477794964038428
-0.33576238762634447
-0.312431743865905
0.16346370528050017
0.41599425540125634
0.063475605426604215
0.25235462104328382
-0.10690387205100392
0.52944795590848082
-0.14134851591003797
0.51488936920043904
-0.39449445992314963
-0.24052917998539255
-0.34827060677411048
0.20083803835428446
0.089384521900612871
-0.27635508970161615
-0.15227802947379718
0.089590981313771384
0.14118178583480304
-0.22176791707920615
0.064137044967111159
-0.17699157741649946
-0.29963280583903712
0.036018004365036209
0.439778134802153
0.50498548567443857
0.040527955293639492
0.030636857294405722
-0.079570704418530494
-0.13968139142755184
-0.35952011431070574
0.066888565050497617
0.025410977858020802
-0.19856318269634374
0.40665161904438124
0.0077544416835195413
-0.049770230382234604
0.13664760379867261
0.24968839072997734
0.22946909770982624
-0.10518339827527946
-0.17900469909289543
-0.015800329397763928
0.18206099956063748
-0.1178340560808957
0.63099143098888988
0.367053426687874
0.27368362571602434
-0.3788295906780712
0.029382043572552963
-0.028193691247736099
-0.14674254233946052
-0.40694820448572011
-0.20843965484900692
0.090246902908153376
-0.099640135534745017
0.024488307600937585
0.23067114202506656
0.36755610969648661
0.080163386359176775
-0.16957701876872192
-0.31725147594673425
0.14423878443878063
0.32993331392036013
0.084745592087127952
-0.40914884215551828
-0.041635442125736812
-0.14055368132671844
-0.056799589993388341
0.52301269912589299
0.12891947127603515
0.0015031569797518756
0.1563295173278518
0.043644471760595167
-0.083032970421618141
0.38717894160788946
-0.050377326837558703
0.08674823017245499
0.6901921467264398
-0.16835092161438006
0.68498326785079322
0.027098607400675764
-0.080173210326279443
0.22323658941615987
0.3347022178535688
-0.016562296677300654
-0.26657500586710148
0.48477549049803259
0.44288527443404607
0.030285381980872002
0.47282878541002837
-0.4088423775940308
0.21221763189573009
-0.068885417727869588
-0.019516767623407972
-0.49800298120735792
0.12203743153551933
-0.30087527268569125
-0.30148965617945422
-0.23713207489460147
0.13663362838020282
-0.16934736838024947
0.15407641596706417
0.12152748834066181
-0.02386175332363924
-0.15229456180876619
-0.28780969725955435
0.074798504840839747
-0.086992235737495677
-0.077750360474301491
0.20691095672146542
0.13997104156560208
0.32309195033210975
-0.15097919011818833
0.014746142680516491
-0.17189602991789241
0.23070946762245487
0.1165125361273832
-0.028999043473175896
-0.40989549578673962
-0.01514873335956868
0.099128318091191256
0.099100036139790959
-0.49410891259722517
-0.16148227980881477
-0.64320877594763803
0.050021717167930989
0.18654641693804533
0.26972476821413843
0.16263067380700369
0.12054880574234005
0.18359306979739298
0.21803967098137528
0.28122492740403215
-0.19141167607109555
0.15600538476046216
-0.54628944362000587
-0.50149808227648363
-0.53398511099313339
-0.041213228693216045
-0.24392131938787967
0.384447014335278
0.18887406282703892
-0.13834122262038531
-0.15242511758876354
-0.11295051350942964
-0.11858122217979548
0.072893579353028551
-0.30044117722468427
-0.34388504878204512
-0.241331632609048
-0.34463609557196917
0.023462578489135431
0.016017662592823792
-0.4875994422148352
-0.22890972292185485
-0.19617217535650791
0.19168366376401574
-0.39616805518106346
0.56932285867212939
-0.053624282584403986
-0.29088200352348914
0.26953384056465868
-0.44330073764896866
0.11671722925883427
0.33016175009957488
-0.2208204792754731
0.31031971802448993
-0.053442629335644309
0.39434927400530329
0.020522345718670891
-0.87640176639632705
-0.46138674016801823
-0.20185629685282977
