-0.019385599535180546
0.14377169295403569
0.3726960619429831
0.35101208699056363
0.21088986192865514
-0.6753099391532017
-0.20987604994428796
-0.30267889003630433
-0.018784964124093657
-0.31963448143389761
0.29906859030688782
0.23600787413320237
0.15172935458384376
0.032276381004640746
-0.26518067375569032
-0.3633034989890403
0.90414591283131385
-0.11295879299228953
0.26530798730602079
0.071419934216266204
-0.12231491494639726
-0.011243086660873246
-0.48507286513013387
-0.1053065660363607
-0.11333187103965249
0.12251976203912983
-0.39383017018354749
-0.036349856449187173
0.025952487918875378
-0.019542614330766005
0.12230652113089791
-0.54887362396746486
0.17172487062264963
0.67897395166681096
-0.0064642237006595753
-0.31310996556234189
0.22566714618605688
0.29058682242475886
-0.51465193960273103
0.019149298251397315
0.068300942726060493
-0.015832523408292731
0.48338953635621279
0.70379852074171212
0.12040739338383721
0.34448991412089869
0.82232376543490759
-0.2965550461914303
-0.24962309206974181
0.29830300141891081
-0.7377841325372777
-0.081947518586099638
-0.69700571562304603
0.14584327795568452
0.696265579733502
-0.048237948617620152
0.17263627011669855
0.30326057394138689
0.025073606306399633
0.15202126895885318
0.06718852082063595
-0.014679357810745357
-0.091014070272375444
-0.59303841257512691
-0.11925281248539257
0.20577597678276707
-0.093394697887063394
-0.13090449415250632
-0.61227135380586395
0.40684366687894663
0.099918426101214042
-0.80228335498010517
0.10081773560849515
-0.047999145641247042
-0.1054974856417329
0.54412043461685633
-0.072641578950560629
-0.029121890892117044
-0.71935514206551365
-0.13436058334403783
0.5690362255357726
0.28059733503896384
1.1631315364212707
-0.36744625154620164
0.51354142943140901
0.28640998163979042
-0.55830350471800683
-0.37187959503689733
-0.044540715791054057
0.022599152530904353
0.53314297740169792
