0.10251400695466588
-0.20151467420537528
0.47555963103931431
0.078032149852162946
-0.39734917561439326
0.11794421418130459
-0.017988692149113025
-0.61475887650747085
-0.13108275189953264
0.4649586074603943
0.18940602670846693
0.36812510349465238
0.24621262056273924
0.23939339438720431
0.080480518142997212
-0.015150534373229557
0.32850330700709174
0.023728598603091861
0.20876581120932916
0.22079835325135894
0.2065455673551132
0.17354650472339081
-0.35646403096799451
-0.089542084178279635
-0.060806208527978342
-0.45075270359935482
-0.057132843812068089
0.522915867157415
-0.083641112412646657
0.14781874125522965
0.23886523119208494
0.13528436743067859
0.21111916289701271
-0.25192802940086062
-0.12711510175980237
-0.03738861011098691
-0.27100524074069487
0.48241082930919782
0.058832114754215764
0.56687812580554431
-0.12877216818466175
-0.43584688902986957
0.47449888936499973
0.27172170103058174
0.18048004661077893
-0.037885469376473808
-0.37112851687328902
0.010799700039844437
0.25688110274317688
0.016169786962621415
0.024486652377473519
0.1102459635020005
0.0020884708249869215
0.043644894873245181
0.17564053089477183
0.11738201740228368
-0.36639094666261984
-0.038983490682109267
0.050518358113123434
0.15301042133398335
-0.19440114740965214
-0.12215888314086355
-0.30358266736274575
-0.45941543386622224
0.42430264234880488
0.15156103091737727
0.27740621639080809
0.24565754791728614
-0.13867060634604353
-0.020247303053834622
-0.25204912492048165
0.19189490309968318
0.022323911102337207
0.062882874518770532
0.10404985484256279
-0.55593354642785153
0.071590355927723115
0.063672665627021466
-0.33205382176063064
0.13400900479599176
0.18774935905018786
0.3209175492879367
0.12990060884657051
0.29254436509446102
0.068831458162222012
-0.042967496227912502
0.025629950875981262
-0.039859452736220984
0.29140220702212394
0.010591086506566092
0.16546951582771802
-0.13635546761198414
0.11121861009458045
-0.59358730619752698
0.14315193543091584
0.060775388025173523
0.34005100400602878
0.43504479810118502
-0.3592395723374488
0.21575084785379808
0.069661721180975675
0.089151290251869589
-0.056935845687900846
-0.3860667973340482
-0.79678709898887567
0.23124314440325663
0.28228718859566726
-0.075582493831008818
0.072757565332369559
0.087564026416405122
-0.093038386977718712
-0.37696656308806831
-0.28234431103081103
-0.20576723152883059
-0.1608925191277078
0.2906357043935141
-0.14130279767810316
0.12525034220597858
0.040538941283648676
0.093042341474546153
0.30540241977609611
-0.042046350634616272
0.01339905785935694
-0.47520321962030354
0.10363645748077099
-0.19809242222844425
-0.4803166458696978
-0.08562707990044667
0.32596208718675346
-0.39452514589257659
0.30518848340054405
0.0086370121846516632
0.038258671728347841
0.032283134954442169
-0.12568036676800151
-0.25338918930819815
-0.43838233204087745
0.32424504557772299
-0.058604984189905819
0.43575288060055001
0.068611303652635056
0.59309373803711485
-0.031365727892407519
-0.57671359587936488
-0.30826273416956446
0.28087104110932887
-0.52521057844902497
0.63401460747448923
0.094071623713952029
0.15068412046137744
0.066184754917189101
0.020786804667211174
-0.028156763069260685
0.29602166894497883
-0.70641496520558678
0.2770980257006096
-0.41414347268712237
-0.10134818079634339
0.26700836925158267
-0.37503742442973848
0.1842647353585172
0.16578100738947626
0.35369499769129203
-0.66204920420351498
0.35227417763453989
-0.20135347106899029
0.11202785392460766
-0.046349634574249864
0.36530949175480504
-0.098829850592611679
-0.20163702170410364
0.013498959444306896
-0.013812230576504882
0.10038121737145754
0.74310292183536475
0.1991525692900592
-0.36435423966642816
0.15849710346150664
0.043635383362385483
-0.65004610665369778
0.054155656131626484
-0.20748106572669689
-0.29327436629846171
-0.0041843192115560719
0.33226421218104074
0.019305025176259039
-0.53642029644665035
0.22167793025852872
-0.010550738061499851
0.24853832371594359
-0.075103140782983441
-0.29297797245202395
-0.13290922723364987
0.003932343674945161
0.42638545300418562
0.25344367142630186
0.4864819635628902
-0.44968853128254055
-0.24657473583621681
-0.044307175817965852
-0.1760759313948437
-0.39722495065603669
-0.2360769577057035
0.094772811645878668
0.063557022995278739
-0.14136187718597054
-0.40999013947560869
0.1186404018873988
0.36120066713603932
-0.42231726207735876
-0.46223981921642465
-0.34429804134449177
0.37109927275222238
0.45804737541367441
-0.37939306933875416
0.19975587313210627
-0.41951211637805169
-0.40393105121394335
0.19362951205649631
-0.34965072708163353
0.19376147767719634
0.31527262396779193
0.39578090677114036
0.32804114987174365
0.29244317764431804
0.0091533096533365881
-0.12774480278952324
-0.52521132631300949
-0.18140631617808953
0.16484701533614457
0.27317779257310731
0.061766036665253099
0.25022453831748465
-0.13516365195295488
0.24201065323240084
-0.13294706247840621
0.20561579080748338
0.3091286177651803
0.34243636598812471
-0.12558343952127879
-0.21297925477004559
-0.19647733776965301
-0.6504349602420203
-0.38346576891103473
-0.15065794676638883
0.13483794630602108
-0.2812243297897451
0.10444003934281727
-0.048957787901839092
-0.41125524237177563
0.038915114717973542
-0.46870256304375563
0.31123716003220681
0.38996390564576899
-0.44451665791017325
0.46138936864328672
-0.059926699194349023
0.17310451196233165
-0.61547938942550728
0.31295116225375574
0.11116413703511534
0.60504854998848046
0.30683274682286804
-0.47409634146367424
0.10320438692232105
-0.30071948145944372
0.22957890236614378
-0.071956702160576091
-0.51307755499692709
0.14533827000751562
0.080536908112188291
0.31555817077148873
-0.0023004230512794935
-0.090635903935146755
0.11803039726567552
0.27088443613980551
