0.38367916665435853
-0.36123771883521744
0.34554858083945345
-0.27286850286831271
-0.16677035593710354
-0.32842824102772944
0.15067208119679973
0.069219249420926027
-0.17236658248590128
-0.020658801145340879
0.29326367942792797
-0.24861013541353752
0.038765991483140916
-0.011071143743560241
-0.0044324866454546101
-0.25008580728389973
-0.65884875065445991
0.01070050087157688
0.20132167386891048
-0.49542698952531811
0.24618682416125356
0.22236861774104996
0.072917931225524799
-0.33839007975666197
0.0747894572542879
-0.39179722250899329
-0.012762247573626505
0.45177057306460494
-0.10663293665132534
-0.1437082349118308
-0.39232691473781883
-0.062812135118381213
0.49733555475440022
0.24264076544099722
-0.061074173424247466
-0.18340015433716952
0.28969307712560111
-0.31597472698481116
0.29191376973999633
-0.30169500984600944
-0.35051782912708274
0.15180201500208823
0.80266430060228489
-0.034700108602870011
0.696609849010703
0.10487967636242219
-0.60892016217222544
0.44669041305289542
0.32109956661135125
-0.13734648468824925
0.67586308919403582
0.20238519836035773
0.18837538830929954
-0.11211091870903227
-0.0058068355977313529
0.60750081559357139
0.017865756284668105
-0.31296882638605261
0.06563904290952316
0.19653109215732878
0.27452074119119796
-0.31840637945918326
0.21162593714664515
0.34796463664500188
0.59744860429893454
-0.32073420573186656
-0.64589181912144422
0.34236249984799538
0.20645740575455479
-0.086451535377102998
0.093965022584114419
0.47969711597971026
0.2593087089355447
0.51201055309044996
-0.22606461934292454
-0.13621075374628888
0.20647590133897611
-0.046856136237667614
0.95553644191182452
-0.62870427995742773
-0.57164330225806104
0.37828427259565278
0.30384656562618434
-0.30866926181012683
-0.14266557390684398
-0.0093838459768567969
0.038584996094491779
0.087958265315943557
-0.19898508468938381
-0.30639919172172031
-0.32827933960368277
-0.032755541215240824
0.20082470812474604
-0.17391267840304014
-0.23815841576691585
-0.38147230029939977
-0.43454380600364489
0.4653878174750572
0.24845765956723884
-0.23638952433193824
0.12917611276894703
0.23578603608581705
0.39399034656079762
0.14810948908992388
-0.19612563967880664
0.27817359202736341
0.65124912636167398
0.20917468101767314
-0.23397727899103693
0.14921521817234301
0.081283762783084773
-0.033814448538385618
-0.67342923877306771
0.39918349068374492
-0.19842773417705684
-0.13762987232558183
-0.1667124530869977
0.072335894304186465
-0.423993819107782
-0.44956369411682418
0.097374913743054112
-0.57563332956461777
-0.72551594142124698
0.2579612279516928
-0.72462695631265206
0.076985052435145057
-0.014456320493240858
0.43630924443853281
-0.25538217078172709
-0.012021047535056853
-0.018841716096178338
0.18443083234234139
-0.0048739030219115574
0.23249074871663805
0.055923798789983846
0.49973164120228963
-0.30597804330141204
0.22263122591241538
0.22281733280457658
0.26479953224996561
0.098586561085629201
0.58360231249680072
0.058770902854468447
-0.15432523081113
0.35816004752185626
0.13717163625452933
0.32860288473907356
-0.18456000930643285
0.38390500109900205
-0.40851531819534537
-0.13871071834146298
-0.19901833951281986
-0.34617279944679236
-0.27790630179903858
-0.19533240356645076
-0.1224854478040192
0.52263495362067303
0.13342722779278671
-0.13243896282712925
0.065082867618511189
0.48948934260091342
-0.18236402078778707
-0.27212608518754966
0.43455277458793717
0.20429142164671454
0.087679505700248739
-0.12204351202351296
-0.47104664546854241
0.0045101757327633742
-0.12094437340534092
0.09231654818885629
