0.13402894629320586
0.088331553118459652
0.057632588113013507
-0.11295392958475067
0.71607869716761141
0.0090142779131931281
-0.27834409325286286
-0.3372469748824875
0.081355134096608051
0.13204653312055423
0.42054661225064188
0.098444677165969538
-0.2304503335905351
-0.72122443239874112
-0.14779046922587014
-0.19435898856779413
0.3019057280512078
-0.38487941479202287
-0.47116833476233982
-0.12942089088744457
0.6916401362364123
0.48695881767198645
0.14076494478501123
0.53037509987881293
-0.17570185483920284
0.25251194028852358
0.12621836824902916
0.23533698267333994
0.44370690531175705
-0.18690449924690267
-0.24208610401894159
0.029185287951820918
0.52922242563339006
-0.19310654233010946
0.024738983798687688
0.032522604266029063
0.35415398168553042
-0.51132917135608336
0.43550527487715113
0.24204338591818492
0.0088124639238939505
0.19957848223048952
-0.19941788658701975
0.17406180984732997
-0.35796418493885945
-0.67226596719072262
-0.35794174035069259
-0.40954362254666749
-0.34838331317966437
-0.033562929089218541
-0.15318826314389247
-0.069451674014769968
-0.33008099245453243
-0.27582317737408368
-0.26875768519558713
0.40690381212471671
0.26719465990098679
-0.22581840450814519
0.22347487056018758
0.18372451545063595
0.13704482920053757
0.024535007673314901
-0.69006368062352275
-0.12127250686753212
0.49794895733637212
-0.36649995101383409
-0.25064512107551212
-0.92264068116271425
-0.050373280093179568
0.32171143845367373
0.40892276423306423
-0.22720258425505568
-0.71646036134070923
-0.19712089779911851
0.055695423157629313
-0.5788969924379801
-0.25158713959284973
0.30683568193070443
-0.64539436836342268
-0.57624792170494465
0.18138273428968624
-0.25225663533849513
-0.10495389031646583
0.54957708396029614
0.48122985829428322
-0.42267665898174567
0.28292593980975655
0.073888132907581339
0.48437938259343899
0.08832052532019137
0.97056644885470811
0.60976111016520473
0.17809291101711999
0.46650793377303723
-0.036189665275200032
0.4062053171029934
0.23625083572396835
-0.40636371609443789
0.39393810601092888
0.047930977249779884
0.47707228116972777
0.19422576007352171
-0.48108854762259107
-0.20083165744783987
-0.13516477580675326
