-0.68761055926924186
-0.026908381989395463
0.036272191466959362
-0.16729154918961389
0.16052580530542657
-0.0034769075269735603
-0.50498854152438921
-0.0095690021800632352
-0.28003901737403325
-0.52236625611853726
-0.50549614946564003
-0.0085008539554746777
0.45704096990063708
0.30477629916466881
-0.5440972780631671
-0.18560293108018716
-0.2414149654405375
0.2679016910856985
0.78663515320818578
-0.095822292462886108
0.63680403168867605
-0.079236545207840903
-0.273737379010494
0.34284312921630261
-0.43832532929251117
-0.17835072708270197
0.049236857295610122
0.23353978327162114
0.53570734914415785
0.860946201367219
0.030117273702388203
-0.25813508272833241
-0.32916898808460204
0.42089640571371917
-0.20313783259733953
-0.18436354124342147
0.12554621124814502
0.17304286787934028
-0.17343735591399997
-0.12988825111844557
0.4011314078324747
-0.034887635998132147
-0.1291895185271589
-0.34939284280100585
0.027257903730908473
-0.19721229697843259
0.0081450618824326672
-0.16911521514046005
0.064576763582216853
0.15529718147430124
-0.062457120755878968
-0.50628708658319643
-0.060688861424919742
-0.29437160368551502
0.45081184524738849
0.11448677827450941
0.088714733765940634
-0.15771120320162796
-0.16274199582409402
-0.65396905076798073
-0.11791082723360766
-0.28538365282995803
0.04268816342378888
0.26629659440893422
0.42601283071699741
-0.056116834924013766
-0.22838460286653978
-0.030789463015448618
-0.11413087363959305
0.80734805657670583
0.11805192286810379
0.38097087507018051
0.31614500558788539
0.23012049321663641
0.17144820736014624
-0.13654253038818515
-0.20209593509145296
-0.031135235116515444
-0.11811065613568686
-0.28054517534326373
0.43757981753396968
-0.020240502090243973
-0.51552481353540558
0.1795706683130458
0.091702129293707996
-0.021051682233925867
-0.11010241596553599
-0.054742894654109281
-0.12573262994211287
-0.38451323546006566
0.38201925475412202
0.38079321397905991
0.078186390089246993
-0.37513424673710127
0.028877480879358149
0.33978594737601514
-0.17468789144296529
0.006747577191872846
-0.043712765725242235
-0.15934749054075256
0.10540745444054943
-0.73603870277910655
0.12661473389186811
0.34908648386932967
-0.54708831305616812
0.50547056394336076
-0.06284008221878834
0.018366858856807312
-0.32958945366149395
0.057584683188284219
0.084842847221244855
0.36527564635073523
-0.10762115689516623
-0.35739022076696669
0.14674550340948639
0.052074419203424094
-0.018386999420291806
-0.10058205535271852
0.022937007851069273
0.1910156060912804
-0.39990422327664865
-0.37659249652326982
0.22744532985601745
0.33804407100416051
-0.23263056797033529
0.26282851790022205
-0.48624679155511058
0.66287544116471131
0.15608812916065848
0.059177147391272771
0.11014636035707803
-0.25377886175413533
0.20057112653106313
-0.1056649537518404
0.053090605816974258
0.20040266011596217
0.59719262931293071
0.51588359555395191
0.07277688910601314
-0.22340866184665722
0.083902019325696242
-0.32796110370342191
0.40957561295847666
-0.048435061605009835
0.10840087484642628
0.27650615216584301
-0.16015098031485339
-0.14734469378696874
-0.25567366346319453
-0.069944304835072052
0.38247336441442054
0.57570514533040984
0.28247505558562586
-0.15299273637247687
0.2330888090574556
-0.042650417097359852
-0.03078761006747574
0.15204902731904957
-0.24933432152854909
0.11785162046458392
0.39883604557552704
-0.44306601572962251
0.01261534173904429
-0.095945444749644046
-0.5160123810786732
0.28201968872610272
0.22013890217123197
-0.29816559859581071
-0.29964255233732728
0.15106063716038909
0.059540454213596196
0.038278536937829753
-0.14552428234272169
0.073169510111762009
-0.021844469524940596
0.26021252882204798
0.17651665316957613
0.10042965579913408
-0.11454193989401909
0.55449388716290404
0.17795668282290211
-0.69021055661232567
-0.44731993615618487
-0.24480058222977957
0.37489504491280612
-0.42398948531172836
0.33483208824877631
-0.22918038708947991
0.18392461552828687
0.12662583396310942
-0.22523738953354813
-0.56985502651296394
0.073630770648012406
0.076495797506197782
-0.25245091305685796
-0.10500170945297294
0.098063585289150754
0.10716508850244838
-0.38448491787140521
-0.017045592064553295
0.012842867790360923
0.1719109000529376
-0.010913001220682552
-0.093819557912779517
-0.26944999631862765
-0.51183295234203552
1.0421199547701259
-0.6859985990947266
0.09058595217837874
0.31693038222490266
