0.087109246470654642
-0.037512352515709349
-0.43070686005655545
-0.21386514373860174
0.036583781330014803
-0.32925909518007257
0.15035483391519278
0.48116298143482539
-0.24993103613149337
0.69323633349117242
-0.018253987685648076
0.2543862096854011
0.16936256967530944
0.27685232374459628
0.21719733427344207
0.38469813264713854
-0.13272927038146112
0.22081548965459311
-0.0080637794912884284
0.4454191890786634
-0.46140766076712808
-0.076485845191970978
0.0789198332661461
0.028541740549122157
-0.42350461615670776
0.38464943167829535
0.047521582699582454
0.31899300931564972
0.35904268200207068
-0.58846963700756916
0.0016984589436658914
0.21299086271660891
-0.24594970847003911
0.35802637339411481
0.14677778301693922
0.18857907603216453
-0.022541522020287374
-0.42831374699398889
0.62846214756744212
0.25118671660136438
-0.2110151221729398
0.066153236791757108
-0.042598849126836126
0.44064440898482937
0.078851284690976048
-0.15576062994600365
0.3783238094520851
0.2079041884558363
-0.086370895118114743
-0.22648348240014438
0.02309292177156716
-0.27478017487834788
0.19650018575742678
-0.19766160703944219
-0.067167705279700562
-0.21400645889073772
-0.1958003216146586
0.0093654063485727017
0.088986920086420479
-0.42821750824816657
0.049856430151048389
-0.10930709613186626
0.3383221867443022
-0.49460166325399846
0.19890058451191117
-0.37682510551572607
0.087385971186952363
-0.16331036442288249
-0.016742273275835006
0.12059105787948368
-0.39593455741642097
0.5328403972622241
0.09719021869615932
-0.10259347729069788
0.14459244789559778
0.062854503063846587
0.12084036390479334
0.0661581500155448
-0.27071816675770993
-0.27669824028870216
-0.19096802342071917
-0.10147275279138707
0.31845332961441158
-0.31671521324929508
0.070949536916799616
0.24453703105868868
0.20434759628387386
-0.065978874185544933
0.12531242292530378
0.079358483644872496
-0.62583861592706336
-0.53732725180957519
-0.18902591324070173
0.0050271242067991984
0.1014045773215342
0.14139969259132232
0.17283333750140548
-0.096040196038781847
-0.18139486413040001
-0.0043832641933746128
-0.0089334954011156993
0.014950483860356783
-0.072361486003690176
0.3483733621891475
0.037482843329741576
-0.45482282412612712
0.19296988520370995
-0.11163644889097972
-0.52893775831231249
-0.098203847257369498
0.07529811749771384
0.02773429324571643
0.091540841633187708
0.34345644434482436
-0.10632694446577491
-0.60388121844024556
0.060343511502125767
0.1977307289928133
0.20123912257717563
-0.15089513281836081
0.11143761077378343
-0.04520395967371528
0.039086609166551226
0.10043851993985428
-0.050849931482949709
0.5484681917991332
0.40081272989840661
0.083048968574466808
-0.21891565046986844
-0.21221287196178804
0.54887578780907909
-0.2226496976448944
-0.10078280324253097
-0.024198354045317644
-0.043158653462449653
-0.15521104977090994
0.020006644361561014
0.52949045138365403
-0.37776533377611432
0.14069942059721804
-0.014264382704464727
-0.11123704917549038
-0.27768079534125312
0.034775534445281017
-0.4882417873323282
0.038446021835939904
-0.2555040116742438
-0.031523298107694442
-0.41042199096711895
0.020707031155919632
0.052577603149171835
0.045331317526497467
-0.37010345728691829
0.55583268010741638
0.38884296089777637
-0.28025952295139606
0.18385960578412003
0.04147824319086444
0.13497126099889151
0.24305322505937155
0.23419745556400798
-0.23944089063658755
-0.26614126122449772
-0.11329791619623172
0.24881919251829107
-0.021452878536565564
-0.00080858294771736679
0.29112310716825829
0.27676405519262109
-0.22039586011804455
-0.45515174809298709
0.0090099634191324208
-0.14535871452859886
0.3882128356713026
-0.021686870719049681
0.13271869035942066
0.4488160216527608
-0.23066161945756891
0.18916526538096079
0.16390735827669256
-0.35026378416654858
-0.13647914415552337
-0.36997085745351932
-0.4586378504624144
0.34344857085211838
-0.17771541192208012
-0.2373768668764269
0.17217060557143382
0.46243568000159785
-0.1026321856396028
0.047094504735318836
0.3479383019270807
0.11986821172394616
-0.057161284476362977
0.069255544969101926
0.045838619613437145
0.3144464444757753
-0.023100353987542822
0.23695938044485737
0.35058700460362779
0.21904754446747754
0.38547119057853546
0.21577279453762507
-0.21956038014918805
-0.49138045031610705
0.47068680946488684
0.13845721312762199
-0.93601204219678658
-0.074666189975158892
-0.1668574523498671
-0.2391108024318763
0.090597918985116863
0.0029943506214717619
0.53195319589114864
-0.26357407370199226
-0.27556169302215716
-0.13270695922516654
-0.3432188406273079
-0.01797100476911857
0.1785259077543723
-0.14288310655242317
0.21547137638180958
0.070222350715991061
-0.18160377670326439
-0.095449673472378177
0.014089181745433825
0.1319902619846815
-0.23004720153755645
-0.51096177856499037
-0.15458249589503645
0.22169701577854253
0.34275482708461447
-0.036187318190568717
-0.26643850075631398
0.28341322192996365
0.10131927948668218
-0.53363874377181364
0.24511864487389098
0.44570795266951885
-0.032370500065084441
-0.20134120758511917
-0.5272535651181095
0.1444390646457813
-0.1256588785917957
0.075240690680812655
-0.33551308949489933
0.37232510175685729
0.20552283953635578
0.34381302840406058
0.08720381849166961
-0.0064360989436593533
0.045796132343409027
0.03969459468520118
-0.20821827825875386
0.019793328811249351
0.037476294158483206
1.0338354488405308
0.19077766717316727
-0.047378372691899255
-0.36033483783103903
0.23682745345127687
0.15325783914415506
0.2282648909451726
0.27008322207271918
-0.19627182159353149
0.39019515541798289
0.56436878252882794
0.035298864838029839
0.2830269262730421
-0.1224778023553583
-0.10745925376238599
-0.11794364705886494
-0.0062394342252573903
0.04217267881878168
0.046782797647550244
-0.38900349488830249
0.35508442722005323
-0.26608388277054601
-0.25207121236693214
0.09653518196790517
-0.061644704184699729
-0.11588569079296099
-0.0065456724275279069
-0.019243105894962122
-0.38735862572419266
-0.028710224151058918
-0.22561436819513095
-0.0092135148748082162
0.16836061632158397
0.045839437701653003
0.20467537797304902
-0.17466108925608043
0.069124198282114788
-0.040365739072865045
0.54237468736183669
0.19741759032732151
-0.41188521629958141
-0.0547151646530247
-0.34910561133091528
0.11174446599349815
-0.0089873469134351576
0.2811935835941195
-0.46047110509013151
-0.40455842431799699
-0.093992137489865971
0.23913471424822214
-0.56548253083081312
-0.17943529139199299
0.21826353230580592
0.15676495150386321
-0.25650601977217979
0.069013310413726228
-0.11010461145614231
0.17291464242341339
-0.36259764371281589
0.17407035598557458
-0.62469199108230855
-0.37314414578465432
-0.30091291686644112
-0.24520358685713783
0.057840033658272012
-0.38950476010694923
0.067266266688305529
0.092515199825695074
-0.17921262486668499
-0.012778967739654735
0.10418734711765831
0.14251038100898836
0.27516574741791539
-0.15204326019274464
0.35222122890181778
0.29586377627250959
0.14563780471174428
0.16175239313691453
-0.39134201542982611
-0.11301057649264171
0.16780892853108786
0.24942703342179159
-0.047031376267760362
-0.072562376521848757
-0.074551901690553035
-0.46398307711677678
-0.22353176235103514
-0.06907460611433637
-0.1797972654065921
0.010069317432726193
-0.41557169204990579
-0.31177190505258989
0.078545192306193237
0.4900623445486289
0.083680929759656755
-0.14804965016378194
0.54888262115414432
0.17202748264772655
-0.25607552372922088
0.1403925724107255
-0.41165343044468095
-0.25784534487765803
-0.082608305606444804
-0.21752460486908395
-0.029439183241747151
-0.44579610919024049
-0.16839226000244958
0.2596979462018853
0.30823595877499593
0.052267577544194005
0.24865624072974565
-0.15120520744709692
-0.080851671388775387
0.022223039954008237
-0.22747547504421189
-0.27587061338923652
0.0014483895508700241
-0.15870879301486726
0.16847481047152807
-0.079561892650000646
-0.057999883072454163
-0.38210423684794709
