-0.11414076679553918
-0.031452485913101472
-0.041618391281374255
0.18101960574802201
0.38423203532904004
-0.010906497330128356
0.1345831027457339
0.20171810089319514
-0.0026094130385489593
-0.24352370535311785
-0.46201178023562639
0.76839426682605405
-0.57846795277740815
-0.47739159408252435
0.18579540724827492
-0.35834469548744141
0.12657848329844706
-0.60743330402614937
-0.68156883857837736
-0.23457527390684163
-0.6230821572533366
0.74449915240090947
-0.029463422145427614
0.38854424204277255
0.34154129354102963
0.39113210497290751
0.52667678518375749
0.060356629448905609
0.27497062720877924
-0.059327991798763899
0.19250473794199804
0.28784782380017748
-0.10522449252952221
0.075109127437141418
0.32168787833374779
-0.48114267471569444
-0.062492902389109983
0.26888276062548611
0.043723033756982888
0.19371241432185374
-0.2899356728958053
0.55294942383419832
0.68673880346866711
0.14598190997538316
0.19211593796360063
-0.53907643573033259
0.10180165490761169
0.079195166058047606
-0.46303864614575269
0.15280866904856055
-0.62568967877449388
0.25160379515137954
-0.44961331704147911
0.72214945136664699
-0.5166042241456269
-0.089987687959504459
-0.14664703595988351
0.32316555677518211
-0.54647392553382501
-0.31686946378954689
-0.43380750074916535
0.38280373332049
0.55802039292699057
0.4096621974151809
-0.19307310407390721
0.33649955024566935
0.21529180808146209
-0.32647433586077768
0.50582963175220053
0.5249771334831167
0.55194435486819227
-0.069646718390800083
-0.09291401515181795
0.56662987169176926
0.65414724440535954
-0.47914524970972044
0.74173644933197735
0.039718284093537677
