0.35681566516023311
-0.4991428456820175
-0.38523473162153726
-0.36394440226011443
0.10019372145267412
-0.039048377678308245
0.16200162589697406
-0.21010514392299834
-0.21863202402520604
0.10735423143496642
0.27258274992277987
-0.16596092593891171
0.29126735798165471
-0.36685282818932796
-0.46677925464153291
-0.58570647714885971
0.41035956173149157
0.81398820072335609
-0.21763398005458456
-0.3906284792295131
0.41752697946510214
0.34465904821611715
0.0995830726150745
-0.25932828881616971
0.012912564389962302
-0.13252903482297973
-0.0068562266834982337
0.21861870761624352
-0.46246251774588149
-0.0074648563722016408
-0.55823161059559567
0.23138361528549511
-0.16323677013509863
0.14887932445094199
0.075855945530830637
-0.3162569155186743
0.062380815998298117
0.25211519773407948
-0.39634162850050048
0.35905014549725661
0.0025361924562545381
0.34775173233374529
-0.20019432748045896
-0.24927292179095742
0.078220084814489596
0.079189215354908957
0.10940596141109102
-0.026100044477504369
0.73226015205704087
-0.55112144920263384
0.50764172745925851
-0.0071971722873094036
-0.38931988766416475
-0.17167664084209946
-0.053551079464662518
0.25401421996160944
-0.40904356083002641
-0.32926328672621025
-0.050947394830333885
-0.58350016239668978
-0.031277529957706197
-0.27899010922282591
0.73541825764690461
0.076031095420054345
-0.24338517663633574
0.3205528595529632
-0.63479099973334396
-0.3205861671217034
-0.013918175639476555
-0.16160841995163241
-0.22832474828145782
0.025746913061630079
0.094086714498745519
0.047524354029366535
0.23051106065821297
-0.53782708340691354
0.12091635107993605
-0.32222892611947984
-0.36198817872794037
-0.097122694228037806
-0.18924255743184826
-0.56279187166734246
0.04380993153457572
-0.16007796979069905
-0.076711498676619042
-0.13912956075347083
-0.44277375495933829
0.023400359914971979
-0.053407625969877318
0.06895796672211961
0.41859054976355986
0.05805583718845915
-0.93557706886126668
0.052253926785073457
0.3928176989446065
-0.16942263882310049
-0.22266982813249175
0.012989447245901991
0.12675929111059145
-0.36001648072745823
0.0056431655533894544
0.13013689321788019
0.22294773915899491
-0.65969721129207215
-0.26251443622912701
0.031867259825145371
-0.05809740235867486
-0.15017885302887446
0.17560734988926718
-0.054867870545669016
0.25345241021473358
0.36396866314007786
0.17854282077007658
-0.31712535171602646
-0.15673411629823211
0.61072205912596655
0.15707737379356673
-0.22452466048575087
-1.0396669747739822
-0.1652186990769372
-0.300938540406604
0.54936629935711057
0.077030682567571215
0.24156556517272773
0.67927193998417013
-0.2214458475903536
0.59677073643958989
0.073557320699270581
0.064767557815330529
0.080232432212255941
-0.58826446208781769
-0.45497824181365032
-0.50066806134582464
-0.45090516405224051
0.18148864877286772
-0.47930636573052532
0.023701677367988925
0.0012437683165662532
-0.25101237873582372
-0.69608393065347274
0.26210000126800609
0.21877889997998234
0.29430152487456579
-0.50870705591963561
-0.37631559189040348
0.34579562921321894
0.22276893985166926
0.14270302363846182
-0.0058148603519501381
0.035516073184718056
0.12019151031314905
-0.094197462175811111
-0.080341719643363785
