-0.023521271596804835
0.077947388970684622
0.28741508940498817
0.43450803118276332
0.33248087769138263
-0.34422188655893732
-0.020215469695778213
-0.050834848182810852
0.046692907642882316
-0.26251785003110129
0.34667092022577772
0.36329957928252749
0.14039415943060188
-0.04160407382232529
0.07597662510624742
0.26224082449619535
0.086552350014832857
0.073663348416469432
0.50088381079689681
0.33210662915272093
0.3133128469514902
0.09284507130995398
0.32776624294351692
-0.08421203434044261
-0.1904221691365385
0.21433765549271791
0.1311983225530535
-0.045133922261025118
0.26430198720024001
0.14300568267221545
0.19686209279456707
-0.29035109954581417
0.15725798076587913
0.1950958761250304
-0.15860340160972852
0.44068387315449647
0.73840587657700407
0.24523248308087026
0.065290368880592822
-0.042732068996622977
0.61727266694289684
0.037067707769336211
0.093896618075407598
-0.10565580841468757
0.03508640892642613
0.25897050345719741
0.23595605273703299
-0.48347850883287635
-0.084465740368653883
0.10797722221135667
-0.010445892831863817
-0.11788979742190626
0.21346819488554084
1.0112732252599048
0.23712062556143088
-0.76060333052862361
0.2685961534043908
-0.19362906771446839
0.11278707917662617
-0.12131070579373562
-0.0095428121843411599
0.51477782696808472
-0.032439513057145715
0.1908324429182135
0.06814005534936704
-0.42213658537852644
0.30006950668585225
7.5445281360539664e-05
0.53792188847431999
0.24572595329569327
0.37223963063060567
-0.062099672374995328
0.63687028147329361
-0.12256527484822274
-0.28771081528816167
-0.056715940671243643
0.33847700765633398
0.53030369092612306
0.48178293816867757
0.27233692272457599
0.10645100503531214
0.10429573964951798
0.11990693527092749
0.051713216706660098
-0.18577033923981004
0.36190017600270208
-0.062774901075463574
-0.43080427583768238
-0.10433408623539023
-0.1025186313072096
0.29549609671976118
0.53566219419566519
0.21176611453016628
0.2153442516479355
0.23697653668734614
-0.17247915141041931
-0.15802851650715674
0.36774982296613834
-0.16962013047382249
0.29684520199171932
-0.26429076124706435
-0.36498085867983737
-0.16866721421508857
-0.53129461867090044
0.166290667149988
-0.20645132180052256
0.053356729136054583
0.040379225272536901
0.53094233294371851
-0.13553355011341012
-0.16327469099125463
0.56185692740931514
-0.4033731718601557
0.094138560426317061
-0.34068023067114506
0.54549632403970039
-0.31836543532606149
-0.24724871627079151
-0.010371491869970816
0.32442102826144498
0.53601952789957774
0.13057279482779052
0.55431556144054039
-0.048496915831154147
0.14822095203219224
0.19462074074083652
0.056327525789321528
0.27371517153331726
-0.20390021374759484
0.1820389881022641
0.0089365352100026912
-0.267775767434623
-0.12571243054101125
0.0073642570484246002
0.086828465994233189
0.16247182503692831
-0.13393814837856968
0.017931654531231439
0.20353556733411055
0.22886593994112098
-0.098909066855571715
0.042416966172206284
-0.42492650400986887
-0.63819073920755232
0.50763901600002426
0.057508360846586733
0.25145853329235135
-0.28158789585962685
0.28945791101771678
0.25874836280272978
0.32487412842376107
0.22022535315232705
-0.098132571360353388
0.0039028113508883708
-0.044763875965652518
-0.1846942112474165
0.15964829899739602
-0.36544818405277257
0.063697946610851111
0.56996445840423748
-0.069301780006572528
-0.79291291990851687
-0.56934259509166885
-0.17141128931046842
0.19984041869466143
-0.098619560658837355
-0.06286772463153599
-0.31924810106080692
-0.11121994047992205
-0.15168614286388613
0.35285731934464343
-0.28303782211829853
-0.31151981564376019
0.42494214781207296
-0.14754076869459878
0.2347785458119255
0.24131201684595252
0.37554284557235285
-0.056195343776284955
0.28930454856350657
0.041641508033798957
0.65624369104417224
0.35850570540875648
0.21312336086049233
0.083274280975621659
0.027862615447306487
-0.44075587603037036
0.32442572444125906
-0.12473627843497276
-0.20708111347491509
0.1773899882222032
-0.19494094426844746
0.083256675416876758
-0.47578587354992169
-0.68448819925267279
0.10259058911294193
-0.37400379365958164
0.20835214022223655
0.27181045359957279
0.24692124692325007
-0.13772697830684136
-0.37111705089026187
0.2858793035582694
-0.32123143575958085
0.19101261292047178
-0.16448266327902064
0.46920580480615887
-0.67836203090638569
-0.44004118325842595
-0.39412442166774497
0.23483645836627973
-0.37980684771275047
0.012568102676595003
-0.14306521986732881
-0.17999792819448937
-0.18376468103214957
0.062778538732760292
0.18683242161514532
0.079217665455786776
-0.28031566646595252
0.15027261720633586
-0.033446721632504367
-0.25858269412963925
0.50945103811537429
0.17855618082978925
0.004985065288810004
-0.64938987243117985
0.22070822454592201
-0.49169445031783721
-0.18149231062921695
0.24669043532048368
