0.34289272361109413
0.15093272186523216
0.55610277736232494
0.12536503306493707
0.11635573777806871
0.27935523378061194
0.27358203820034738
-0.17405299513262537
0.12534252088632125
-0.32400084114917627
-0.093488270255278241
0.020149898945486553
-0.79953371715501842
-0.25949355164835447
-0.31469737690841604
-0.23898620023645639
-0.085601109763746422
-0.42060774144482854
-0.013092206564999275
-0.10836843659875861
0.28632262842669348
-0.027960109129889655
0.40741208224168846
-0.060189776811901449
-0.027440308741959903
-0.30182812213694521
-0.32345299467103733
0.2553087600259813
0.38837286125272213
-0.73780060399388769
-0.25684632342350849
-0.26939713150782318
-0.51801815759120073
0.00071397684268757083
0.11537180159232999
-0.055590377546475965
0.14558298020565455
0.09121677261875788
0.47604341310198073
-0.35894447912783983
-0.10056330508535083
-0.42736829895603912
0.42536025757035401
-0.27959319149544054
-0.56551131728662118
0.30642133754883544
-0.29373045199482317
0.93048314249497455
0.46887688305382991
-0.61683682676612139
0.030954491291696879
-0.18957324507532364
0.24177772550519031
0.45339101073282029
0.17356647893939928
-0.090238035352852283
-0.3578964947790727
0.20874806446785507
-0.15610582722065466
0.17623318035142005
0.32171122396902518
-0.1805366392575688
-0.15188849331131443
0.45818457551287595
-0.56425663563231154
-0.10205102090181369
0.6575509112826311
0.055574965514620198
-0.030713580530266391
0.59322715216960986
-0.03584084725450503
-0.4309328770955696
-0.24611128828651996
0.2879624400521486
0.41566525642420116
-0.062664829384847381
-0.42482868560798093
-0.052007681864955468
-0.03289519393760023
0.41853818439596902
-0.15610327114948003
-0.019685520266056654
-0.030906387507135973
0.31447987443726155
0.21389253574432388
0.33693732901118162
0.24087351139883906
-0.4469763147798379
-0.26480221476829657
-0.024968868714443704
0.39633330591515048
0.22349369305337335
-0.42164012045978477
0.32944350633983321
-0.22401770490261286
-0.028723115660294986
0.31175774026306152
-0.51032895566198799
0.33796304517958864
0.41918169358208157
-0.17390113883161945
0.10195549689245693
-0.37184268487283234
0.51859026281572329
-0.28854853342277709
-0.79107650091053905
0.37327259838343624
0.11295148809271705
-0.5261414733887313
-0.034984563836410007
-0.54130212407732015
-0.16164701248916924
-0.19750773891900286
0.38253862476072481
0.0099576691705208897
0.22179668235835764
0.023863843286384859
0.23154191624112036
-0.069459132335772819
0.18750520894782297
0.039462862970941356
0.094710604987841077
0.45711659044041208
0.41336422581626642
-0.29659228423550388
0.30220121885491896
0.06575862699439193
-0.0034937123959762582
-0.12008611370658415
-0.28385175174822208
0.19617001905415926
0.14556877701915613
-0.60989335422868785
-0.045243024683216476
-0.46396136742644983
0.13102101878751346
-0.044900760395283387
-0.26076346821137075
0.16686473114548819
0.056808022719353847
0.084591950403217875
-0.09429225690030002
0.0061513225025032411
0.24800976747699666
0.50684735970310557
0.2920174833709745
0.05293574577994014
0.14299538947509513
0.2800474818174668
0.41877213676723735
0.47267742094023735
0.070865317129793048
-0.14262325035619489
-0.51745767751012517
0.26737770961122354
0.063466141433957235
-0.37234857219334722
-0.21245688509567559
-0.16058507566871985
-0.24371995644716365
0.049755347007674984
0.75293268610748532
0.20386089362034809
-0.091046814803585549
-0.36964882052365078
-0.11989624122428651
0.14246611592738345
0.1405669907501545
-0.03550760879170143
0.086963733256033363
0.22138583517821248
0.27691666261035475
-0.0025587568197363172
0.14266928589940142
0.049663209654769065
0.19677617585392018
-0.0026262881199779946
-0.072109644690486085
-0.19354907010094408
-0.62964428440839881
-0.027701365918332436
-0.10404122970410323
-0.61280229935901331
-0.32359031830472107
-0.27822232150089932
-0.45393671059256091
0.0062032453337510342
0.7172641849543766
-0.16129954147672143
0.0030840307801822025
