0.086315282354924708
-0.2008844984296988
-0.13734825450701688
-0.2897922785563366
-0.54927090371758969
0.41510011993208273
-0.31387464556424921
0.33502989633789232
-0.28876073561421356
-0.19530726452066977
-0.31136438984179376
-0.26088892422566395
-0.42057832489775454
-0.12599804805244849
-0.13210737846942797
0.41723837822689536
0.36712626961059242
-0.40538716289225368
0.11854666260259822
0.30730579435130501
0.28942631606353469
0.17388881493074915
-0.55682546309425329
-0.17305287828158086
-0.24957327493899761
-0.01548910469276305
-0.26355397399969949
0.24659640949960809
0.19459982178390189
0.12510813662402531
0.14472796552527661
0.22702466697550894
0.26630433887909094
-0.58770280442121992
0.19025035688436392
0.16774454161483082
0.63198679663671065
-0.45926675756110519
-0.12799079389371995
0.016928565985560036
-0.48300235523103036
0.2472945458619672
-0.012982481908741126
-0.024178851922104318
-0.008729579573966275
0.090935173793000937
-0.27097941742641551
-0.072811502100056491
0.73224833892786201
0.012964806199585585
-0.059313647181796512
-0.57540329526447453
0.13526537739927647
-0.62203717520941171
0.3441792362727687
0.17634137155138035
-0.0988434260506042
0.64332130320829806
-0.042700766580885868
-0.055591975101617293
0.0089252980471961393
-0.33565294609856
0.23892665186682782
0.2277335007455033
-0.54381764140500144
0.060461741553196238
0.37038579948147532
0.099216117164095272
0.18206320938399667
-0.16855601875590398
0.20007970884530774
0.0092209403124979081
0.26006086405783968
0.030048943117284035
-0.015060889059293925
-0.054137973859278293
-0.33374002955227894
0.59107525068679279
-0.068883398670847737
0.22942531062199298
-0.14691626466383023
0.58355418699772588
-0.057945690942335308
-0.74879508494259617
-0.42440563920946245
0.065096599284787574
-0.39417016054410503
-0.17086114623661511
0.05979610038850465
0.10167351548441005
-0.38536462939021099
0.39590729871330321
0.13505416051642186
0.12987650972615453
-0.11134254387058709
0.25224173052762006
0.2055126588470447
-0.30138462813790495
-0.26400909422377877
0.067020658214752421
0.18299689128529673
-0.10517937298645458
-0.349844284107655
0.52703719157120554
0.23137953488280968
0.27438952505657477
-0.30034726952075597
-0.74688991990764975
-0.50475751933337687
-0.055640539386137625
-0.20551228396483717
0.40594080259075793
-0.75868032057536661
0.26956282207819199
0.14568591276136095
0.25589179109169125
0.0080732151672373662
-0.27754143816381577
0.22293953870867209
0.15771752232432287
-0.22190135961709556
-0.18989916626777412
-0.0468564540931556
-0.13453584089100232
0.19890927635367553
0.021592321685162529
-0.18290092579066874
-0.063249645223406606
0.33766093461930247
0.055430669520794867
-0.054731975744123966
0.30831484922575253
-0.34290315605048721
-0.35255709966806242
-0.12595246885380351
-0.083335286746090559
-0.31617306787695509
0.43876922285030856
0.55161476146721111
1.0845659099532428
0.023551832678153591
0.56381088421935166
-0.40957736517731536
-0.19593081196301462
0.37270639738955202
0.069177725553351666
0.37069676816189712
0.45739976052618475
-0.13795288589585605
0.41645478052981794
0.48589514180953458
-0.031517873353168108
0.38389421427566844
0.49374138602515844
0.23520073251094706
0.25787060977331672
0.21032756758450838
-0.057258338607051637
-0.29440904562893977
-0.55013744984900892
-0.15263240384344182
-0.20994655407918089
-0.54823992710232738
-0.14000440970719266
-0.0057006306852878733
-0.13765428994599485
-0.019870060226849957
0.40725857185178649
0.60802874450861422
-0.16423950718645478
-0.55139504813194684
