0.68086654480479891
-0.25091113678913335
-0.50685851624161871
0.24053072732792588
-0.056152366418100307
-0.47746326774235415
-0.48888275220723831
0.33381675710938885
-0.87772123704325478
0.87213879645180714
0.24712283085393805
0.69108059808643396
-0.080713413001593029
-0.28895639739966511
-0.70457510919736011
0.35921912069773959
0.47298863916107581
-0.59661380630772365
-0.67196048139992381
-0.038628748581326852
-0.40209022859269555
-0.18354857402175201
0.29984852052757516
0.047438360898754722
0.55897108620069302
-0.054416450050532736
-1.0558380502252429
0.20386893923809279
