0.38477208461749673
0.04938431241250793
-0.32568031311691431
0.09963854159104979
-0.12432697443493314
0.073444682169884284
-0.20094660910658993
-0.15981436259713491
-1.0051099236407828
1.0251473322651696
0.90089083768379985
0.093419222997824
-0.24671413943178391
0.12503821091150757
0.57396252714151319
0.14192352041244707
0.029125928464198057
-0.12545537976972379
0.15362884323280873
-0.16323656598417202
-0.011537528469988912
0.56365603110421014
-0.12948420614495498
0.28680343852739709
0.12647168768600053
0.19041525254014835
-0.24846596885144689
-0.25323344290770267
0.28462240297042363
0.38703430022914603
-0.1251103290948842
0.1218237640606193
0.039377640336397131
-0.06844303460549149
0.47859172040890335
-0.26529300519291954
0.34292473474179985
-0.196093470801916
0.086327977011168844
0.28930606811891757
0.13127588646165456
-0.38584797536429649
0.37719545977232832
-0.19609438232667425
-0.10668925205849715
-0.27367638777194381
0.24439077620039723
0.37814490417205049
-0.52470146829075426
-0.25677558104010051
0.0078267740264070951
-0.16474815664504955
-0.57955129587923571
-0.39341466229877048
0.41828422786477892
0.47931111153961903
-0.10230016835940274
-0.24713034475906184
0.38976543760031879
-0.7304077351829682
0.28731315254582895
0.38594130260859255
0.24980226253987198
-0.14458265651869495
0.16428993405745626
0.17214083356882398
0.3358268899960114
0.082351167169742556
-0.034729091142958975
-0.24714841862859591
0.89350725447512847
0.54121169151666659
-0.29210711315041177
0.41959023355587738
-0.16920785056218318
0.11007128504936714
0.029170224529596479
0.54583644409711962
0.086151533708445471
0.13680174441958376
-0.80340419827907239
-0.47852888328147658
0.75798234934912412
-0.16408931240641311
0.49920679162926623
0.069524417188114862
0.57803900917839968
-0.23895463399134406
0.44987515420894719
-0.1925619272646911
0.33142295817509493
0.55845157507843268
-0.3300011706032101
-0.21256430858618519
0.14064377990297436
0.115496209952359
0.44564591312239521
-0.33334940334826896
-0.60781226404174427
0.093050018874965501
0.13477528718627757
-0.45189816146230322
-0.072921138869086632
-0.21223624850895084
0.069784807257154816
