-0.6694589163902257
-0.85379136346042206
-0.30826412256741387
-0.067031701583862791
-0.22599807511383996
-0.08904507350650076
0.35498387823124744
0.13583818509428963
0.43130062235949745
-0.33825009706639009
0.70946796767437426
0.18655815018774488
0.029633155913940151
-0.26385156632629925
0.62928756347815895
-0.058869448773414386
-0.51307301506203107
-0.66655693914571024
0.16830015576240639
-0.22524984324159114
-0.15240664298697268
0.37603921732423579
0.37095554588317708
-0.42195448649540473
0.50136080154371732
0.25455274835011171
0.73182902845243714
1.0841778719349395
0.50834806055618431
0.19486159903625322
-0.54388323266695848
-0.51549640019029663
-0.32237044695801181
-0.11011491036679277
0.53293839614824445
-0.52597066033002216
-0.15672998748349898
-0.52848154806722503
-0.61722707391459763
0.22161209112033842
0.074136417351783196
0.60107998696505827
0.51121614262770765
0.11632033251081303
-0.083712423666055136
