0.68877026056235768
0.23396892440781825
-0.17187708368042715
0.35788799078502509
0.17740197157850535
-0.47410094737703001
0.66283818457558163
-0.34763262725055916
0.33499394609538613
0.13963710694377127
0.46890744422313346
0.015281175125031342
-0.38011173216276251
0.67491522935522252
-0.38317493197460473
-0.021171510029482719
-0.061758451909365339
-0.33875188680725338
0.28435200546223044
-0.10587391162032665
0.1350743736905777
0.24633996602901276
0.39945134099530999
-0.073196935380373113
0.029730272049932425
0.082086646102071975
-0.38009932707757721
0.1588697012285866
-0.28582257573943515
-0.26434238993847997
-0.16993370017573242
0.40251737992556491
-0.01582954984908342
0.4277945981975651
-0.082379873431437892
0.24661363494997995
-0.68444975226245264
-0.45378497676089574
-0.069178297771782929
0.19981175209086482
0.412286349588318
0.60287197527504066
-0.383383672395264
-0.14618574889463648
-0.090239469780852635
0.77361176426743572
0.050935063946045758
-0.2031984338938008
-0.019322238662751453
-0.40039127142624614
-0.0050370121258311957
0.41715338833380056
-0.12521923854540473
-0.20863743523916362
-0.7043112754981089
0.33005721655399561
-0.10021986312085415
-0.01340416757179486
0.43436657148639263
-0.020498690262238033
-0.10956931119049843
-0.28755852608259158
0.12597266753768704
0.3086343664684375
-0.068731930708419708
-0.48033626419869158
-0.12571452843009284
-0.62434514569135124
-0.41047589088139858
0.02204812068395931
-0.73595897385300546
-0.067384433919712078
-0.31320244207839398
-0.6092485803386597
-0.21017537575829481
-0.37617175159434513
-0.19567009643798117
-0.15784738995893577
-0.33341537686802963
-0.54307184303971534
-0.45865355659600615
0.53971078007447648
-0.23155459633621786
0.083235526315058886
0.23883962343352186
-0.29108919582882919
0.42428125292783758
-0.02241844252121836
-0.11533229566086918
0.25987054291466788
-0.093274542582755651
0.29609429482225652
-0.19539044243561837
-0.32850774520190684
-0.34662472033426606
-0.27025663620772727
-0.041575989243981273
-0.69852328554301579
-0.068329758296480511
-0.1542761862455668
-0.39476689364320494
-0.065499019526389798
0.011302908317977242
0.20504150863213716
0.30892684138746296
-0.016127221635715051
-0.25804403747135796
0.53154135969779448
0.59259268356173644
-0.053393644125597335
-0.040213222312123841
-0.12107015365838061
-0.3863492102431646
0.16209585020224257
-0.36510396932194544
-0.014354209347526105
-0.19397187288545348
-0.057538923304705065
-0.0012907197409099858
-0.33330615735991675
0.065367827256827077
-0.40786443064709055
0.24480795960270954
-0.25294026654205182
-0.15143049904257785
-0.10702618531624002
0.039314257412207794
-0.79252646629686274
0.019052619310839292
-0.13515041398175603
-0.057402804173018379
0.12473027670406099
0.40204564359884132
-0.60479650459338952
-0.15205435703166337
-0.18483457916837226
-0.2468224066631019
-0.05903685566733749
0.17597405170641625
0.63772293516092693
-0.50286106430470245
0.40536064237695046
0.18688240299961256
-0.23817316560253135
-0.46014669286113835
-0.34308610724615979
-0.20919184044013808
-0.052684268465944491
0.036570159196453386
0.10022965622292436
-0.42352175507265616
-0.17448810189614708
0.085476506116692344
0.27809708792922416
0.051940306672046362
0.063247789549106467
-0.35417812446784297
0.17854154269149408
0.54676498980193866
-0.30954278390483003
0.21491202389207814
-0.34504600385559803
-0.16140032857647646
0.51777942082504558
-0.42509534873730409
-0.20132080720027457
0.17702450622284843
-0.38848481678998514
0.087638153780570049
-0.27359758297985654
0.20329084329410141
