0.11034520992565409
-0.47903378047434031
0.040055041497805276
0.21236771364306214
0.12489613192480843
-0.031954133219358805
0.47650829499953845
-0.11781805701316046
0.28365273607650443
0.1635922736666871
-0.2213804552823386
0.1231461722676091
0.076398514673221035
0.087989228094851074
0.47223951081459375
-0.21140691592847749
-0.077640249513860102
0.054537108580139562
-0.24804960584997224
0.089443284649335583
0.37273090444397128
0.15122154249209713
0.40302886022945
0.25286534464063104
0.16354742891742013
0.10841261084011884
-0.11589194070971497
-0.41080051590750882
-0.46104578663578488
-0.031027184369192922
-0.042557795808354351
0.14785710762442655
0.18486166004033108
0.24387855638709333
-0.045870292311436148
-0.033516980426404427
-0.47617634683769428
0.08110583184609152
0.29056729603966036
0.50553567768519569
0.12509343766170031
0.22186232584674287
0.56283049193907209
-0.48098052498629013
0.003346719784700425
-0.46528665401635683
0.045787997854223904
-0.13722644887834759
0.34942901428025347
0.049359339827890453
-0.22144510457766842
-0.075393506919821482
0.26139292212512172
0.25707091658331066
0.037580386787019776
-0.19817707855360683
0.43656030437533588
-0.22415605984865211
-0.04532335997680053
0.42117727710852865
0.27222568705160011
-0.17112765330198657
-0.18129343962978531
-0.28200728283577609
-0.15927758812780279
0.32253524703889469
-0.12661079542016271
-0.13135321478063619
0.071062806532882411
-0.31862910695920021
-0.14019577078483619
0.0578516400587301
0.2883664150030073
0.091397009347823299
0.20266419774738939
-0.084790526294243898
-0.14858828675270574
0.21007753475388463
-0.34908569003989376
0.15606531710338442
-0.18925612693804642
-0.12087379780731347
-0.29017591849788416
0.45424273592409165
0.43520746455749471
-0.17816032824397113
-0.12792815955253467
0.33968060773821468
-0.0071775320203231593
0.023523249587126895
-0.12364745566674983
0.028740603715015082
0.23522000927817613
0.1929483124707056
0.21380812430276117
0.012257656355964567
-0.0066919679673201442
0.443694872269152
-0.25863390423148241
-0.6449402289878946
-0.074999514091204811
-0.29648190919247247
0.13370453773922128
-0.10893470324717298
-0.077560141111321743
-0.10142444746854054
-0.034999807861576311
0.086001340901803128
-0.0072078123134879388
-0.25894778713813293
0.13087060616150856
-0.24353406963290031
-0.015761935832515211
0.10772701574311999
0.57872446067133299
0.025996353375179561
-0.16449587883337122
-0.093347089141526549
0.13148277006956241
-0.49187939940180703
-0.11357432684611317
-0.46016094117265521
0.19850346725968598
0.31219611697543193
0.084873039697309208
-0.81945205308885838
-0.059107953088470347
0.27621026433262058
-0.36900340528168429
-0.070153902154765885
-0.12343828872043405
0.16004399196929794
-0.1532253821400904
-0.031702070544348072
0.050304150286703882
0.026711819097366994
-0.571808681754713
-0.39148231382442195
-0.046022257708925346
0.24758182090832734
-0.13718216766432845
-0.37062869535204229
0.39679287816584247
0.0092453712600892874
-0.092497202466377174
0.095361086093055519
0.25203764831409109
-0.05064615541895149
-0.026880184100553744
-0.30362235026868445
-0.33854787780179674
0.26366805570212637
0.32823211816532333
0.078780493828786546
-0.0040006849591229694
-0.43595930996331766
0.051530644965991426
0.43989438613953941
-0.011163331245619395
0.11561138166221568
-0.0008562654525265768
-0.44520883179825133
0.18957921706068431
0.53727144525860282
0.11443101932145319
0.070848029368935014
0.012786243044555796
0.1669547839312561
-0.38199126748754214
0.12994466669146451
-0.28051141444843453
-0.26818266305995686
-0.09654310335900404
0.23660599025552459
-0.15033418657772354
0.078872007219021989
-0.14956479710392559
0.43577124874108242
-0.0047641724654044863
0.31796033505836835
-0.12503786535244019
0.092170092431177256
0.039582216737313762
-0.27643325026380217
0.065080077489927474
-0.095701020032357295
-0.25212984939780458
0.19228002315110695
0.17801695731854925
-0.17699335795687057
0.33478116274557995
0.058151374098775646
-0.10179429893906951
0.026343440592071291
0.17728182644254115
-0.13588744397925401
0.21910527405912303
-0.11257578304238611
-0.56456147691281566
-0.00049143160299114504
-0.051661321692998217
0.24513956419396377
0.27820335514097072
-0.11293817209507996
0.19716158814691515
0.16598073762832521
-0.17022228520772695
0.69357257441186526
-0.022875731097973404
-0.0065880165189154795
-0.68884783021531915
0.02460745400776123
-0.40137400592212513
-0.19338896155727148
0.009645547981834585
-0.090800660077237458
0.38504767804544776
-0.19417583497903798
-0.16124158775559674
0.55009411025178645
-0.066892093179024975
-0.036728107190552153
-0.5800151614356398
-0.32570160148943883
-0.002282000045489928
-0.045285112744713828
-0.34337066689588591
-0.16489837506517779
0.06743565217525431
-0.11272043301955315
-0.50869599166063206
-0.11029054159218844
-0.52345040453248082
-0.2333181878919223
-0.15582078342650194
-0.0046377552896820409
-0.24056244140241007
-0.73489641324585842
-0.24921854469308177
0.35128269704956072
-0.056866788823921807
-0.050498018416737948
-0.17108984511672706
0.33762586065471506
-0.39890529504360966
-0.3426031567499308
-0.21417238374379119
-0.83015820984350996
0.078881475383567892
-0.080888155192786013
0.10152025356409883
0.034673799508375479
0.26160309874695575
-0.77690495433065121
-0.16032734598065462
-0.14171173006856136
0.16089109273342067
-0.013289110304653001
-0.27839765725112919
0.40907689812920112
0.025890429226140807
-0.13458993270235817
-0.25610833426229185
-0.31349382359124944
0.076785581352073015
0.56481341504788996
0.024907603912017597
0.18895612363793693
0.19370102825888613
0.16754149874126667
0.51151308797990169
-0.35402324680072522
-0.37748642661261528
-0.47097521727040792
-0.13624258218878438
0.093952701380255937
-0.27882419266856989
0.010270393275097014
0.11394288319490109
0.10892554077831726
0.30095211526397014
-0.2390668609238765
0.17554127484785217
0.18264251794925151
-0.10150412286358523
-0.14025733264813767
-0.069132453293785312
0.17197096591601474
0.1511639816043947
0.1709081663129014
0.24334972918886646
-0.048132824523929162
-0.012789246323535826
0.11566609714269556
0.0073928903408528946
-0.43821744760114756
-0.26252646965502885
0.15050708496439621
-0.027208706039894393
-0.040811450444799162
-0.15431053333034969
-0.60244488733939716
0.1091999057396458
-0.078786784306082269
0.11446095833652634
-0.24489246569597017
-0.016225774672687713
-0.5151513655348392
0.67288513554504825
-0.015582925653279912
-0.11556834605841754
-0.1165908682205464
-0.17621955076231685
-0.060457066210187739
0.30124349337281153
-0.24911091935477875
0.15276489042436278
-0.14270288982637896
-0.12976385607976099
-0.021444483169389753
0.18639777573131289
0.019332419913849187
0.11548595666621293
0.29870872609003257
-0.13970448049815706
-0.37068870457477571
0.40337051903227639
0.036456273319007741
-0.13713123072325359
-0.21328250683080888
0.38265886724358278
-0.08293604656040067
0.23989903339369237
0.073968526662303649
-0.094787076704965723
-0.096715075770958073
-0.0070958883344583046
-0.087422664174646197
0.056370945343735483
0.1810256100913149
-0.25356082870924423
-0.086140696735537578
0.18275725531326772
0.67771809828921481
-0.059117343663945839
-0.3211849985190442
-0.56232974611466036
0.44637809377201598
-0.37804723619681224
-0.29724609463102264
-0.14058803895992497
0.03820876274555942
0.21691116929395873
-0.18304858490461665
-0.41061344838712016
0.47064117459061794
-0.03019239049849487
-0.077498112120329851
0.029233365015415267
0.037008265903640321
-0.27842037645473494
0.54326853429434574
0.34913174982730449
-0.0098942469233225822
-0.08289260960563731
0.022528944021236525
0.094844921598248907
0.19344025577671231
-0.51130685159294009
-0.20507170619341145
-0.13108757087150838
0.055657243473214692
0.24850641932832068
0.072041925292188239
-0.18256933788851099
0.06033699463531584
-0.26757689274614693
0.070492134927119629
-0.0080991152390602339
0.10065930378276206
-0.23595817552951889
-0.17728047186587501
0.16691278587816386
0.18398607828889812
0.16743890730485114
-0.13674013561625978
0.042549206346605244
0.41865260447286462
-0.069071575039901967
0.30477236795000995
-0.30078969533635264
-0.44382583734498388
-0.29098079536836918
-0.27616261051202312
0.28670402682677931
-0.033103719237568233
0.2608270332570729
0.2125824504933716
-0.043913979333121321
-0.20008253858675668
-0.58124597902572717
-0.018238227324035891
-0.263751516838727
0.37361686574266212
0.10853434562426326
-0.025077885031805563
