-0.073516988929494598
0.60518918009417866
-0.89801889856162331
0.47515539008139557
0.055104408252664903
-0.12944284255155822
-0.077124686229968153
-0.13190242070407346
0.15367059525344628
0.14295064710925787
0.27823989525536802
0.031026877709330037
0.076088610678958765
0.1972840174774339
-0.00011963746429873578
-0.43421434830864769
-0.11402959821964517
0.38388570238902758
0.075017793003996788
0.24350134211769126
0.25111481444745587
-0.040834482549656673
-0.094636316357436093
0.59412084138483334
-0.25646000234955391
0.53736704490683185
-0.2722850919211377
0.29640633531000987
0.16725324859745844
0.042436583896185716
-0.026982416427346022
-0.015103097722531718
-0.031140225976025216
0.20970482470922527
-0.16035408228945167
-0.25750436588277376
-0.24495978962643533
-0.091723450286036012
-0.23763117171655171
-0.46273677607866454
0.5781574073660426
0.89376059534045682
-0.2545653531878021
-0.1370958509230869
-0.052425172265803677
0.16977497027815436
0.34874390781546494
-0.13625081086921428
-0.43521710602451374
-0.72419017250682816
-0.37255496285899392
0.030594406398331053
0.02582717597411046
-0.13220363191865972
0.37030260152699079
-0.29827264596777775
0.11533934859751092
0.07996225226769077
0.049503129236775557
-0.23899648716909172
0.018952205728402324
-0.17539747657664698
-0.25715244365357659
0.043325734352547579
-0.10371263004530724
0.31165635499001809
0.21542087823353637
0.099153869769328093
0.17933688551372096
-0.085814165611614826
-0.23380036507022514
-0.19775158226942186
-0.044688735582103567
-0.081729238408149912
-0.1049031147977727
-0.57859428838264648
-0.16712641640578707
-0.16813408085275602
-0.0083895551654702694
0.037281612100528778
0.14230670918252125
0.29197675164090936
-0.40103898910910279
-0.0031545439180778742
-0.066443323167559645
0.031793548059726957
0.1658115060223016
-0.18610445615030297
0.13425009218537035
-0.45733728809737351
-0.020610021506162524
0.21815825959144075
0.35639521654768497
0.0037028997645857068
-0.44190269315091413
-0.441763812806236
0.076348858231000377
-0.30411851037887361
0.24572122220031475
-0.20289283675761213
-0.02287063715511262
-0.095500883147612667
0.70081641012088469
-0.050336390694242589
-0.12293725698807484
-0.072676125626928101
0.15509555739657932
-0.092993669658681499
-0.15396320770763922
-0.46970436416920958
-0.079345874062812446
0.041100287358815005
-0.42579238443102019
0.2451300126330887
-0.17319165963878852
-0.20945926961512742
0.16212584932298221
-0.16605584898915754
0.33785593581556073
-0.42841506400142393
0.032328470689327614
0.35547927439869736
0.38503312103422671
-0.31563895519294805
-0.084611700501525944
0.10477523507825297
-0.38465937889392204
-0.69856956589903274
0.007997929669819704
0.14071742606818091
0.032956600595754212
0.38811018830987726
0.16757704183223221
-0.32735714027796098
-0.38239785365820406
0.33016279035302898
0.16750067853745046
0.21857695787210682
0.10080366136386333
-0.14466280379498672
-0.069984142204663688
-0.33952928701397195
0.15021000390684339
0.24806020899218231
0.14063344400446867
-0.39949548495823367
-0.087524819554530175
0.1393701871843365
-0.020617819149178276
-0.21345527915530066
0.26027603386086495
-0.16289323849703022
-0.016206165889994868
0.26983295332345519
-0.12803474774825732
-0.012467563131631613
0.25437674632484425
-0.28539135869817439
0.21860676841050164
-0.043944974486196428
-0.47392461206698427
0.039766301488915641
-0.37959135630343455
0.0087808333352452257
-0.3554064765608585
-0.03865574889860713
0.26777591558394709
0.26202365531366006
0.72549573907714715
0.48024838091758959
0.1342269414246148
0.093298624001081742
-0.16152805152247648
0.065311884652743207
0.54534647259950908
0.025278863463680541
-0.5652238888693959
-0.32573776004353
-0.057923150506324392
0.32045014394820787
0.11505351034778039
-0.40409588688909887
0.26571449498198119
-0.28830008143086738
-0.42461584535188168
-0.069557287813130406
0.14928018102742602
0.11947412462007305
0.063717788306380779
0.037044165804091964
-0.32949549149945712
-0.10206156376077687
-0.14301763923673408
-0.22509328627955386
0.03817928088290342
0.1688138437943989
0.22857935223498763
-0.0049803809344612796
0.45359490313896794
0.086737586088298665
-0.32416448282026872
-0.51456935817232963
-0.068350065224652118
-0.23505799126398588
-0.33101575918027532
-0.087522730483881442
0.29956524680498159
0.13155995381585883
-0.072154602055074943
0.44689460128582864
0.28770813284122243
0.47910570458553497
-0.046257703662207911
-0.2664425671547197
0.34518662321736882
-0.46223925830587348
0.25905023958528867
0.31058976996724352
0.24543516778144764
0.076594047621567518
0.12580556324187828
0.47971703770077251
-0.16323746515504356
0.57973750607581076
-0.525186865150154
0.59683681072493755
-0.12982573165858452
0.28604529957800778
-0.19016719038080876
0.64861821708843548
0.025542039920975
-0.14544720331428565
-0.0085991818067044645
-0.58198040071115842
-0.02124723275525419
-0.18728668220143352
-0.16515580827696727
-0.11563620556019662
0.058800810294931678
0.4039394876326905
-0.11421294487298478
0.27377057032673668
-0.0064552679506124392
0.16878056681710826
0.0046680342981326563
-0.057026334197482674
-0.085321006078179551
-0.44499945898440807
-0.13432525382977528
0.1132236374232692
0.10982736010576472
0.51658324999471805
-0.18367473905955053
-0.053193854551537627
0.13769020970890095
0.25684109524371274
-0.059617862162483708
0.43282172321344736
-0.35833806474604191
0.031307326799623947
-0.069261612805782288
-0.26559961268386589
0.04619260797212494
0.04010029813602696
0.05047586626457741
0.058896347365441928
0.44302907769417738
0.36707119712563319
0.034923747788133452
0.13284797315132577
0.47741548297844305
0.28709872381385604
0.21264084581312018
-0.13545398794990779
0.75028184680638832
0.029659330731678694
-0.042310618165477633
0.23874323277926071
-0.051781312721347221
-0.66119851849415856
-0.57579129553634967
0.032394394658156765
-0.10047751008191488
-0.091555017669752506
0.47723669531444246
-0.027636072543903867
-0.090718331241004049
0.23171511638497147
0.36101223137566268
0.13967595076144057
0.14846635340735648
0.001521870351720578
0.12194685088995871
0.062064066088271787
-0.27618682451026677
0.021492176824347849
0.29965398362321721
-0.37630374480368645
0.27173234128253559
0.34231103856864714
