0.087651073708991167
0.0016739478319904304
-0.16375899285199352
-0.33924131085076142
0.62815343137664803
-0.2021953328995027
-0.24268425019041218
0.37787420711123626
-0.5862224330589153
-1.054754531297118
0.12996537781099088
0.20931559176627029
-0.13454662418197663
-0.42125855329874579
0.72544631422674111
-0.61725818348985473
-0.17436475479226557
-0.12466880045029827
0.82679574955990831
0.501469148042896
-0.45058596961697084
-0.2208198366731178
-0.48353272551007637
0.11062993927814008
-0.071245427143975651
-0.79218397499330273
0.28533349994217011
0.3829804355306215
-0.34451588307258368
-1.0601581826920365
0.71271389089389492
0.051900237691756161
-0.47302800776406007
0.20582905717094896
-0.071873759198382819
0.42263207931679508
-0.21642155291399559
0.55262675117113436
-0.54217390050917336
-0.065340302434004058
-0.30844914800949169
-0.4911009769847397
-0.038180434308969453
-0.013069989723910373
-0.24981274128464317
