0.16305004024171502
-0.51981939477056405
0.19308658887293925
-0.062352421820584501
0.24282061372812905
0.023196281436985225
0.05241158900911011
0.19392771222191552
0.11937301275604102
0.34209914289512516
-0.008693840582862121
0.20341475755008276
-0.31200230201562251
-0.48758721118441817
0.42149604952077002
0.30462650281801945
-0.44322358473550461
-0.032540671013767758
-0.31302428956441386
0.15641699688766619
-0.14120074599636726
0.32956413557662256
0.058754515410877332
0.29191670127641045
-0.30508095098392968
0.11705206590808785
0.46032328024408992
-0.044875193332939413
-0.46449451818951276
0.042328225217610316
0.18830592200605625
0.27543117316372667
-0.37373009292235915
-0.33738419662209812
-0.55314696053791312
0.06551608854938934
-0.21138935650639018
-0.21479835039471071
-0.87819598801425658
-0.64066117949537049
0.4869748571858889
0.028643221901009853
0.24903664576233048
-0.13844169347407956
-0.25950551459662763
0.38631633489362271
-0.15970138100887715
0.13052148926651552
0.34069881057635554
-0.73338945558699653
-0.15719968493823291
-0.24468762205367464
0.44390673449796986
0.67609735728782894
0.12434034500229668
-0.72436382459745763
0.25261064889357709
-0.0040568085612154615
1.1080174113330898
0.25754735628414183
-0.68617494945105717
0.25742956279432455
-0.87999318559111828
-0.16001815817766821
-0.40136410706525333
-0.56029178079903663
0.064950907947107298
0.16908202865161381
0.38780816368824739
0.52359647831251355
-0.22643644773774982
-0.57785189519120772
-0.23895587128689816
0.03531507164803864
0.28174149434861823
0.064682967405609415
0.64200598817808308
-0.10591364170100953
-0.43435390673340774
0.10273523777987477
0.092537616012715596
0.47008292291118559
-0.041902384558679694
0.44623032732144213
0.30522552077391329
-0.34085996224757042
0.52585827234108207
0.31311810396000539
-0.58892111815650983
-0.20830549418492891
-0.26113476177347256
