-0.10794453436833669
-0.011475486144096389
0.15077718984512489
0.32525257063349899
0.026189938179366747
0.2298424864640497
-0.12659638569049003
-0.38819995425903614
-0.35261317130840725
0.031825096140816078
0.11197738905807315
-0.30505728957967659
0.35313277161827578
-0.22459445827380736
-0.35183031147869048
0.19873350949982274
-0.16432256208172802
-0.14645875043808107
-0.29664861920597535
-0.064343150924065409
-0.15279250060447128
-0.11907338498313293
-0.065037698292899376
-0.29439113627412511
-0.12065368554052301
-0.34849706851412021
-0.18132963773839014
0.4915332882067267
-0.041130507990399544
0.25548514377826442
-0.28773150602077163
-0.2793424982269343
-0.037465981982399893
0.17025602636985807
0.28566764539457806
-0.10017739758975328
0.14873835454502826
-0.094163729263369772
-0.56601797618143768
-0.22068235432829292
-0.23549201956403432
-0.12200151963279941
-0.30242976701464319
-0.25065589917620557
-0.18573049469026739
-0.34864467381356562
0.53534587807474365
-0.13985998459355944
-0.27028829785371461
-0.16969891033403464
0.31299111826214793
0.23872977463718903
0.42904046077758951
-0.17085892942788802
0.35036924045106926
-0.27127550489381902
-0.074963846239179802
0.084219019097454384
0.16691251901913906
0.27216833616514141
-0.2603308749312313
0.28771955717351816
-0.53587430093468957
-0.19854852606040696
0.29249497170461697
-0.41509877749203772
-0.048095886170934653
0.33053106909243679
-0.050209791611697308
-0.10954151437398932
0.07749688585972761
0.1226433959706999
0.25305124680158092
0.032221539508446646
0.13139050572192332
-0.0994824126872354
0.41088454880525355
0.19780424330837407
-0.19055646620112882
-0.31048558656476177
0.066815151675477927
0.098003879414442469
0.0092120922221835353
-0.39051133949821348
0.44225261667267962
0.35447011463526878
0.25802303989299341
-0.091355416060072192
0.081131623414552462
0.49617549421433244
0.08494699714707224
0.50342492788089321
-0.33242243785753356
0.55562762074724659
-0.069745933528343504
0.28230162997514002
-0.1209799710992156
0.027368881897974033
-0.45340875134587949
-0.37887823258362441
0.20535908864332689
0.41092016514064578
0.043675597364485022
0.082192029804158254
-0.52890237466478784
-0.094205812391105204
-0.51778579538967551
-0.29739119340454112
0.57421251417160235
-0.27946608662560879
-0.060350677275511126
0.05636236545245888
-0.4827785838521621
0.093043365452330273
-0.35143573108693787
0.68006438016783954
0.31272310867640402
0.1933959350618154
-0.5346954729734098
-0.32041278579768229
0.40884643557217798
-0.038913775611146326
0.27902718987044178
0.32397464187110953
0.31114527355395066
-0.17121592855061374
0.12207157836974553
0.40072247123875132
0.089695728174456771
-0.025881005419402442
-0.22647729898048255
-0.25662266209199364
0.092004397060749532
0.44466045294877876
-0.010284605038785434
-0.15492235848528596
-0.054271218839210912
0.48975057409724254
-0.14483653599566018
0.1164766360616645
-0.049403022516808281
0.14694016188777148
0.10056483925344466
0.33161510161465896
0.087438170975212198
-0.049906564458398535
0.19513857294735165
-0.088962798905133852
0.25081044129097035
-0.36293181127130947
-0.15739087576161559
-0.22412431990366863
-0.2830516835952846
0.27248900471703841
-0.048704575087378757
-0.17480085252189023
-0.071380898147432051
0.32759746918851496
-0.065850452490420402
0.21531541766357501
-0.53775551180417525
0.012179652305237633
0.41558959117225797
-0.17478464177232017
0.33513905692858637
0.032939506660260791
-0.17273498379162824
-0.00077519805797331501
-0.39409087994625408
-0.34755228802539218
-0.21833533403647903
0.031713719541939724
-0.39904786448997109
0.25490192083217761
-0.054568136078288483
-0.22864495132130719
0.090819978008570182
-0.34093382512924003
-0.027727776295998329
0.096445960240413714
0.14507747034258295
-0.087136008237782087
-0.1552061004329322
0.034118677104622915
0.23988165983046192
0.26933222550932606
0.033472743282457841
-0.28837160656976574
-0.36182699931099854
0.35099543587794541
-0.085154220759440749
-0.58271178171103488
-0.19525100278140814
0.020861450718384893
0.16180582369984942
-0.0030615181084396271
0.3201480614249963
-0.072211891335687062
0.076437017330253515
0.04132577240991079
-0.38956089582121878
0.14156999080281796
0.4006291118888759
0.16797557547481837
-0.19661033053227572
-0.12503856576007646
-0.19757371857027006
-0.1500935893078561
0.2922982890626421
0.24664516098693604
-0.25364814847089023
-0.1163537486239828
0.10711847241738875
0.1206860681775878
0.21203042057544277
0.1836987858518348
-0.15406595017310015
-0.40645072677275962
-0.086758296639017712
-0.091990353732686561
-0.20694598343991871
0.03411008093628811
-0.21840443658025921
0.50040952819978646
0.011322103270800569
0.11067025766068699
0.19435100000934366
0.13602351565684417
-0.10632221076827868
-0.10012758850048971
0.13862546609921791
-0.17100465668084144
0.002344700048421387
-0.61372871451850375
-0.17094671968105754
-0.051209581693485808
0.12006929117433701
-0.023139525831755606
0.058516348112484233
0.11879087560001748
0.18521258466884119
-0.47922169930340824
-0.058091148913683048
-0.46458392821665628
-0.12050776713296975
0.29137247083910794
-0.24951450138856748
0.044674275120047895
-0.30293087214041742
-0.21390683260218599
-0.068066302691338898
0.31616021667219785
0.17691306713722973
-0.23997300423607273
-0.33870480501173622
0.53791997329576979
-0.28526491018482508
0.024633988763095849
-0.022737471113772834
0.038253431077896902
-0.21721340149407312
0.14483332656405484
0.10565297162204366
0.35233819633399638
-0.4242882570447955
-0.095828768093910041
0.24714558697305039
0.1007540940031813
0.24576830232731869
0.24001974267734591
0.14819810378521467
0.015962732654484852
-0.55786279502300173
-0.62035252869745683
-0.12751174943862525
0.37417018210491265
0.12427573335674293
0.088123474531071277
-0.042317344236300472
-0.34468425278094361
0.18750025293859116
-0.20818564280483456
-0.50405928361198371
0.013231820534900084
0.080707301855824934
-0.17832402876487233
0.29694720500050581
-0.30900113859857686
0.073426672091901984
-0.28368715096812147
0.32888493066336288
-0.33151313896395845
-0.32493502250918105
-0.083150707458868794
0.10326023274477661
-0.024730647605315868
0.28881351501081459
-0.1580705106102572
0.28824882877889463
0.27641904486200336
-0.1623890350356704
-0.34715983532297734
0.1437527670928721
0.31680382381193478
-0.32069439617610512
0.056899883043368168
-0.32600320746906702
-0.096859261707589267
-0.32866902073939958
-0.16127352924318111
-0.1488903016798877
-0.02929889115005432
-0.057346398011173125
-0.0085121582002624374
0.13291780054267879
0.15553168101392667
0.09396033546089666
0.13453233872522383
-0.12477952679132183
-0.17810267412095088
0.35579163122339896
0.3155639061308565
-0.20957317966630326
0.073066903972872771
-0.14540548446075044
0.12457464990985359
0.16957943379739163
-0.16575834267234901
-0.35620583785329774
-0.014296632704485423
0.19916693688941633
-0.1791983931564074
-0.049643307349146522
0.16920812893584403
-0.034311288585208183
0.3847494110857681
0.2616728706146656
0.49412629404592628
-0.02420209083547719
0.16713233967541691
0.071574137030202253
-0.17037383005077261
0.15146595805051194
0.040212110212919164
0.30142402803433366
0.13007068565232169
-0.045179641307868876
0.34053812931673655
-0.25423347194485169
0.23244476530245714
0.033039016100021849
0.14978099563817523
-0.1686460296994193
0.19216139000191851
0.33156661315433411
0.21899455627720568
-0.018724431764021835
0.11932601375535219
-0.07717513035467817
0.14923780868399483
0.083398427008624265
0.032704356522274915
-0.38817042954219944
0.14478630749059282
0.17585893378714124
-0.25244050309245714
-0.10121151122601223
-0.35409242834125104
0.48852256382504183
-0.53701239054021277
0.011619953023491199
0.037909639209260472
-0.082833866504494161
-0.33487706740103185
-0.086684217537886465
0.41748641601433711
0.039231421863995641
0.10660445849802358
0.081811201695848532
-0.16962363549006212
0.33976189456702399
0.017540657330490209
0.19047417455918453
-0.25374795823526985
0.62404932438850325
-0.095527334312516837
0.34484955506787374
0.0066692273455822145
-0.046322268716752123
-0.42231710309209186
-0.23951794764134299
0.48670428792487619
0.51700818832046946
-0.40554564518742331
0.21372195058457596
0.12286875913187859
0.13994808634710951
0.061311121552000809
-0.048433321810881204
-0.22927312100140251
0.081228582988149153
-0.32892795732774144
0.11758788049918797
-0.21727031637881375
0.0032597804811587013
0.80395270110831352
-0.17157683130709284
0.022695990843664218
0.21454527275243943
-0.32609908106623547
-0.19993549695920243
-0.27530504039851378
0.037333214878148939
0.040242311624927543
0.33822739001038227
0.012565785980185646
0.095685886288797817
-0.17721026099653472
-0.35526631213496757
-0.15479419679549067
-0.15073386585811416
-0.046361948828565841
-0.095319741995443352
0.32081181001988063
-0.058940647375701476
0.21265750754034421
-0.27139234779361981
0.25935179533784264
0.35447959102763932
-0.14723631422275055
-0.029918304031681588
0.42337142235888575
0.30103611004663683
0.35989123437365567
0.23207566799997062
0.14943971098841882
0.085731776493759793
0.13880599783889305
0.10885869230483729
0.056461768447515395
-0.11603746269602594
0.27997267678407695
-0.047759586304656411
-0.099007521695544415
-0.050474534321877054
0.45502362845040589
-0.14730287921734922
-0.30400954102049116
-0.052524738940700977
0.19067152894362618
0.32118223526663681
-0.18659784315756109
-0.17092805256696303
-0.073344238253025162
-0.12058791266222561
0.30408568361912058
0.36637936700642088
0.41969334023916294
0.23661669072273278
0.1667050594504054
-0.32728068936478927
-0.10546560313970182
0.39256625829865227
0.16039579392174955
0.17169998095965203
