-0.26792823770639379
0.51759112759656534
-0.086578551582858723
0.02051140052833798
-0.49699258334595936
0.44370421807011767
0.23424051084321626
0.03178608422330749
-0.012730893616096231
0.0224514274832694
0.2395296381268221
0.1526095481892287
-0.2753993574289027
-0.30136836914364717
-0.00073000463846307779
0.087269682640252574
-0.24054599460017603
0.8205194071052756
0.67157718962217927
0.41771764733236366
-0.2891173279196676
-0.35671110942789402
-0.00060247264459117173
-0.055375490977521556
-0.3269866290030492
0.11913492709048298
-0.94203936933145771
0.62141911979583853
-0.38167623753634239
0.61062464748775092
0.95067868969644087
-0.40756156748619476
-0.43678283547197261
0.1343747775943831
0.4043480268262129
-0.25216293652741756
-0.36168215932768494
0.15825399729322306
-0.074668967352359825
0.17221650485001888
0.2374480774156735
-0.5111651150706461
0.13847425514555733
-0.13905547811618277
-0.17598429633422755
-0.029216844978091412
-0.61562060026041621
0.19652295541898002
-0.50008408063200804
0.095727755146042801
0.52842247475564752
-0.21329509587226675
-0.30840781231735981
-0.15907227114820088
-0.42697135188618351
0.43348598386846099
-0.17335470823854834
-0.30735190517875172
-0.075911496732748121
-0.11045055476848531
-0.280084043931417
-0.043238449571315285
-0.034703631588643064
-0.080398563837927844
-0.44220282473078043
-0.10724928496520063
0.40633915909975188
0.21452788710038662
-0.08797381172626921
0.25074211567298094
-0.52009259822339537
-0.40524081501263043
-0.093642849792717059
-0.17504943675235404
-0.54866386640214715
0.36253313353321476
0.10986087848423767
0.1023294690605803
-0.065436424928983813
-0.72667223939690573
0.25485362749866736
0.22982579662731753
0.36886092362095241
0.64211869070309158
-0.13905603271756745
-0.022709421555870496
0.18449541347293372
-0.13386695443040497
-0.75420577089474383
0.37106310266388731
-0.19525322788638988
0.22874150554386519
0.53288185841480462
-0.25108067873608386
-0.7177859385610218
0.072994387094789268
-0.081219210488139459
0.013427069116994775
-0.21126286920104848
-0.72939309844521649
-0.13328909125446428
0.73019607302823553
0.19507911461112085
-0.16295815290209562
0.2322818837015343
