-0.096071710274564723
0.38930799644684727
0.44818634481562714
0.096033606887113543
-0.031671081399679307
-0.30767874163531655
0.013770427579661612
-0.14134183928389596
0.099533791376834949
-0.10305031887232095
-0.39561439958137407
0.026015972498225935
0.50761643557320724
0.37627272596467642
-0.18377290564031251
0.41166897011708686
-0.28192224324596971
-0.40553646346474143
0.1933829981993202
0.46236939899402163
0.12271165022081562
0.18881722430371042
-0.34019235868150532
-0.086424157400256857
0.19454481514280927
0.5302631650324594
-0.047941004433853227
-0.21968136380879139
-0.20884900054981964
0.2451463802109268
-0.21964041046208085
0.42639029831360942
0.19191573083639957
-0.58561847708758474
0.33729761091135174
0.15333693001912438
0.10508512117951208
0.30131499105784432
0.40767585252053523
0.30949120510841138
-0.5102912293061328
0.039568047394551345
0.29905531352390297
-0.059313534528941406
0.0024118234509241318
-0.55142143564101087
0.17196470357742322
-0.45462359557955129
0.78335226833503691
0.080285533598561429
-0.31950038900322547
-0.22125023178841252
0.077851017373700829
0.098909364743111558
-0.078164064294993271
-0.042802911971411534
0.22941347553263544
-0.10377213767765621
0.47302386889561243
0.27771488605913408
0.22600392465143129
-0.10048773006869161
-0.20977530436951178
-0.11370042912093974
-0.046746838738451285
-0.13650066084645629
0.36573217406531539
0.030114606320842442
0.28817395349443886
-0.81236939786464679
0.24555392052785199
0.56302711284645668
-0.72003042929566063
-0.31841760296707378
-0.29249367162040729
-0.48321600109947499
0.077951376314560936
0.16094426392377598
-0.029901410590257974
0.03590244634393186
-0.35017135594743842
-0.13743257701001324
0.45713016704910991
0.39532156928577294
-0.062066098562676052
-0.33842478782201407
0.1710622959350927
-0.091408916835261964
-0.031752160269848069
0.13668372655148753
-0.015462867138253717
0.25486679895276043
0.53675306541440815
0.015252134453263285
0.3531691738980034
0.081225540146188283
0.34182034342223944
-0.042817281744232619
-0.059380516268987285
0.14914538251996787
0.17230248074770016
0.17546280901009967
0.41007050445015308
-0.12337855653584014
0.26874755162292818
-0.2558014289020068
0.14580608099235162
-0.47489822043627899
-0.41995401205600036
-0.28512239395617361
0.060400451527938485
0.29755571352160048
-0.4013023843197106
0.015352967689312219
0.13518018573233068
-0.096668677491087235
-0.50131986413175644
0.52976897651449739
0.1873887099857445
0.038316361801723854
-0.28112088975206007
0.21547337084603663
0.014599909724182807
0.28983326570103329
-0.23667838162578134
-0.2803599758150544
-0.16988703214819892
-0.36047939014150338
-0.17216697156341609
-0.054142937783666301
0.19544751917716302
0.079609346419118182
0.015888680028812569
-0.18829453691081721
-0.097367267311309832
-0.34980728794861288
0.39835552433318672
0.068175088486685007
-0.1479611206639091
0.22363186307117408
-0.2367403371948012
0.115241977075489
0.58657506910291823
-0.45960556261127106
0.67073776144301145
-0.083510427367564352
0.16196186362050946
-0.084452108921459684
-0.067770285940692704
0.19569046399759177
-0.38086005423603353
0.13898523903399082
0.5523822549596108
0.33435897727367958
0.19275035593832529
0.037608087040939729
-0.4748766169368403
0.038418316090970697
-0.24505955370745405
-0.019631249376295443
-0.34440590784493225
-0.427802921406299
-0.16584842049144263
0.027432413667374339
0.28301052091003726
-0.0076230612327252657
0.25157982242199534
-0.090460115585531825
-0.019879989185839428
0.61590433107125997
0.15842073934227074
-0.25713036150907614
0.0070035225043218385
-0.13214383910043961
0.052363947251409526
0.40992001601489669
-0.20600240818286189
-0.23906381378899735
0.26407052725744457
-0.21205037402093355
0.15676502752986474
-0.33765319846855091
-0.29909892065225319
-0.56838275338074407
0.53023174158308062
-0.17869192712892801
-0.30891537533223268
-0.046936419347974392
0.1280954457201384
0.033011003555113751
-0.17929282896749793
0.22775448809691615
0.55520173471700862
0.52886821531441086
0.13314462938922658
-0.65635697712222085
-0.11236313031028849
0.16139790327755468
0.18306469602349676
0.083611294006397094
-0.40867363745992497
-0.011326375535508715
0.14612201949426337
-0.48717078776704836
-0.030795291255864367
0.030639510390447423
-0.13734935299590331
-0.34285787928572242
0.17209125566122149
0.36094737838950652
0.12055022667821245
0.0047911254486862247
-0.47105165559345863
0.26044096836798891
-0.5151387303398276
0.21744222244166436
0.36555378923322723
0.030390176272762491
0.17523397597753798
-0.516205275422424
0.44296581647165945
-0.32134624042304755
0.082059929305014628
0.11638015375413227
-0.36300096653441366
0.087221492471713014
-0.90678896937884435
-0.38770482294931286
-0.23605485873773516
-0.31023122979365508
0.26958106003869386
