0.014774054054263715
-0.15928532094831838
0.20891470950959026
0.20772147667086396
0.42209811711627987
-0.43124517288184766
-0.036881219212748707
0.25842596365429432
-0.21619697526763432
-0.30922859741281472
0.51499720496574475
0.084110614448536541
0.12420770389753374
-0.19846710253758895
-0.087325711604684886
0.15733701455007076
-0.16809458243860068
-0.29249213893324616
0.58490222017429949
-0.030509452059780392
-0.31388013633875289
0.51333191048688454
-0.019387194912857366
-0.28301363552196102
0.05128904871934848
-0.16661470780881196
0.20788101477350654
0.25705643466926031
0.10975927785862649
-0.31812555294795108
0.38492393563680088
-0.45648939053343968
0.2827016649083311
-0.42948928894189431
-0.16782412710449451
-0.094724091972104227
0.14354009422113626
-0.16671747236706264
0.58703481581408012
-0.030298967106491301
0.28269003344309873
-0.24654883148055845
0.17805585926791803
-0.064789322172091615
-0.26194105899254821
-0.0051286001831109106
-0.1022236806786738
-0.27624141736198321
-0.15035379455196649
-0.13867461032148753
-0.24677685563463317
0.19246567560240746
0.0041316069917875353
0.12087502968029824
0.12347928228634711
-0.10146812809355803
0.39518127388857743
0.11046366487335037
0.34861114495685114
-0.27393743186346098
0.011985924793228483
-0.66485242208039586
-0.15386942025829539
-0.27907138245905355
-0.18819615097488349
0.22569231759784997
0.1414027303729046
-0.25237598372082315
-0.39797212975018914
0.15569288138423815
-0.30056502299772703
0.2065470142169919
0.018414318317168086
0.3475262834099937
-0.11521671504006296
-0.070334861026522241
0.3658614523412444
0.307905173239304
0.46643822037788019
-0.097452044088647521
0.28782375862628462
-0.023528598591994215
-0.58343199192652717
-0.1798977197888767
-0.2172758959513604
0.097881572186378454
-0.14797175261906095
-0.26615444992840698
0.098897647432197325
0.39171228482996479
0.20591717904408113
-0.202445792625431
0.22790961089257583
0.23820659707361469
0.22990841103200851
0.040870890286282512
-0.39993389340167307
0.080403641508375603
-0.00046410192512249312
-0.028866621468281398
-0.40707417772520316
-0.1315355135119001
-0.1380703220821006
0.061022690250568563
-0.11938483488237731
-0.69300505145950986
0.027506131167295493
-0.1387241151238707
-0.026575351208818227
0.089176462184340805
0.35698773683923557
-0.080725956238023741
-0.32981406600738872
-0.21790421032863286
-0.24314743574444184
0.21444180657717099
-0.19946850059840043
0.078122773689779657
-0.037162862534891407
0.45492223541519128
-0.3404000384406774
0.41141729848671865
0.16288874822861824
-0.26358886884878779
-0.07288113955592479
0.54938048881522572
0.031093006341449566
-0.052786177871241714
-0.15835990638884664
0.47364000499790326
-0.17660295728646991
-0.47939069971120585
0.3455963049478647
-0.050292142738826436
-0.18108574403751346
0.3621109788468565
0.26017950340512835
-0.46777635847553067
-0.020029449228058178
0.16782260709133243
-0.61297418133090975
-0.10314122410938192
-0.32471360037069152
0.37251741102749003
0.054818188914975252
0.087369067073599316
-0.06866553426992085
-0.14647258036863628
0.55960458227741949
0.15561915412424882
0.075692184363287021
0.30901021012881064
-0.17391648913031107
0.29475632114161848
0.11944496284465057
-0.49299753282956621
-0.085402829425104451
-0.1589129955481117
0.15769186711025096
-0.59452065894615636
0.051326034328642647
-0.21260889139824876
0.044403355952654253
0.21907023632984038
0.091478933212133282
-0.0031856483739606291
-0.023032069413843077
-0.18205979457279908
-0.00095191754197450384
0.32199102116166411
-0.085069825651365394
0.19801945327867496
0.29219484446347327
0.17080905547626624
0.20144485851849891
-0.036601180469813019
-0.23179947865178571
-0.038302192122802253
0.033373065267254386
-0.082319767289141491
0.36063129054619925
-0.043422423473482567
-0.16353755991395985
-0.14144621350140824
0.11433039376833291
-0.053026267784286006
-0.21740397329868949
-0.18478834744734116
-0.029107801556118133
-0.31379016565878581
-0.23101002594438202
-0.099440827501041565
0.11182088440483406
-0.15873435611122147
0.11636170109864484
0.27225684941112005
-0.19363850946516187
-0.30982328312265756
0.021928678936809148
-0.151852948579111
-0.19658365774970721
-0.33608767245244181
-0.34780981825494806
-0.079437684321952681
0.1571897164609278
-0.14044659470949067
0.43288449898511933
-0.077517400728308344
0.30943054949659643
0.13817595749600708
-0.44192175875672163
-0.08906110296508403
0.18958558532439757
-0.2087839766084347
-0.00037385444001565663
-0.20799395539602503
-0.21866335085323249
-0.096893149380842702
-0.26910996915455987
0.10018811161997439
0.022631603684550427
0.12451536964654281
0.083622140936786105
-0.026868967046619643
-0.70374830609195316
0.035798166302723221
-0.17428022702318111
0.27820767210762198
0.10040349824698368
0.27720199112741367
-0.14364933754668574
0.13795288413003395
0.090498786730761352
0.41767815206198583
0.35684882015659314
-0.12106725630551153
0.18544094268025174
-0.17112664469004199
0.47654183892163243
-0.32058142829967395
-0.047576443886232875
0.11062485792317706
0.24663593467733247
0.27588295778436928
0.54644305258498882
-0.036644297662644473
-0.35304209390812447
-0.067987350928416318
-0.20822182734268835
0.33308929162454415
-0.0442678079249696
-0.037398604798852098
0.37192548843572071
0.076102315488335515
0.27529606146245528
-0.0024917155211015883
-0.1642650077973605
-0.50795292014215665
0.56680500142740964
0.19255545667073296
-0.16050548954934712
0.24021385202519577
0.17966413285189903
0.33116506025560993
-0.21367445898862003
0.11439178865591453
0.2345565815290237
0.059881964228225136
0.090057806770039994
-0.12126780325569343
-0.11830920715557974
-0.22421473198477396
0.04223849154234572
0.026914525795156165
-0.017212404584764085
-0.22627299543243529
-0.3683773250005809
0.0090490497267178942
0.58825423151382261
0.18328439012038411
-0.26187565615256592
-0.48240594202253823
0.053267965661229565
0.10246011065905808
-0.2152120818995083
0.11427822620010351
-0.28335142412042214
0.2209964268600606
-0.42176123164518725
0.052217653176970864
-0.44788737884098861
0.06718399347254124
-0.39724425800213448
-0.084721674733581026
0.13001850494681794
0.14254444088529708
0.25766326620126651
0.066891600583135022
-0.1488378448552572
-0.64749612580991278
0.63614363983868849
-0.10332117894655178
0.13768668112744512
-0.64659704629212222
-0.076156321413317088
-0.23306193984412901
0.39157651845863295
0.074316136881922221
-0.06476519503181298
-0.13351797916932903
0.095638677026702271
0.1732823867293968
0.12583652421938465
0.11100424874174333
-0.024413004026681045
0.031349672572957864
-0.01523326016896312
0.23184193770943801
0.41723225962911736
0.29667589179071024
-0.020954449261860821
-0.2932640367521725
-0.081189481071508071
-0.11056008469140792
-0.52174439141735562
0.35719372357747708
0.0069280740106599454
-0.11828892021711343
0.22882459406340425
-0.027151352576553996
-0.14274609221263429
-0.053107907616636148
0.1689713407178455
-0.17718351883036085
-0.076548501534929869
0.1311696228939894
0.14628229568873374
0.2961981503167524
-0.26745590676634357
0.41537158527618478
-0.39056347156198418
0.53371986707718611
0.23195215725687116
0.30120888250756134
0.14374294835979606
-0.25197029706302049
-0.028550408883320881
0.41883340660093998
-0.050429321331498328
-0.12597753860924324
-0.40784985411828278
0.30454705670857801
-0.37023622452722582
0.1048393077585119
-0.053400678594689339
0.24834331632130646
-0.44861546660964885
-0.057306418701541489
-0.17335954211467106
-0.018241661916649509
-0.3761984109852487
-0.22472039782379366
0.8171966327922674
0.019883343034512845
0.1478345467275482
-0.0064532174459211878
-0.13566446374168503
-0.17694355579446636
-0.094224075633682111
0.37484277509900948
0.33142069354437342
0.32882503143038555
0.031352238022277414
-0.17880090769686477
-0.365971437913715
-0.31058788110508895
0.11485136022390428
-0.25684558388594686
0.07818833441885463
-0.21082286210743756
0.24501533980014148
-0.43292850670354399
0.3988234975994
0.096403624262658166
-0.1061414005470923
-0.31790348320118206
0.15700083027631348
-0.078082722854183412
0.41769373922270359
-0.045440176660060005
-0.17374421843988674
0.17696042042852439
-0.19753588370776612
-0.19381238619518609
0.1121969767815275
0.0137730588844781
0.0047528113708607111
0.55510350575376122
-0.27466396530531489
-0.27891982973573809
0.15429684078994144
-0.26584718261619555
-0.065224871510682542
0.21224944573276375
0.016141989302939815
-0.27747893313872279
-0.0021413337462825193
-0.17896090875292489
-0.055963321024670346
0.22424370690908593
0.15498138392782473
0.35222186923961785
0.17454506905488062
0.010864418371480361
-0.012376695664751447
-0.12629765161846845
0.12638614387064873
0.17587510636291348
0.22229419176871332
0.071164983175552615
0.20478447998609109
-0.041340727246335161
0.18590325212992459
0.33688171949470097
-0.34940625083554677
-0.43522402010616862
0.4040356654243521
0.059343287920672921
-0.24509414616052486
-0.31928427652197755
-0.45580077339217218
-0.03941299248056164
0.31317424020183121
0.036540627825328992
-0.35577015744999574
