-0.26897669210673081
0.1600375305087636
-0.2429512157716715
-0.054505201547855528
-0.44240876566756243
-0.4877703370157388
-0.21388898334026363
0.20992619575237795
-0.094444854773227949
-0.25511490879627863
0.42548011130168745
-0.1581130641922317
-0.055387944862170413
-0.22806563086320067
-0.19067481539705314
-0.36735585190970865
-0.4471012313749968
-0.036034909449571113
-0.21179584721719075
-0.47699838551343815
-0.48438120105931964
0.29976133581951647
0.10042091428540825
0.098384205992465723
-0.046834985590601563
-0.49726394349440389
0.014745750352169492
-0.20365389339427215
0.16413499211199795
0.19624140348121474
-0.10629345955443772
0.43164070183011244
0.34902651975204285
-0.1927397131331422
0.32987679659856189
-0.28231894036108268
-0.01895665619254553
0.059085645420328958
0.021223144009885855
0.31202680227499779
-0.65937896082384151
-0.053890795529438471
0.016314520252397654
0.40489442068279402
-0.10051414840440394
0.19137668519132123
0.092998468236798068
-0.14548177608740145
-0.19736962519682075
-0.091883268054941014
-0.12478068796257091
-0.14937655466415245
0.078704395751373252
-0.17235072093475867
-0.1540616632620207
0.0051346929492788532
0.24358762618497315
0.096029630540428554
0.26946081978509184
-0.14167041948282602
0.26502987326221311
0.17514983009201729
-0.4453449949289694
0.21078281110066863
0.32671374805696429
0.056225312618688142
-0.026469659205637774
-0.36808016507245828
-0.089897074520709455
0.24822194135907771
0.40695633176876189
-0.23786718594665812
0.59724438188625073
-0.0072986616718291259
0.010437645204495674
0.30489171450706071
-0.28384359282266608
-0.11504672605177388
0.19676714103002019
0.44444658861512631
-0.14781356314235919
0.39988333769959417
-0.00053534491991036315
0.11591738579082572
0.06136078621761451
0.13955868903037569
0.22107972865308065
-0.50596239813454336
0.44060381558037942
0.16121386653179592
0.20604019666535286
0.18109138014286685
-0.083805361815140811
0.27414225954179899
0.21612780163855344
0.039634044567737801
-0.10191586797026776
-0.044206820619073703
0.022911858354635987
-0.22292321164598886
-0.053958107131844436
0.12605757811301052
0.045355002402797731
0.34544412890891035
0.24843231687444289
0.34805652058587749
0.13284409780584416
0.075758286126317007
0.062600091903694505
0.05408914049008326
-0.31988260328226248
0.092085927559173483
-0.035441227350289026
0.17878384953937612
0.03692259963938832
0.096578985618385543
-0.014546956852701926
-0.055267234213260866
-0.065803622029130968
0.035878402549598933
0.20790051103819007
0.18388418721111224
-0.0081739975029289716
0.31207872593642838
-0.16289579952448685
0.57577140989257058
-0.23262948305204989
0.38422534489034899
0.18383724740761989
-0.091748056031146261
0.60542798710248746
0.053893441719316988
-0.24851185987914828
-0.054227982192310314
-0.241998184244999
-0.41883994080371856
-0.21195624922774575
0.040477167335937647
-0.20324548581112523
-0.044176865562460386
-0.19740078788125748
-0.42860349621086091
-0.25854246340506359
-0.19812071575384826
-0.22709082422497093
0.32523872119128289
-0.084218829929623984
0.089350211802389751
-0.35225734549516474
-0.30187872729516324
-0.59417109636821497
0.16440383647842152
0.047441961732216646
0.061837767292450357
0.24885555050921734
0.30643826208915931
-0.17821025664221146
0.26178131854335535
-0.51786750958554228
0.28165025511829295
-0.014671701346809741
0.51925101742284163
0.15284079780509244
0.049551725338967123
-0.2578172745578024
0.3720537789944981
0.071379989229313684
-0.12818008213998638
0.23898039494513115
0.1156840846576792
0.37407682566974293
0.17193288039364746
0.18977200542370043
0.34706521837232113
-0.026510137285235009
-0.1226747280926212
0.25211584951914423
0.15040480241080748
-0.092213347718475475
0.21776085773949486
-0.13462155229055853
-0.037882361631914302
-0.52289525305440288
0.083598171090186163
-0.10675467788483362
-0.16517409097358343
-0.10627455075171292
-0.30523838449443075
0.42011498684931048
-0.22708212384911994
0.056725578894361799
0.23232202339801858
-0.033378552088223504
-0.38101251780520851
-0.16222453482381299
-0.31386749660555496
0.22077837848968002
0.097580945907803793
0.18203590655618654
0.24010460123239272
-0.096192592975178542
-0.12056203323616962
-0.53912705914721604
0.59557922619226833
-0.21437676274939488
0.12796537979901856
0.28744489042459664
0.35482816582433097
-0.4952217839273505
0.027201844084089554
0.3185011743655175
0.11339816226201861
0.17389624023767167
0.20364168796101687
0.19624392200465759
-0.023922802930613583
0.35280621483176278
-0.038157062754471532
0.24179661705539615
-0.50777986594813362
-0.038386961354045929
-0.18991683296507408
0.32531870379986078
0.26665712034119349
0.3206671673085843
-0.35800747781650077
-0.31108377324310943
-0.17485386492292115
0.64235865486895505
0.06020343430874827
0.21049657574086617
0.37718394504123121
-0.46853866767962737
-0.38555447644234214
-0.16314217000250528
0.2099502777716202
-0.034686157735337932
0.00099304695486245823
0.12274969180394256
0.2349966207571062
0.092290122285139636
-0.13850796123596112
-0.1552006942449351
0.1582305293416342
0.16694432996347688
-0.098586196472657955
-0.15000219511618665
-0.021485844613910794
-0.36062239595681922
0.096929996007303579
-0.19035083041854492
0.28180893813151686
0.22625607984607846
0.38245349025235226
-0.1454773505878186
0.14750026034553124
-0.16903359171611132
0.27979932457651513
0.23405287030027253
0.27844031665097568
0.16823207892591552
-0.0045662192803482713
-0.35379466822513839
-0.083745558929773103
-0.4905939561869409
-0.37073065401050392
0.24028900364526809
0.19238700317116333
-0.021368493307374999
0.28829620674001372
0.097657309494908084
0.079659795504410824
-0.090898227058706288
0.34862538136727322
0.5914633833350007
-0.17974154053461697
0.39006362177190385
-0.19949078267175396
-0.1195034244854081
-0.31711650386517565
0.10850008082397047
0.022809185836955369
-0.32284146331120106
-0.35310712954400875
0.46567737992432651
-0.11816679049152555
-0.45700167064423908
-0.24375784012138998
0.04842428613672909
-0.0489839220162979
0.15109546457776638
-0.046119465579433638
-0.18210257348659609
0.3619995961084907
-0.14239692464273296
-0.25307309257756344
0.64469696042224744
-0.29250238843156195
0.15816540042695068
-0.18743946371967415
-0.06150704895525512
-0.031315308784177591
-0.33315942387351283
-0.13421389530075234
0.51512956732226567
-0.043356569136946924
0.022821048907001481
0.62117557076512131
0.04908636600511989
-0.03586388771436666
0.1253204880810363
-0.089336505044642453
0.16513675488324853
-0.2675350073245073
0.35266339196099822
-0.30430895031525468
0.3674656902857415
0.4898971280319685
0.15310441053236581
-0.38123978516220652
-0.039996022305771317
0.16150973800685539
-0.048552765256211793
-0.35599025770900072
-0.16324812659719587
-0.26765111790614193
-0.17807265138279976
0.05244480609250559
-0.31738848774006728
-0.22105996629698529
0.25175228529765897
0.10721161830341862
0.22985261370240578
0.011702180844671586
-0.21296983727698682
0.16416978854462003
0.0078840477862929578
-0.096657633534542139
0.27422851343630306
-0.20515510858176431
0.22354709263519321
0.27636545551987335
-0.52736139042242836
-0.11099916498084852
-0.057644886317437138
-0.10519659870283382
-0.21704619585632018
0.21092219421854785
0.11645062816145213
-0.25211564383685531
-0.25722756863687707
0.076299846228921567
-0.32360508879727973
0.17909098260022799
-0.60235570118220672
-0.21818718414787652
-0.34066568021893318
0.46863066546598758
0.19569363333112821
0.49191677009520018
-0.17418364056061014
0.39515756638906746
0.55305819520717203
-0.28720185165339218
-0.50266479488729976
0.1110286830668997
0.052012550480418494
0.056326782481452495
-0.096163118451078375
-0.3006983951869977
0.017876430199879348
-0.44719742913947269
0.23307712504328798
0.082578078199733299
-0.15479834984518048
-0.11742006606029332
-0.060747690982404866
-0.24919011021978379
0.086850380973978361
-0.54237185021613143
0.095338535399211347
0.20607458658399835
0.055468601968323275
0.10931724137283759
-0.2021101701771455
0.14821083758136544
-0.13320252161857815
0.43716026712565587
0.14341411083426953
0.044239547511908152
-0.030793745419460256
0.3508548239056305
-0.26553993053776509
0.24663676835675677
-0.092274202184413817
-0.059981453606627308
-0.015640219428076696
0.11219605962503272
-0.013292059771271738
0.14705935723221825
0.012769704962725496
-0.32994428386593283
-0.2120778157833782
-0.023421645319971054
-0.16481360634710956
0.19165905746773412
0.15146392675148951
0.21440016186655461
0.24290966948909579
-0.0029154294942828215
0.16255671018403867
0.058305158064674817
0.17563902424911831
-0.27071871050385687
0.22246443746665417
-0.04181279679872605
0.22019064683032755
-0.23160729868269433
-0.24270684651287966
-0.17381977525661588
0.23525972309019544
0.18894376640757859
0.45419940582587459
0.3692500264277378
-0.30123725829667486
-0.050215735091816198
-0.13422977928709062
-0.37948718962666622
0.38629854193996477
0.6128234160679481
-0.028807920414956539
-0.021363281526556081
-0.52915900717705655
0.024629543052624259
-0.19221789801342806
