-0.21743469623223227
-0.17407608229815857
-0.18863586239768013
-0.4235992571901076
0.80509862095661044
0.44770883478532164
-0.59790755751759661
-0.15444768810283821
-0.5294088249107245
0.53354409138772396
-0.57719169463191167
-0.11535055898888191
-0.21087108727145346
-0.33630098847658996
-0.13044467766563125
0.036645812674659856
0.42142785672559008
-0.32431213289593902
0.167181686268462
-0.065911473791720937
-0.29774413322330762
-0.10957749320691579
0.40758242693977925
-0.72363836458561759
0.36051705592314875
0.33933179181912548
0.12030090603418321
-0.91300217443274567
0.41643663475972181
0.28624217827198595
0.91547765498000333
0.15794641274893675
0.13492157494220494
0.32322940842942927
-0.060351244252531584
-0.2240099857755096
-0.623570853863334
0.79633524314743021
-0.0754277219792511
-0.29153563703038088
0.61021168363368183
0.3056276557242632
-0.23941558711408861
0.19009710477513078
0.48375937022002757
0.20898128067971183
0.65086959844775338
-0.33493277765712731
-0.39098288518194318
-0.174125067449871
-0.073713813038324388
0.17864877620275474
-0.043222638928251123
0.66298010869198842
-0.2127339907976786
-0.10618536751839233
0.076709344536825624
-0.053324645307439661
0.28003556378387795
0.082468848639569228
0.23993685676428958
0.30299114259126753
0.80877797643758975
-0.080116831548733822
0.47501031144467848
0.073028131920815795
0.03616571393522796
-0.077088446450553905
-0.13985360097542007
-0.70938445582262832
-0.26985787034500897
0.27310228857501667
0.13262370465512704
0.061532931678667212
0.52523174088884228
0.63971708100431268
-0.18896043649341249
-0.3703805124637215
