-0.15551607600622547
0.034809040194958465
-0.29390278689701854
0.37843960762932621
0.010479551233717129
-0.18667106529769889
-0.24592599203111012
0.4378626951802766
0.17829090419235208
-0.25153958824668754
0.66439009352475875
0.51557614436459442
-0.29763541009186961
-0.082044937543920712
0.01498139608986147
-0.19943860525160759
-0.24035858129590337
0.32909380381467163
0.16129081676701298
0.21474115978679165
-0.089357151948224911
-0.24957281337015058
0.43401237931008751
-0.53454542583873332
-0.51226576129368351
0.35816924852512744
0.25997451861746279
0.080926106159347616
-0.39678989369432671
0.29923880872570019
0.11467127987675357
-0.023424506211842857
-0.44105663490099961
-0.16345895211098752
0.36582183190454648
0.31099197316618982
-0.080452969810620403
-0.2811742784428839
-0.052283356262092719
0.29521243536557717
0.31945540897784125
0.08663982634003782
0.35011728718465118
0.10213061725083522
0.61119387568262074
0.54848245465628076
0.21287304045539399
-0.14008249276158052
-0.13098515872247807
0.1784244613464594
-0.22275315762456793
0.16417177877526096
0.025447897535036006
-0.13718171057505618
0.18501245123147028
0.21309120444138813
-0.17068106701379382
-0.2704811386971
-0.097486543703209583
-0.020380472601686281
-0.2132788062311608
-0.02450969994256565
0.032479152574581602
-0.33583039799878517
-0.30915898523494895
-0.014282848568024382
-0.2862700895057384
-0.34103649480445736
-0.26733901622782985
-0.0053431331166766483
-0.49323385714640527
-0.25752131289390634
0.5603859174083845
-0.071722461731057133
0.23849273120878697
-0.39180689563825427
-0.086280770304439189
-0.2950941637340046
-0.14306565373879768
0.20938471662954772
-0.0094905237391414744
-0.34544632741505854
0.065891326595809846
0.46514686880883349
-0.097533091479047221
-0.12115853619837476
-0.039231251694223708
0.30253205300815034
0.65147766794764017
0.10097389040952237
0.38620041296968649
-0.22213104797225958
-0.16854321749917339
0.14982514482293022
-0.48386289054129028
-0.074694319096886647
-0.63408896478663157
0.47457035886539589
0.092182742068329729
0.37747379592878322
0.21941827805424724
0.018441467370309043
-0.072017902784769189
0.36791334081958643
0.041313834984002887
-0.10935247052129597
0.34787170991146088
-0.39765952177157188
0.053315135834225667
0.081084995381663513
-0.38233341527182585
-0.42724007235202111
-0.12102194838129995
0.067123992385465625
0.08463535897279241
0.21055559529806325
0.067217968289057059
0.016293461367071702
0.17626081214355335
-0.048130067030440905
0.076007601633216557
-0.070973474161576747
0.73034665712605229
0.12472649005486645
0.097735731832867989
-0.011780442576370417
-0.086870104368774043
-0.025913383417625672
0.40172528211796105
-0.13418284626301907
0.2243158113342556
0.080116766511095699
0.056098048148843283
0.051304360830675841
0.37704448296806931
0.033556296432692846
0.30259064327205443
-0.32325922255610717
-0.02861029343667118
-0.46160326842644683
0.081883084960662475
0.13809816940388359
0.24186116267885979
-0.6052182923874444
-0.11650189176735821
0.13226521016105636
-0.13900642140824879
-0.28900473691826678
0.16878105042409311
-0.22314512316831203
-0.10283410502269538
0.040484577535922356
0.1079239671486754
0.22950583670317756
-0.0079751378240186001
-0.17847121367489707
-0.17799175465262196
0.23087057388402085
-0.0081539758434695988
-0.23795078946894702
-0.40965967976636175
0.28732878048898897
0.1745307787545701
-0.20559837051808083
0.13096913576465083
0.29475724485127003
-0.12214292619311888
-0.24505569833567148
0.32042886429324269
-0.088588246304134879
-0.10994497622634025
0.11145147067913573
-0.1378175570844298
-0.49411140177572682
-0.15156109670706003
0.074075973973101908
-0.10200181968450377
0.58750846929015799
-0.043081671855541147
-0.33021612743845791
-0.48687077006798657
0.40734304424981682
0.22682292291764017
-0.034627829444412825
-0.15093337231457596
0.4874263789859638
-0.29518466705050272
-0.03646277491338791
-0.037412282500271087
0.37496845670908574
0.12375100773722765
-0.0084438042565686804
0.091168682392890901
-0.38455469616802523
0.068149474151408637
0.39637010446922211
0.035397262204755517
-0.064863483222609694
-0.66109608606949599
0.11254968843770467
0.9784830195304971
-0.20864533915126415
0.0050836315800737181
-0.17444871905568746
0.17740332282054116
0.32476804916669183
0.17735751570701219
0.040346507115328993
-0.23372442618458916
0.69490920072389917
-0.20245879210121345
0.17144642471536231
-0.1182167525345825
0.31153867879628672
-0.33610444975210035
0.62209691774693088
-0.526170516271246
-0.11407903149219054
-0.50435563486764412
0.081646406391853693
0.51705434617240953
-0.20050999376302994
-0.52710485135282026
0.30722856707739249
0.12411461391856883
-0.21555299847822404
-0.028528180348898577
-0.11099944056382091
0.85283292225013907
0.36171979013000416
0.25298228339187168
-0.31782592236901291
-0.35668222725322568
-0.34426986406425492
0.012557496859684244
-0.25448002967019007
0.45897740404160159
-0.041645807518510852
0.19031758713947811
-0.094918434294974097
0.62663699336837764
-0.02008101746722538
0.18643311195238935
0.2590713706509829
-0.21881203223122159
0.030239973401237619
-0.43640815994123466
-0.02175158280208557
-0.046948674228733521
-0.49358484242731093
-0.10274113029840139
-0.43505205756957183
-0.19770043434515047
-0.086893874800433021
-0.41131656453290594
-0.2640745182512228
0.0098241300811438819
0.20953028610258215
0.10749730234169827
-0.11133546138788414
0.48052383302960822
-0.1603794974487881
0.017815139126508867
-0.053123814418511876
0.27840838483520081
0.00028521339909073153
0.12558333582532807
-0.26413869764801967
0.27488975705365504
-0.36213847623987699
0.44378701358462491
0.10727464101167156
0.32901975561173435
-0.37583554559792381
-0.13630097547832418
-0.28509745950309179
