-0.18967204026542483
0.81517099711287577
-0.10143047209291674
-0.35041042627088881
0.43887249701519387
-0.5610989848661786
-0.22830624932803464
0.063027958459893965
0.29895360035679508
0.68575742651081606
-0.55025462349962839
0.32948595177427836
-0.10993465339664012
0.088357534798329251
0.25290964964902474
-0.033577768059477694
-0.44875286545137322
-0.30462875793874178
-0.24963265006844304
0.11770043257688262
-0.63036752814164254
0.048104798825632428
-0.44594098488099104
-0.45709695723323857
0.43207965360303147
0.6910717411864894
-0.52712543449297611
0.55336847218993601
0.059573259243537485
-0.29928539569255486
-0.36580788243773449
-0.4974498414174473
0.66607860653707507
-1.1469920985600504
-0.36737304413202837
0.063620647680933076
0.77395141839271631
-0.17515179472548051
-0.042268914687246265
0.36940030786919831
0.39403331376516576
-0.21058627824261295
0.40134627957048147
-0.97850982117516594
-0.27736530226464329
0.016107547136404932
0.12142116615189433
0.43156275382893261
0.063797108800108401
0.14699548552300301
-0.1101334523509109
0.36490914795626683
0.19954369257549096
-0.20335640024715407
0.36291337701754195
