-0.090867763330183732
0.091657446186931557
0.43396481698216799
0.013320797347390365
0.010193621084721688
0.16185642792637964
-0.03621052790115762
0.71423534056695914
0.37437202726997731
-0.24348795136306486
-0.6786551614696118
-0.29624272638422827
0.61626152401176471
0.072318924710479071
-0.18202318014102423
-0.03533144630114074
0.72388933766609131
-0.68343090012932572
-0.77331757901853981
0.64118995585560234
0.4453946272165657
-0.71154422308323018
-0.60132708888343256
-1.0952728417102287
0.086217634115394043
0.062473496039306957
0.41179592521587383
0.417560800282883
-0.78166039960532774
0.15518241677067213
-0.037732539909875726
0.06775211228507047
-0.052761946508205156
-0.38957478738987039
-0.27062852390951847
-0.77437404105319441
