-0.19108769091172234
0.41671677862970541
-0.51721956244023293
0.081072655383422343
0.49501956545800135
-0.025281720211374693
0.086172436537459304
-0.36545655481997058
-0.37084240166133747
0.01961223463823776
-0.030684871213848334
-0.25908180633413741
0.014688661493309366
-0.15646622467939467
0.34535003173361778
0.053405645681339049
-0.16941190392241967
0.00026072053181959605
0.38787911356095467
0.095990262008503704
-0.079779346075925101
0.041006955423578982
0.20322282155458724
-0.067503942998756034
0.28219831553770625
-0.49539308323159037
-0.47474527449761833
0.33193543479901505
0.24093289758765576
0.07499873968859104
-0.36772734239366522
0.27732130687410539
0.1062722757511646
-0.021708797409040553
-0.4087518023384491
-0.15148653482725097
0.33902751096647804
0.2882136203959475
-0.074560257824833359
-0.26057989834012868
-0.048453904585814916
0.27358984193829916
0.2960571587722941
0.080293963106869107
0.3244732327826732
0.094650143704532633
0.56642748004362253
0.37549943543753911
-0.18125629371083807
-0.12982226512749603
-0.12139125788101686
0.16535590757636492
-0.20643778474403909
0.15214715108539223
0.023583987089333704
-0.12713394836019642
0.17146136552937843
0.19748351342099019
-0.15817967182966805
-0.25066996887103193
-0.090346221526351633
-0.018887721551493132
-0.1976573744710767
-0.022714507012341029
0.030100243603104725
-0.31123277511255282
-0.28651488816685966
-0.01323671300402848
-0.51953272505295867
0.11245030344414464
-0.035107747271134353
-0.2653024708886304
-0.45710734660684132
-0.23865937491128614
0.51934090912650577
-0.066469208670447796
0.22102452613164403
-0.36310931995551327
-0.079961205836990651
-0.27348023301566804
-0.13258692691832691
0.19404850427805931
-0.0087953980884578759
-0.32014439364186781
0.061065170259946636
0.4310775667627666
-0.090389359948411088
-0.11228437828826701
0.11511171843726176
0.052031298269351045
-0.23765162160426442
-0.22611059749851384
-0.03635779074405425
0.2803733401720388
-0.15619840735458401
0.13885132460537233
-0.4484227487878924
-0.069223394773663932
-0.58764563706797923
0.43981084099591117
0.085430892505194589
0.349826036413802
0.20334716570084926
0.01709073717272502
-0.066743010385768728
0.34096582902130429
0.038287836923743282
0.037957034762647938
0.0067887363160545749
-0.37387461430539837
0.0039761678064394066
-0.2259383941099378
-0.10134303823765139
0.3223921309806046
-0.36853327527350471
0.062207550451814378
0.078436311312844786
0.19513362289595018
0.062294643167193228
0.01510006011272761
0.16335073309006681
-0.04460481962770832
0.070440487004517577
-0.065775080083031984
0.67685301344382665
0.083331036103457698
-0.22074297147179478
0.14541548388458556
-0.37012037738398884
0.45025715697325147
-0.77062504815500277
0.11559100028212674
0.090577158075219308
-0.010917593692966113
-0.080507374609693455
0.047546614874228156
0.34942816812983785
0.031098492940130545
0.28042763903997364
-0.29958236513547387
-0.02651475588910757
-0.42779351449271541
-0.23739609026295971
-0.44949549962328023
0.28005089554172424
-0.41346721372943585
-0.090458555751105271
-0.32401632408285036
-0.27174664802354975
0.075885625360144177
0.12798328191151298
0.22414623959312471
-0.56088957346054813
-0.10796880597076962
0.10001916442644283
0.2126958693653358
-0.0073910053755270062
-0.16539923556873651
-0.13316148759506577
0.00030154767407212287
-0.0021744947019587935
0.046475544178752361
-0.32360089344490167
0.29211440893255586
-0.38408135902323037
-0.033694703297650723
-0.16495489413048478
0.21396064748734092
-0.0075567445504827191
-0.22052227847138214
-0.37965449150873382
0.26628361891652541
-0.10189214634683341
0.0082893221078995747
0.28356004911667443
-0.40063696866019605
-0.62025654366863581
0.11857006109577038
0.35013842311421522
0.11378779391824982
-0.45758106289133077
0.44551567524553271
0.10328829884532433
-0.12772322281193532
-0.4579206161973739
-0.14046012811327141
0.068650339832837706
-0.094530779810626811
0.54447689187434822
0.067104165760916157
-0.25052334116139446
0.044895139391672167
-0.41130862162945359
0.48831857685779329
-0.002324627461828294
-0.2832382586143295
0.071192428825267995
0.4517252324353711
-0.2735641074907556
-0.033792088781192296
-0.034672050461305434
0.34750419871658567
0.11468696636917211
-0.007825344718462808
0.084491106801466542
-0.33090676568200439
-0.21557947328501489
0.1776709361475915
0.14170017831815535
0.22936942196807675
-0.16008382473316679
-0.61267464383673997
0.10430607854220135
0.90681483088999126
-0.19336328189856897
0.0047112851419777628
-0.16167136527863712
0.16440956150677233
0.30098067897476377
0.16436710949781638
-0.33936372193663744
0.60742604469466954
1.0131034169620825
-0.13445221574026783
-0.18762986342833682
0.15888897153223339
-0.10955806316337427
0.28872028301921998
-0.311486754169294
0.57653193770756628
-0.48763158706704374
-0.1057234061152356
-0.46741451881338669
0.075666282119571021
-0.16438180306813172
0.28407792541842858
-0.18582380323086245
-0.48849748753959238
0.28472586190871219
0.11502394051308895
-0.19976499536665598
-0.026438657107303368
-0.10286937730617172
0.79036787223835214
0.33522591988739103
0.23445280291347337
0.56317405107299656
-0.2945470225776658
-0.33055732918420694
-0.31905409938717633
0.011637733270711345
-0.23584084799037325
0.42535997939751669
-0.038595494401421751
0.17637793109591926
-0.087966211191728275
-0.31363509230266134
0.078695835690341873
-0.046578889904302291
0.17277797111749627
0.24009589995545866
-0.20278532385739187
0.028025071277291026
-0.40444380112596184
-0.02015840590644823
0.31078624629153134
0.25333263139693923
-0.25160733485876458
0.0092117009454681046
-0.075442912776206628
-0.183220027695113
-0.080529403995523136
-0.38119001910542005
-0.15381257379903579
0.12394282805847955
-0.2000983230240328
0.45908874689982193
0.073231467577087359
-0.16384022145544039
-0.034319342037200329
0.015235051437050418
0.077651663428037823
0.069377694466533663
0.018338820802224619
-0.086223765419119983
0.15681907341971177
-0.38171736202100598
-0.080312098066019272
-0.36518537047444732
-0.24199450552385451
0.1366190397811243
0.082528899829978394
-0.14656135884654362
0.56076590314256403
0.12218609373560041
0.30037228267586136
0.13376206000014462
-0.024592077177432892
0.52578617866197608
-0.16400422969636841
0.2191171371144604
-0.29767813436054419
-0.36356634442004182
0.48640865596312904
0.10973289704844771
0.042981063554190159
-0.17635467975451397
-0.61002353688920685
0.11404788973428664
0.46795844182598584
0.055065952786336803
0.54332038686237216
-0.23311119684245082
0.26281085408892718
-0.27265260595674795
0.1895343622712343
-0.13518077711935636
-0.053037088029998777
-0.089225572998909597
-0.10225728932027087
0.1960853732448179
0.16230974564174191
0.51088621509730348
-0.045968460249725208
-0.13339359601590028
