-0.085564780063662735
0.39045609951206911
0.50784213123757083
-0.16354597035807705
0.049141556785881051
-0.14461070867161188
0.27641384696777266
0.28396204785051971
0.15233850758667414
-0.13372893531699903
0.092763068879633939
-0.45726038945529374
0.021071609553590512
-0.3612048110461975
0.039307780389728562
-0.44116952760866646
-0.20515963962997671
-0.0075247924075231513
-0.12100660058169688
-0.22119368057879682
-0.14518677083571505
0.84421166825927096
-0.043103319378345356
-0.24070755650637615
-0.24642382259196779
-0.80944012598535853
-0.34405759907030459
0.17118196236857913
-0.55613837272968802
0.19644207349848997
-0.23696805023412643
0.17260823505328204
0.29269774365026785
-0.24795312496826505
0.57938799583556244
-0.28572586590517901
-0.20659189305182438
-0.64511534893840761
-0.58906186797043458
-0.14848530188622347
-0.21877115562385915
-0.0019775494573121824
-0.51609079298322003
0.62463865999800872
0.16421008056783754
-0.56166164048103018
0.04048128227172159
0.067672308010042773
0.17874419023866714
0.1870364288087755
-0.060147987272398576
0.14790787316792089
-0.15057995575645466
0.24432923157355543
0.45720999115410854
-0.55845426717743774
-0.22793014261958558
-0.08969718923400799
0.18075998809020638
-0.26531631220922108
-0.25883543090125921
-0.28976234675582618
0.1177016786207729
-0.015109493976344463
0.35059848706886915
0.45064736665825844
-0.069259857983302656
0.18262548180097901
-1.043345282060929
-0.34727001200816127
-0.49526166489951151
0.035063518322436191
-0.22312992526395542
-0.38784482927199654
0.84412794719469431
0.086397568547821352
-0.81402309564894659
-0.099143869544014232
0.049908961151394794
-0.12048497221961164
0.3254074156240207
-0.089067909637064832
-0.036400052672600325
-0.21643561157518248
-0.021285976181320193
-0.15507402134612053
0.43310526500178065
-0.58424150505490846
0.1058365944811277
0.13733709395215046
0.8076077022087893
0.42445650014215131
-0.35549382419748193
0.29793883282245476
0.039585594976834455
0.82495959355231674
-0.24824590553230211
-0.2081437547011955
-0.31819185018247104
-0.65295515210166166
-0.60976038754390338
-0.11755612099850357
0.048335589718324606
0.43351945017017296
0.10139935927996578
