-0.24260439944400711
-0.24442696609517725
-0.16507654480991504
-0.28448449093348938
0.56956354193563963
-0.13629490075844633
-0.10438385934622937
-0.050810411327730558
0.19780628144324491
-0.42077309449035688
-0.07582179228760641
-0.14573164624815063
-0.024391128769510356
-0.080624139769661929
0.059204325163898598
0.36311141366325506
0.20007329990324677
-0.29372047460315176
0.33124328097036082
0.65512606810441321
-0.083654981623822539
0.053877352611715855
-0.58160367756288245
-0.012437630459120752
0.0013640087721585512
-0.52243201162016506
-0.03923902770968217
-0.36097208371327821
0.17588137507875942
0.12610499183781634
0.11843250657380192
-0.42138345083295159
-0.047469430356614543
0.53424831612493229
0.057430570347140601
0.089241445221303853
0.29797797450086877
-0.21512469680364268
-0.15251057558261658
-0.34814837881989708
-0.39635428089652197
-0.19055030568262291
0.19005291831230103
0.31728380730731726
-0.11156647723365366
0.3903006037261833
-0.69659285276581817
-0.083444071272116907
0.23366470265178529
-0.0095470670404426729
0.075540518027385026
0.07013775716237354
0.13546363681954401
-0.092480734081789154
0.10085435950765345
0.025188198925075411
-0.26359745722810335
0.15813600701173228
0.32554542309569084
-0.33392271854970296
0.0064517836238452758
-0.22974039034713764
-0.31674176299593793
0.09657520182618809
0.38637208059214312
0.09191778484557106
0.086821884613241695
0.081587706264875479
-0.39886113653852767
0.42027919103693517
0.041665320511919186
-0.0055602333842892778
0.40656552017771869
0.20698789421512467
-0.17024866669834576
0.27530146515275766
0.098679534435694674
-0.44826157549401086
0.078478609003301308
-0.0043036103973255017
-0.13627500506909762
0.15363789203874029
-0.31492197197212041
0.18319737538871389
0.27456744178349307
0.41135395895328458
0.28145964865493917
-0.047460836410846655
-0.12093632043986362
0.47969494874069951
-0.23870764202685107
-0.0079574895554119819
-0.38889117481602253
0.013607011619706285
0.66211842327532777
-0.4665017607880414
-0.17977538442800323
-0.37172615157488198
-0.19142505977545299
0.052296155473697765
-0.1493403827032298
0.099336724699684131
-0.016672705351222551
0.14962962424787477
-0.2995852208994606
0.054095806290330291
0.12705106908465183
-0.095635261414914727
-0.34421953456700399
-0.088629721673768022
-0.052211299693370815
-0.25781174123295891
-0.37168612238340237
0.013021296502208159
0.17494776141460783
0.019595132776392216
0.39804907865308164
0.17606688772155948
-0.055574815628064385
0.18832964618027531
0.11762326937940747
0.22029838202553173
-0.0091449166431589353
0.29531907675862251
0.27692938650017568
-0.069885608204994315
0.17276081192107023
-0.28478655879260861
0.4081565320788807
0.04236831783076616
-0.27909089706727336
-0.44534130035383163
0.011185413854413954
0.095673522544764758
0.28210296263165657
-0.38114061167469188
-0.032134773802314026
0.42173373520451335
0.12930979223234509
-0.32153208246859993
-0.30315468607738005
-0.30063598806486741
-0.35412556990935523
-0.33662255393747914
0.22804898392962986
-0.34299533424194889
0.34967674171917984
0.24152169816201446
0.14072281595399644
-0.64529549800751873
0.34211584385425331
0.25669282600871118
0.36038685672230969
0.12030310521356671
0.040063886039960965
-0.12222585830950693
0.21490723356566924
-0.2061896146668471
0.15388671534806245
-0.21394122746954616
0.038306723375155963
-0.35352771445482328
0.30525028752009109
-0.26327176518217571
-0.17430230963708462
0.12094427509732562
-0.14066202596241961
0.095401381772253491
-0.22159362288930176
-0.055982354430816166
-0.66640853944695233
0.17342661950577684
0.47870332386573189
0.015135419901747946
0.3893193372312912
0.017812011916321063
0.054774469890336117
0.26263337743136744
-0.039929180317385689
-0.12594159174703792
0.058163480765157503
-0.21538912488771358
-0.21428230944197396
-0.079953125637067121
-0.12072074073339471
0.23792286445907682
-0.26675483618979828
0.30110519980952277
-0.2082333395741566
0.29760899263386376
0.091839368781862024
-0.19384002194509206
-0.091165598463189904
0.28034234247134526
-0.50875046436216154
-0.26311721907796048
-0.058954489480398817
0.40665168948283176
-0.013702997347600282
0.11552200372738948
-0.62355719689326894
0.16174273775507994
0.60039438620510432
-0.42845463784397925
0.36903533214611361
0.44709227181248196
-0.11281981586822222
0.064516912091976811
-0.049276885940583784
-0.1463506541640599
-0.045320227273193625
-0.16183461328893251
-0.35921254255847679
0.55094422862749004
0.4157586370822044
-0.011881716371235407
-0.35140289381222128
0.011573712466037084
0.20096540338717905
0.21679453278472691
0.27105005752847622
0.10466172886447794
-0.17669220898255683
0.10065538775854628
0.33868263048464442
0.057705792665906828
0.30696181411586626
0.073460274652175597
-0.14832059191466232
0.55768580282567526
0.12499607862352564
0.30628418803918078
0.094821935829582163
-0.53996438675987857
0.13777641619172673
-0.61580114882856452
0.10912774844835774
0.27045080076272532
-0.20187074753221573
-0.16560890967171085
-0.051626813208787307
0.12048242754182228
0.050799630193271182
0.17218780775495476
0.084317226892043601
0.25490883083717375
-0.18307997740467541
-0.042610160806400295
0.17775896721576279
0.13793314960338357
-0.29725381959394931
-0.21835675556389608
-0.21027672687865118
0.2525052458121344
-0.056504556017670508
0.38403563067466123
0.3039015506501011
0.35811221823353051
-0.39655966854876007
-0.17421863070809931
-0.13543752883332347
-0.020318685314698423
0.097417553917807806
0.039021159240925501
-0.097416910645854615
-0.046203279296261994
-0.023277043206727296
0.13535418832397697
0.10503020970101072
-0.62131030431735268
-0.10087077462511565
0.081552825715483446
-0.033425901794448716
0.34154011004348905
-0.22698195687167094
-0.12905454906260921
0.15684580795427072
-0.31269233227442711
-0.00070710720991032676
0.12376431241024742
-0.357436862494524
0.094424079297642877
-0.1014238019009369
0.015433113028995743
0.48528057467166508
-0.22669044378340489
0.15115300807365073
-0.17569229266571296
0.09569737555522724
0.067879665645542653
0.30969192743139756
-0.06154226245697219
-0.003850741428969393
-0.11844183851342188
-0.59582542272000449
0.049633890444660114
-0.017873032537531891
0.034283428555684975
0.23289203424735871
0.1854680605360281
-0.26845977746022909
-0.11574363624359847
-0.27207948527289672
-0.17201513746864983
0.53625865371880388
-0.40754618680219962
0.032670301383166338
0.11850505174257774
0.32316398599772572
-0.30777408011882035
-0.10565311784826054
-0.093716051779225332
-0.29128483598488064
-0.26050465313442694
0.035536217541662078
-0.040185273431538299
-0.095356058514759715
0.13020485471746168
0.38228442329404433
-0.0072269200760190404
0.21180958837348351
0.015022442800093492
0.027630806932493153
-0.23106052418074727
0.38358115803657483
-0.17237078810781792
-0.3744941939561176
0.42848966097520935
-0.25243994244972984
-0.24528097099654247
-0.29490783148348648
0.039033365925243965
-0.07106596420537184
-0.15226651446177211
-0.10073388436313006
-0.22893548800201119
0.74532201125062669
-0.062024478807652841
0.33422197773155632
-0.10483053312058112
0.20006863139702002
-0.026079537711232274
0.30745185433194516
0.024451609030421435
0.30234500918498319
-0.62081576108674541
-0.24470036161277792
0.18551793008518488
-0.2075893251359831
-0.18136600172341547
0.22564958461409018
0.042546474366732236
0.1609492977812095
-0.43438652642203796
0.14498200048285209
0.46966809863159403
-0.091683456140444125
-0.16716660372862358
0.20570238527321708
-0.036568276748821314
0.0074049666114447315
-0.10596521657490642
-0.14939182683150407
0.37788808555451348
0.056989543271742604
0.12874648515736378
0.15240378363782947
0.27383089522860599
0.081045075044423334
-0.04860329040767486
-0.38069271769660473
0.28868931048805596
-0.4074378939762216
0.1231753103939998
-0.2494057471478589
0.14538326281360561
0.27948320786273506
-0.23101403435981857
-0.089175311251699738
-0.40464612916781878
-0.066634929130377371
0.31029303977833439
0.17077854127265027
0.23408139900312264
0.19402816174842111
0.45161081457407559
0.013144625276526987
-0.060645291275294222
-0.2885326782367853
0.2894591022376371
-0.36608465244068927
0.32740965832463825
-0.32436327346492516
-0.12233431878709719
-0.043117492787764375
-0.029072437539308715
-0.098746113411976075
-0.36690442238432103
0.25990012049681221
0.29181507745724206
-0.71036343249592893
0.067963022367370271
-0.27550896476311781
-0.051197819349216175
-0.54897072752385478
0.092099554047519502
