0.25621100359803861
0.2479214478659782
0.086432376109157091
0.0061916658020427454
0.53126578522108325
0.25660072691873625
-0.84761450938121785
0.32365162881783349
0.36176738452507845
-0.38051678053260374
-0.53897561767700963
0.051833795142069768
-0.25903591960349404
-0.21391781998879611
0.30185491565389155
0.10820100041227719
0.3191499410010476
-0.35215196539841043
-0.087650341692279893
0.3473277305236514
-0.28139770028166455
0.21933059422881998
0.78107775904758947
-0.47964865875499324
-0.54284107279555782
-0.31815950598900078
0.49046880989771341
0.13985507080734097
0.16467227288810812
-0.29073748579302477
0.51405334593012397
0.036160511127151108
0.18894771166130203
-0.25036147956112997
0.89502821059865956
-0.19926409237484155
0.38579890945642525
-0.081911998753507478
-0.44401860420973682
0.24273832179514662
-0.28547351507200963
-0.36395190744741707
-0.35591515160535303
0.750006492266167
-0.30169938687164854
0.1656613507576975
0.48948141996718836
0.15939539649104897
-0.42351133577171435
0.09821305168575184
-0.62426529178781542
-0.14747955937246254
0.020097849774528387
0.29204179731209112
-0.40787037949507399
-0.47190119027516464
0.096671368938698626
0.18298170853971898
0.50225470849014031
0.055565784527643922
-0.38657027795965915
-0.14693404349006089
-0.319633765771284
0.17393008975153007
0.31249349184329028
0.065306816440272919
-0.012221827767989069
0.29012192004321702
0.62931387410387829
0.32312724787329666
0.1023769683020371
-0.18846604375324685
-0.12420890950399102
0.11601111142748508
-0.57371100897465066
-0.52381837050248647
-0.032076504285490429
0.25844386637516581
0.20264287585524607
-0.069971577569017479
-0.55514742320778054
0.58100910317885579
-0.78106364041840337
0.19214271714230752
-0.19358705224330897
0.67523098755473765
-0.19038228808192734
0.0055972196032554834
-0.20092612644121788
-0.0161633006102842
0.098155890278377012
-0.57665228585594019
-0.0020153730433274024
0.59653637464505782
0.18739562640863228
-0.4892929107003558
0.48837473728143871
0.48290929646356451
-0.076983890458770327
-0.26547796942450547
-0.23882462799354942
0.31196796105553881
0.46466524570586121
0.0087553733638067403
0.086786931535555764
