-0.29658188056743612
-0.589435209081837
-0.2479135347924665
-0.11798340058361362
0.15648172763279436
-0.084083102152556516
-0.65197963392847924
0.24711591293305518
-0.4787845813912141
-0.42370971353808873
-0.19070534232308134
0.35246083075422857
-0.020754183814435011
-0.28243625834463487
0.31259453686280458
-0.21768648112593736
-0.14253856605905796
0.057509561464584844
-0.38668698741050445
-0.3994480098649012
0.24599853329595825
0.70367147012854114
-0.79586304537750685
-0.036813102977763849
0.39622772643019788
0.13940103986766642
-0.036606728597588643
0.03644136186163402
-0.40135504043264525
-0.40511701862571448
-0.05345787100821342
-0.27369554236868271
-0.32745585575434305
-0.23021624888633829
0.020067178105327651
-0.58305346129613689
-0.14670586148241546
-0.35817937103530928
-0.2773334075205941
0.19728039490492214
-0.10793454243989976
-0.22367872970607736
-0.34033594957426716
-0.19917174480136002
0.22061458110512119
-0.059811865245604563
-0.0019214647134891654
0.62409308283426312
0.19021874411004813
0.42497369453597539
-0.030636153557239396
-0.37178948786892502
-0.035936309095320619
0.37969155748303224
-0.49804085743032744
0.30151945707124894
0.049103291151516959
0.4293079406584126
0.3010001579991145
0.20541972849827173
-0.081656173864494294
-0.051947408077535423
-0.47592853006913793
-0.53736324059094898
-0.61205545059386857
0.55111243691462131
-0.5288497605951531
0.22625624882627199
-0.043132572426521881
0.11679269891942294
-0.21911417095354357
-0.24998591281316931
0.19819458828339862
0.1709637484315491
-0.054197814280299343
0.13441285054882379
0.30099765479885815
-0.16832906101968628
-0.35386073200605123
-0.18546645351457985
0.36338933635034615
-0.37925896020982386
0.33190164353191137
0.3545119818779317
0.16324362049917221
0.40887385059032644
-0.48487590155595262
0.59661229547854544
-0.041149651297902663
-0.033952556398761359
0.068976730894579605
-0.10956759476733012
-0.34873838273062896
0.27409671577890049
-0.013254381219288775
-0.28995515618212209
0.11832161691015143
0.17624028031189204
0.086250802193233694
-0.5757569716885651
-0.13577005905399253
0.92926456613777286
-0.10418004723411987
0.10655998415349023
-0.28013295466497418
-0.41133313491007822
-0.24447281171324686
0.24968513549108129
-0.072102508019643782
-0.0031836344726055158
-0.16319050027036239
0.349640607437395
-0.33499019302301203
0.12518727612265126
-0.3314737624279237
0.46833780149708498
-0.37091619271005044
-0.1170126827820981
-0.12035384259315469
-0.033996919277002657
-0.15024045603141378
-0.46599261240719586
-0.15172912764983065
0.94608778241987102
0.30645767660445394
-0.38402319512516003
-0.22284326673583787
0.00083685900295650507
0.15946550695867975
0.30877609237714271
0.081557838740192026
-0.52731192705368113
0.24306737458285982
0.35465233543315522
0.29566987538425898
0.0085524055427620808
0.41675396386940788
-0.1885179409176144
-0.013317648943194543
0.04392814378381367
-0.18877222270401584
-0.23002961697801277
-0.600172759788837
0.2231196597143727
-0.15444704340515997
-0.26879658827327213
0.049313191107120409
-0.076549129388330944
-0.47600588815623585
0.1351618317532432
0.039675216148734406
-0.10695575240434139
-0.28191841627123299
-0.086421741737914379
0.63566201568342962
0.10227522614827587
-0.27433384461232124
-0.59634767623716023
-0.023249910178764096
0.37971365353633224
0.085682015831393205
-0.33658650721952255
-0.035206063461574365
-0.11187762350081787
-0.278457801053069
-0.47943817302035308
-0.069026967372819659
0.029177333191735412
-0.25628442777070648
-0.14131761159003922
-0.30424531802230531
0.122029579378012
0.0013134625416604197
-0.1977319109604545
0.25747084423848898
-0.14102731674529925
0.30239457061709385
-0.37894435321594799
0.37078869437382028
0.48467617143570246
0.16471754466063063
-0.11394049988385886
-0.23615117838125407
-0.095512935059185705
0.25542242571650003
0.072992480241130309
0.485977542873126
-0.19673617799383381
-0.20368891602041378
-0.53324250234206916
