-0.18076494586392827
-0.26094024936277416
-0.46441309969337852
0.027174899482886768
0.40966970383049112
0.01847738828692411
-0.093337318656539187
-0.3878198035270688
0.3714728953846273
-0.38758396695245045
0.79200678841378924
0.31465542871892799
0.37894029294660536
-0.0071441138799049125
-0.3132404064496167
0.69073486959167762
-0.28245057228795567
0.091265398111192095
0.053402372553977388
0.30709109712649907
0.1433813483013536
-0.47573713224096731
-0.34092608584238299
0.32782482220647835
0.29793253206945569
0.33899846934609718
0.71878519311866906
0.21161413038513383
-0.43189728481765183
0.09979095338036946
0.10195887622983295
-0.47384904227816793
0.225793637177887
0.58006821298133604
0.25866111984469753
-0.14412071685597713
0.32928051503503308
-0.32847642559865259
0.18133711705010258
-0.37408525392825115
-0.0039012265370772701
-0.14569349162133094
-0.083924048740140339
0.24434728335023556
0.10063339128910112
0.57138923957613075
0.21427237694299789
-0.02677491208822692
-0.36016728398795061
-0.43944569087636381
-0.33706288112615229
-0.17229081863228349
-0.56506502992579999
-0.068720905661981038
-0.1609852084582129
0.27707093319022985
0.46930514376861876
0.17877550297063879
-0.33545764030599651
0.33707553158560949
0.44600081088705584
-0.33833075342216923
-0.054259625009667543
-0.0721047884520781
0.041975438582157833
0.29445371773094087
0.25641389630514955
-0.22441976592504306
0.44442707029203482
0.043168422242337745
0.12000068767708609
-0.17250621969832536
0.023292559192563674
0.22810869451380283
-0.57379726845156853
-0.078642802208719984
-0.036435257044117771
0.25079073978707933
0.13785791619155177
0.025711857895830425
-0.030294516757660529
0.89355930976880338
-0.41441367782871896
0.45098613419591888
0.65325459271828856
-0.47812445413590526
-0.11815107162690776
-0.14606907381463868
-0.0017903104144530928
-0.49377859622346432
0.071868324343738327
0.83741913324682182
-0.38793295819257245
-0.55539404904149658
-0.021775344490897786
-0.12763605295129665
-0.055630533834269844
-0.24259979192806072
0.53160779112812673
-0.33756394085380115
-0.57588975892420269
-0.0018700854862502216
-0.51112185457808179
0.34655082025846357
-0.27407444860288521
-0.41656989755986462
-0.018941319144380436
0.25676586725624623
-0.082469157700422555
-0.59278725749194672
-0.2756668302893277
-0.032402531568405397
0.10666921009667961
-0.16364551407828667
0.29530334306753947
0.15620063931731232
0.66124872411678459
-0.98969206845398761
-0.07008231994139201
-0.19318644604910162
