0.41031424173282965
0.70679505628855044
-0.089219366851177234
-0.035390951358690456
0.48498512612414452
0.04968354024752842
-0.21172100328899771
-0.39926261066795826
0.36560862323543303
0.078413808701207136
0.033377272224134537
0.24483388737506062
-0.27383441503326073
0.68184471655379564
-0.14085605145799354
0.74105390074796751
0.85255031739975917
0.12388103629135457
0.18123631716824579
-0.44519078425261893
0.086366105211331853
0.23291676398129313
0.0022305208312834541
0.0066039146937924486
-0.45899978266693869
0.29246519570311963
0.087603611947703039
-0.54300010311211377
-0.40961756969499336
-0.43422006296333387
-0.55773237004520282
0.28357757726353738
-0.044295934762508475
0.48312236522856877
-0.70548167272585727
0.70125555171744802
0.17063343656518065
-0.48170726869920233
-0.23225317279875646
-0.087959699699990165
-0.26953032297079077
0.18369561934952053
0.18619628889414064
-0.033185665987790221
0.047252398560361883
-0.6234202928124073
0.30808466641084015
-0.26518731551093316
0.080980702958557596
-0.69929154123622339
-0.081232485219198125
-0.063996715237829807
-0.35106993403977355
-0.30679589036500532
0.19792080021645841
0.05561937832527248
-0.078968885313965537
-0.15557562930090421
0.49802147459545304
0.25942236690291165
0.33527446085950097
0.26554383164789191
-0.29053951258795352
0.19016401100737731
0.3045510405641188
-0.17493258287129576
0.43806017200876152
0.37897646633072235
-0.17291453500105292
-0.046124224267081383
-0.50566801222726609
0.43539736130991497
0.17291936305077302
0.33219870654063194
0.22199346908885731
-0.31998421069115146
0.36842069923069876
0.22748609351061341
-0.16899624879913183
0.34085748674104338
-0.49112668006269883
-0.29945437206616843
-0.066251601181345432
0.075076558322107315
-0.036780700043781173
0.045758317782124504
0.063932256439169277
0.36819105889745246
-0.10882023035730932
-0.89868058350265678
0.27673541672535762
0.094213075702859167
-0.39371400432071546
0.23968596685819474
0.38878753342201922
0.087145143804595773
-0.44598927616354439
-0.61276120031174897
0.26319721991184425
0.3860201926446607
-0.066565672574519216
0.55102924641890383
-0.2781078851400004
0.90127916719487189
0.46655212369881932
