-0.066549871280433243
0.48491113279568027
-0.69934714925112051
0.22111437421005406
0.25674754993457327
-0.014645516304523811
-0.25246467541821338
-0.41589091997543293
0.42966804732836816
-0.20113809615793901
0.41153215218135902
-0.2931805230569714
0.018847484131148864
0.23141021983698634
0.70795651749740895
0.1420581964390624
0.30606971419159645
-0.64967919928045625
0.5450207518185658
-0.3540978310049252
-0.35438619274713229
-0.12383499580108688
0.029628862562896041
0.043827449035295403
-0.03997540760450552
-0.064978455346082528
0.15883524585566949
-0.12940284659602583
0.074287047291223998
-0.31600207563329791
-0.31705261270415713
-0.12016950710819609
-0.23128984725146801
0.56581958870996973
-0.2716753744879265
0.092152303880231518
-0.51099701240875217
0.10099900147413556
0.17394918458352562
0.44643524925393258
0.37229624983509274
0.18364489613541687
0.39397901402909558
0.038474683687150749
0.2914940362088323
0.57043159479550265
0.26787044565840962
-0.25934506600351909
0.22672574975448664
0.41211803043465406
-0.34226472905953498
-0.26216121735910791
0.94596895298318862
0.23407379937999459
-0.35284375081245578
0.27214602200570986
0.034191725294643004
-0.51100567771384442
-0.16611050645173572
0.15886307693642432
-0.09946650557449345
0.14821852025323526
0.3134911718568123
0.21651039997836294
0.36494165200097833
0.071346074568168064
-0.30684935774365368
-0.47201654731843712
-0.19387627928861889
-0.20189408462542138
0.24500524638660218
-0.016900494082633988
0.30301810378595523
-0.06148520901337387
0.45159910328472647
-0.43856999254124984
-0.25022671784078976
0.63567441372149225
-0.11093346572448212
-0.13066433502625252
-0.073024970231900951
0.42515123322006471
-0.23578141586378065
0.15495131368398435
-0.4277879447860633
0.73942872384025804
0.0179000576118057
0.16268752316698079
0.31722499669244991
0.27476920561549883
0.43983484899144143
1.1172158216129275
-0.3750357430047645
-0.84244375981305009
-0.2495981475065662
0.0044437082439507452
0.018172547011950983
0.31684607152134425
-0.024744430095247637
-0.231275963668232
-0.30325704942498638
-0.1366548280461056
-0.04732156211762855
-0.89297804667170411
0.13977095723031246
0.6526385929987113
0.065204842150080225
0.11323977476871236
0.28928174576010063
-0.35183985983434357
-0.17274137304281281
0.34300901466977246
-0.064196829635132249
0.37442787656143034
-0.14581474853542853
0.2018374532539986
0.35966921763048876
-0.42625875461719698
-0.25636839416904844
-0.17588142286412789
