-0.64749658998263282
-0.56257375918782926
0.27095138379270323
-0.20862782507023264
0.2395195853726825
0.069775451016390849
-0.44501590440567612
-0.69453210493332218
-0.19127695891835389
-0.34234475945149845
0.36435382798567884
0.25801271367607653
0.23727917358718803
0.79204183395710925
-0.32387632234265717
0.10465088195061814
0.061234657402364133
0.35213076169696766
0.16441044322980192
-0.5455113492741086
-0.39092817542864827
0.37590540861296451
0.34162895125776938
0.38871784412484905
0.82420617177683142
0.54119715114843092
0.055128972219157045
0.11442684191466872
0.1169127242193823
-0.54334634168198337
0.25890977038981455
0.66514419852808893
0.29659777832889972
-0.16525825163177302
0.37757460133561987
-0.37665257973240646
-0.1670616981702237
-0.49209688861454098
-0.099086321443979219
-0.43552254010554214
-0.096232810016585055
0.28018459606876894
0.11539283638751363
0.65519231928274635
0.24569873893959535
-0.030701867544251648
-0.64794056635946007
-0.078799890591718214
0.34359694413943143
0.39461332905720176
-0.13494681293509944
0.0042292634630388386
-0.18459618206705741
0.31770767586979426
0.53813601009564582
-0.062217639204876052
-0.082680072190989079
0.048131786622296301
0.24877338408224642
0.37513280190506454
-0.33083956713614698
-0.26953786773637933
-0.48298001618575137
-0.19780692800356034
0.026708773673665042
0.2615643667317345
-0.65795352288008457
-0.56944926328462864
0.19648538111581959
-0.040219234596160724
0.029482899993591802
-0.034737676738060136
1.0246136189376169
-0.47519386070432706
0.51713023410692793
-0.037014347735190925
-0.13547975580079402
-0.16749236530791278
-0.0020528871589386819
-0.56619887331414331
0.082408926959613701
-0.4448293334907002
-0.63685118637738991
-0.024969035942566404
-0.14635585650736305
0.025667450757034894
0.55825071321462216
-0.38707291981608566
-0.30828571810929861
-0.16907727872310682
-0.39909773098826645
