0.25030442697881305
-0.077330436789162169
0.52157309917554751
-1.2851883424452875
0.65433683358722428
0.21237442811219337
0.41499062619756749
-0.8236530667618015
-0.38949218916182382
-0.25599281775847232
0.71119263597499272
0.46359858046874158
0.88074177173223589
-0.10119230136207179
0.12085152786887815
-0.20015765548238965
0.57932013586200148
-0.04435089829439548
-0.33687025010410376
0.16450560097992278
-0.17391103788464815
-0.036901019346410074
-0.056953875267743967
-0.93345674140852308
-0.31304573174260575
-0.43732254571306645
0.42726951652108119
0.22146644970048721
