-0.42187585022899837
0.1403292653508991
0.23961681415217692
-0.40610806016441281
-0.032963112141751183
0.22763508420460463
0.29024626601591152
-0.20276783634815634
-0.34773643681633265
-0.21330352011867634
-0.58875485057847154
0.22824020628445019
-0.32419640448504533
0.46895455367695238
0.51288405123106551
-0.15909792832861586
0.11017828358958698
0.20308314517261528
0.37559421438466289
-0.23588957961450877
-0.45514337521212622
-0.21141950433242399
0.10476541890361436
0.050609887937433796
0.49727939835400692
-0.43197929452197525
-0.21456473013855282
0.20495980663673183
0.11899291044623483
-0.032354671022510099
0.45282661145404002
-0.073770111894266979
0.32205480286447974
-0.056802893123565318
-0.62123951290748958
0.27205674843209249
-0.36919209493090888
0.50250111268346676
-0.11452493390762442
0.25580924381059356
0.27882255712200404
0.46368668414628139
0.030208661157635226
-0.042118850345383554
-0.2784307729473256
0.065913489161305877
0.7280136736511601
0.05346871524982201
0.13027743887224488
-0.3714470010207413
-0.13203058845939813
0.15639827329691366
0.14335725715157124
-0.36237204121921651
0.089617042122578441
-0.48367229892828595
0.0015776269395313541
-0.26761653624187032
0.25844554529812974
-0.032461729497784343
-0.37057202295117658
-0.46041389512706299
-0.12941022404145891
-0.49507094919112654
0.3201095121103949
-0.26840729729013646
-0.13146232695104287
-0.075990855867740556
-0.29686053996489559
-0.066795518160885331
0.029689690006873864
-0.11029333211319023
0.039959414549274673
0.010960815387819234
0.28855810263516568
0.017907900327842102
-0.66229572290677874
0.50029952802108568
0.28900670258044392
0.014147078924669735
-0.53369742856653435
-0.18096490889070799
-0.14568066205480276
0.12786204257976599
0.14944409942246301
-0.44933229910984457
0.20118036332975833
-0.6113640070415588
-0.10080908376316683
-0.16715951244183738
-0.17164471119463912
0.4337905780499256
-0.19154890520583595
0.0027558373034585293
0.0027743245953763544
0.050467625856296529
-0.17736465143898714
-0.11198061758360241
-0.041381309294905126
0.19138998616587513
0.23305286901184771
-0.055469662398225851
-0.070088074699361624
-0.060663382615927963
-0.077323975503887615
0.052075540958776312
-0.37106203225800077
0.041617617239001571
0.094437598655632962
-0.24089153004167749
-0.062984670997410869
-0.025807987476216349
-0.029958477834166934
-0.22389268551371605
0.0017534458784360821
-0.097347096222052468
0.22715494778196724
-0.12939839607022538
0.70729751900368365
-0.1493018641975018
-0.1779952551548844
-0.13587617738553476
0.28475105218183161
-0.3194728700961475
-0.17448797169009048
-0.21471568176048755
0.048382331508542382
-0.31609926521613824
-0.25569715803836129
-0.02511957132467146
-0.35569571672980399
0.097955773362335505
-0.68929654652664851
-0.1037392267406846
-0.03861038172326639
0.10113698964990193
0.055999068649482571
-0.18161423233381122
-0.53437938561351583
0.18452746591639388
0.40810388477233239
0.33988225912013426
-0.29758421818748232
0.21248467516328279
-0.0088850196873721046
-0.17820659512905432
-0.056357595889587817
0.33740924788735849
0.26781933072553288
-0.18303411679354764
0.34588226857034615
-0.10656131911879482
-0.066427558044823337
-0.21562076961563023
-0.53604899476133483
0.087645560012059323
0.17876676122798413
0.31808484306725066
-0.16755429776769162
0.12591683082926858
-0.26918849047632842
-0.067636834100832335
0.10831423863643018
-0.32663142222782521
0.079442300889607867
0.33526347137941187
-0.17596690693902586
0.25389626772011903
-0.1602068694855916
0.075528654638680998
0.35574189974948722
-0.047411199254949632
-0.33122939831749165
-0.13729220321285224
-0.13292796612856372
-0.22130550713013372
0.56884559706919613
-0.13797308148699228
-0.16148770651890518
0.15961561449136843
0.28853386061796721
0.19904441879858725
-0.65103809254654887
-0.089596142336337545
0.33803759981394582
0.11173773599331666
-0.1925267134857169
0.12811248696782293
0.25935317811539627
0.30164273327883229
-0.16549070355049975
0.15453351449448888
0.18018658777603108
-0.17920070230382978
0.25757580055658658
-0.37621086416038024
-0.028075689508113556
0.31246012813072815
0.40853670129419584
0.30938679019799664
0.1133373101360884
0.37188481294142167
0.29034893569843057
0.29710218516469089
-0.017759472234956206
0.026374548109477893
0.25933127104004661
0.43300138028259832
0.38854648819445287
0.32030988927149773
0.18337171424349824
-0.13211547856296268
0.1517319580739572
-0.12735012384678424
-0.11128451750594587
0.29724229966075671
0.29232135760572509
0.12211190533745545
0.18068585465386108
-0.14840145719352321
0.30210243843895185
-0.15094257205829517
0.45785280946703022
0.15788132791023649
-0.053008232893548321
0.10850727336001915
-0.10002823530278901
0.014512716689692735
0.29286862271051245
-0.051695767475246714
-0.36729999243368666
-0.097922600498375062
-0.13318300623934648
0.016048962307424426
-0.49905230827866304
-0.42274784078799749
0.22462652193417917
0.33304275319838555
0.12669739406634428
0.2033183241627694
-0.034127988571856595
0.11714625548866904
-0.075887650504263812
0.32967771552921676
0.041195198759506425
-0.34020266492687173
0.032976958733586588
0.21801704998788152
0.050247662654769869
0.14120467402246309
-0.35900608582879617
0.77131663378989168
0.30561704156565223
-0.14707066354620968
-0.17034222789263231
-0.026101620945266916
-0.45253559713505914
0.2748951235096696
0.4198712301050066
0.188567620000134
-0.3652940109532512
-0.12666826117508376
-0.44998387138804286
-0.22501246296188018
-0.21487175839395103
0.1488830444060007
-0.021796832673917917
-0.33140321470178902
-0.17504789702838422
0.42183120346748948
-0.10651914891611597
0.045993460095793519
-0.2863541572125653
-0.02278807545287764
0.24631443041078951
0.14731804902098958
-0.042197158308322158
-0.18798349334009776
-0.21361883785051952
0.31947222303325412
-0.044763269252172243
0.26704711345973975
-0.34789252173021423
-0.16332016701063642
-0.25087325889217976
0.23076773590872526
-0.11195374634034748
0.3211661133105424
-0.75268727703995331
-0.092508378017960108
0.02900413168597115
0.26337135704031661
0.25906573624395396
0.27244614331850653
-0.1506488899387157
-0.079123894249716123
-0.44239670958265637
0.15758932930968625
0.21723741786050765
-0.13316451719353492
0.56396487260000805
0.13264730619478801
-0.12172332870330549
-0.37200014819025379
0.28187001535562434
-0.38860542955584598
0.63898202470286625
-0.032076013435348966
0.1207811241720743
-0.27059388187857186
-0.012739420344566824
-0.1913346769829358
0.0073789900768745642
-0.14037916149531227
0.25012338600706308
-0.322044880323692
-0.20014744414012908
-0.21334777855910467
0.59529485165014129
0.081263662006356277
-0.58175582873287635
0.3496837094827423
-0.064036901232338489
0.68452617048408659
-0.14762049406612937
