0.37611114126792061
0.079820509096650546
0.062662691959798872
0.016873709498932184
-0.097051652654379095
0.13257710126364461
-0.070802032045905572
-0.18365136731324352
0.27659572499552931
0.11659753376452484
-0.10767325081945436
-0.054551083243876815
-0.22670827612154687
0.32583936091231297
0.13337967524956096
0.32565408889100722
-0.52574949142780392
0.21225134384411876
0.16869749707442463
0.36332395429954584
-0.04414401204631347
0.41051591299921553
0.18834507091971858
-0.41323683120524213
-0.30749458247809419
-0.25111783820826156
0.083943522760496103
0.33015065277866829
-0.16819722536393364
0.17411036539034627
0.092417000270982014
-0.079538543916547258
-0.15380567852607263
0.3689056560036546
-0.097561131867101844
-0.25705905994228706
0.3527068819226224
0.45375622059019149
-0.64269236401625973
0.097352727071213674
0.02626667411448191
0.053133874258984533
-0.13928871615131805
-0.18143562070826627
0.3508015097602023
-0.0057754789515416646
-0.094193059773099663
-0.29693870536782191
-0.09190854847998052
0.149766371295599
-0.10113952455389522
0.1681658971593068
-0.077159159885965445
0.54080481489570154
0.072531560216442026
-0.058977808677539954
-0.20837588515902694
-0.17277158454985114
0.26348113160927528
0.50939030400523067
-0.19473163334452218
0.25118201113359995
0.15281051804175683
0.12295797146708522
0.22836616883630831
0.11248900328062036
-0.014138860430165009
0.13379783904992504
-0.18572831828601802
0.46983120035370146
0.26168159997314405
-0.26046081206497329
0.16793221174758838
-0.047336002803748944
-0.033675682355840245
-0.098601878893044281
0.0056347186434617781
-0.43711999130575546
-0.41118788441049142
-0.24142819585257583
-0.10555842871619027
-0.080362360130014382
-0.45260834149187712
0.20018711699921216
0.38419543630510161
-0.14180763556250378
-0.50717317493799408
-0.041914297901845796
-0.017177254886002538
-0.096385787237764906
-0.44897996430821552
0.14807250649829271
-0.4633556255516646
0.04617068234355326
-0.2069782505578617
-0.51342394408933789
-0.35151999969695885
0.2589798897692549
0.079366008881176439
-0.016163136748065066
0.018619832539000007
0.099619760049369274
-0.10290389305673245
-0.07124042451907403
-0.089071159394564184
0.033741471529223355
-0.33070413076121402
-0.0022239110676805177
-0.27888657557681196
-0.0523555183292361
-0.026598361718477681
-0.33052068885047092
-0.3512253629610223
-0.14754863570903334
0.18549095296544404
0.061901718311620474
-0.21725218963106893
0.053335547113991515
0.24920108685342737
0.15264877944531408
0.16646519670886917
-0.29195703539951645
0.071218068426987247
-0.076750319761623359
-0.77712477485206288
-0.42936055942506363
0.30746361787927845
-0.11878959301612922
0.21363932545380016
-0.10530313681771011
-0.003442119793317433
-0.10895627931143531
-0.13368527053963289
0.54420690881861167
-0.040251255540472229
0.45797104175220416
-0.3021104738427865
0.33671009190291107
-0.13802314376453537
0.093515481635483649
0.30113144178861662
-0.089114967672001472
0.12398199501493605
0.10113506286029768
-0.11670551015471864
-0.051414927652801527
0.011132296044240686
0.34813336784120558
0.16034641751001924
0.53749189771820949
0.16292556851503515
-0.0047799503060383533
-0.63357937410369092
-0.3869638255908876
-0.47851387394568878
0.072517768749629855
0.22192180836670009
-0.13155998498095045
0.52276874456052802
0.4643238260076395
0.0052647030121448675
0.10890304623640597
-0.13598808643343391
0.011398789484845967
0.060979704905353212
0.09999487051316247
-0.083002952014781112
-0.3320930111425211
0.087460001805834756
-0.080313130265049895
-0.081290101464348438
0.062393293646732358
0.55734053163845909
-0.068267977284512671
-0.029288639527916775
0.2857818277374049
-0.1362417060062355
-0.026076301188416143
0.18741847563844072
0.081683700670201559
0.051519129256326734
-0.40925116473648881
0.13789660449774571
0.076458751998536148
-0.22746944412094564
-0.37691169585554746
-0.093041784624816312
-0.023736762611238953
0.10967226177824169
0.24165557268279086
-0.186731950133291
-0.23024932485937155
0.065590776386687977
0.68470577018471912
-0.45585128281548104
0.48408225952721817
-0.023754939194010911
-0.023995929772111315
-0.081297726645581631
-0.063339920114501819
0.21312202619302897
-0.33521849496263617
0.35205698453527251
0.40451584359512832
-0.63476210435445901
0.44819860291359709
0.066988241020178863
0.078681315659269474
0.21039793421901959
0.49308659400192101
0.12587829543856219
0.049357916577481453
0.27586991218164331
0.084696760049051023
0.12942952704646365
-0.1572360725581447
0.34572799179079045
-0.25110501156262588
0.42685235957459716
-0.21509653583003679
-0.16526755450703831
0.12280763685836975
0.28327801193771834
0.28968642339220763
0.017607688071093947
-0.021476641369443505
-0.22917514047715773
-0.33879042727494801
0.21160533897574482
0.14121607996310984
-0.11619760649652958
-0.035530203083626824
0.41646640097799192
-0.23512643008516865
0.11429543117287241
0.0056087237906174156
-0.14855996318725337
0.0065085366548662043
-0.48347540743760226
0.090270233743137931
0.21310286770374656
-0.073269058064683146
-0.21178593732174311
-0.037534387337392727
-0.032907100953364209
0.068518015052214554
-0.067755378281879372
0.16804733277445744
0.10962475816295884
0.16158907618486359
0.079487262635589695
-0.055036919806949802
0.27485917400340726
-0.15799207955706293
-0.31000965699278327
0.30309242257513047
0.08929623722253939
-0.067470636483994137
0.21412532526147687
0.096005776186994907
-0.17148783990382913
-0.051988860653837211
-0.065458284244773055
-0.48879187910608474
0.015390422113160676
0.10102844206052872
-0.11551788086569717
-0.25690546393147629
-0.49547794497371828
0.15581924362002272
0.024089443380933336
-0.06071253561704637
0.08291811998494189
-0.39502951501026068
-0.23829847436180923
-0.065229988835930744
-0.07770838907662482
-0.10953323467456995
-0.41591437194335068
0.21579328655352006
-0.11918043346294038
0.38646990002391207
0.22816868461071022
-0.35026003417918827
-0.15459190974718834
-0.070436564125926401
0.58844395101990654
-0.19372630726231879
0.28573288220402043
0.11345618110446078
0.17925275623987
-0.7888395766587919
-0.081157585276842317
0.33727959224392307
-0.097960053192528151
0.57548827943005809
0.53162840525624622
-0.12549133398731871
-0.28888642832840761
0.27942252099585618
-0.066111193426626094
-0.35973846013399435
-0.2812633010994659
0.61812996801169184
0.085685729200638369
-0.37710608363807979
-0.048013156718845471
0.23101829943486174
0.17919942824640114
0.49805519108870133
-0.42626788198964877
0.092751816278641055
-0.10917342483525998
0.26329401375947081
-0.3315282844874341
-0.14527711888988462
0.04459868935726978
-0.56437038922497629
0.34375280749563925
0.15281029505066826
-0.29298394282849849
0.20083122632332789
-0.075006662956124903
0.050678933659755496
-0.09716698808810291
-0.1364488515180764
-0.48690234538953525
0.16980849701683914
-0.1735859341671368
-0.13483066660959084
0.096878306297056085
0.17123488964110012
0.0097639471109765546
-0.11472955060361424
0.022789988046801064
0.60664115270443364
0.26623113054095465
0.50312911489073664
0.018297717939752274
-0.38125374882938901
0.10273777246196837
-0.16531916870745667
-0.1866209829070837
0.30940220546997538
-0.083553820159840225
0.33244582791479688
0.08564762696518996
0.053263905160528889
-0.24930642129305611
0.0025931906895070838
-0.01018175091073182
0.13186058160317618
0.062359866051555211
0.023003914502391323
-0.30417916685770213
-0.053534942873338758
-0.24292178766613851
-0.12277868047319494
0.18267389871025561
0.49427512054260192
0.016014622124654779
-0.21689707514158699
-0.15921782956764466
-0.060484832193194144
0.2929788666083018
0.14900842917026583
0.070517614377038365
-0.22094916705123047
-0.17459546032115816
0.3603127975875593
-0.11796121321144429
0.22278849324457914
-0.20855834475655427
0.22542230328127433
0.15373612701783332
-0.029434628166270172
-0.40425942933445869
0.095501544042165321
-0.44975816925253143
0.20336253874963631
0.35309829096789069
0.057864817449771767
0.0029155481312120868
0.46457496405398074
0.030825713427911738
-0.12524148986037098
0.10034208237979993
0.0056715895588758045
0.0018093005349043218
0.29564787302410706
0.10295683947477551
-0.29047564214278004
0.10410720145564054
-0.21795238384007565
-0.20469114095063642
0.35767649912337091
-0.15763360857176006
-0.067811600114430007
0.11564054923489232
-0.30657859411382099
-0.085559576246048291
-0.13279965975186525
0.32814549948153676
0.19399722532017649
0.61887529322700918
-0.0016465252409528263
0.088416155603503022
-0.19571340580100832
0.10589558061722046
-0.2457439596810822
-0.18777327389977794
-0.071797474261978106
-0.19960163862726651
-0.10192873098985936
0.06686095788168718
0.19243484972783018
-0.4940695243346454
0.063138988360360443
0.3379117203061841
-0.06352128666380312
0.12923660266752215
0.19635965478646569
0.35538945609522654
-0.033663053204612652
-0.13508135574181251
-0.25107562656252636
-0.14750960333306776
-0.11292833324083594
0.32812684589534757
-0.029858408325939317
-0.14756982746604191
0.17247880422878362
-0.23784765152225854
0.41938888179448242
-0.20902039774180267
0.3023994758471919
-0.31189613313265757
-0.18454049664751229
0.15396122611911092
-0.49327650081248048
-0.18226949434387857
0.1625458417116134
0.22553611989215255
-0.079391065181558473
-0.11078763706332931
0.15168402947495113
-0.028934391326339126
0.19595521636200725
-0.20064025195812812
-0.27745582284912268
-0.14668008795219237
0.19655172829977932
-0.11903422004051349
0.22077067169039902
-0.41354774003556205
0.70886978095466457
-0.16566135572712701
0.039678603691508642
0.19857474483110543
-0.36350713111702632
0.29361754839330462
-0.03088840673966382
-0.00244585022612676
0.30316676018130523
-0.054835626887259445
