-0.19814422084547151
0.0026054118079103889
0.1502654591565902
0.32764832455033377
-0.29970361980479798
-0.063815873002436865
0.032755073053145643
-0.091678112277960383
-0.11883599307036101
-0.13971141566797268
-0.34393466940909218
-0.077468886722413866
-0.064617456599552647
-0.068540197077256601
0.18766567857372909
-0.20534867135765275
-0.078589022047452772
0.36930685176195654
0.045242384602182092
-0.09325035335524294
0.35734623864250209
-0.3951581458232522
0.014009482802523473
0.88171666894495526
-0.21464705210617135
0.16739088879815739
0.033348912322915654
0.2452186726514981
-0.11366155218985825
0.11991888598678728
-0.014095810379153464
-0.094995184962873291
-0.30225596991413628
-0.29377946626356966
-0.58567122776176883
-0.38169883323110398
-0.085823977225310863
-0.1050830904339774
0.36505384506241001
0.67932058428930131
0.1396407313999519
-0.00020723376517071246
-0.44887522631476301
0.23290177793365438
-0.084758725720898015
0.11002440058993571
0.16198571119032978
0.27794991232601779
0.34941481979050643
-0.41029744266147194
0.4379842122843805
-0.059044470838784176
-0.131729203129548
-0.36264942208507911
-0.25263106201314089
0.33368334583732867
0.34866992579962797
-0.03120569185644036
0.31509782911249068
0.059751013546184006
-0.058776879904650331
0.030574046316277578
-0.20640290378760312
-0.082892480391504431
-8.1401963704888381e-05
0.15863560691116615
-0.010632937324491288
-0.38819717333227277
-0.31106450059696134
-0.050914996047333697
-0.17668689466320814
0.31451011627831049
0.18709979499376231
0.18509341258416759
0.14207268563427705
0.4633271051174857
0.40557704178918497
0.28937748030254851
0.14465918042451509
0.097719820742633939
-0.16611004763292278
-0.11873673615546936
-0.38723727205531405
0.21932921955790463
-0.51910038235682487
-0.64304491244469208
0.081602188224186134
0.0064913532436375364
0.1392239615210962
0.26206103026378513
-0.23883234613339308
-0.036606038971137671
-0.18744099728017138
-0.15118507700113834
-0.021487899154675315
-0.17272832297109933
0.0053275979635826051
0.49329962963177415
-0.013189048516542181
0.45080018480268874
0.12796615788862559
-0.29440548960731999
0.47006046325471967
0.28150588125884257
0.12725440609800226
0.55484643539415879
-0.12311394959458376
-0.12278079740716685
-0.29461323986406102
0.23666724190917265
-0.1241874987842623
-0.10764018251568894
-0.13383858363554191
-0.57916829053654928
0.1825047732899977
-0.17045163496702923
-0.19336285243672091
-0.26472004304948815
0.07563895790697843
-0.031465082138237677
0.14520593622866748
-0.3104328536785198
-0.46433939003096308
-0.053404807352327728
0.12212634428132167
-0.22042016328771366
0.19169273328077627
-0.59245789763205958
0.50050803559376844
0.24411353050364457
-0.14570753678406473
0.046712545962611506
0.055070770187815851
0.25143238096490383
-0.32445060396019304
0.34509693650603479
0.13899613240286091
-0.084744077475355131
0.66287526888088921
-0.35638340322382039
0.1511477825450632
-0.11918195226302511
0.37434054804943279
0.34271710372415432
-0.53831677839588421
0.15973096946745594
0.26392103159087482
-0.38804929890436346
0.008884820921777321
0.46062858111867733
-0.20042654772464366
0.26123812475929375
0.095843277355588757
0.33115786881572107
0.023439940033934622
0.064324481688063193
-0.35907010566333303
0.26501301258547028
0.0057495185665660514
0.44109576268808842
0.48192942764275781
0.1400428603620559
0.40755215645089904
-0.46739888321406747
0.51675030889893647
-0.39272803632474879
-0.549875316894049
0.085849311695185893
0.0317959726604021
-0.24286424864712924
0.33492779425632613
-0.00050881864323095946
0.5041176419721507
-0.23741335601206009
0.17562272419511954
-0.2688436293505021
-0.089075211169833024
-0.14173873480181359
0.025631233101418315
-0.11445336449293819
-0.45764737430722108
-0.23957580533677805
-0.12824913565491683
0.30496210436648458
0.046946595856695417
-0.14116574353096875
-0.10574250882296508
-0.47284787143963997
-0.5081652961224653
-0.085743150249751307
-0.16337895031774344
-0.13348591160549095
-0.58844104326436719
0.50758011190681451
-0.32463424118705309
-0.049707148953042533
0.2001332902017294
-0.022373023159853071
-0.024487937452607394
-0.33957882358150882
0.13944827169199567
-0.10267498884661652
-0.1254895812943374
0.029331477106030627
-0.044464851132954238
0.34552284389968985
-0.22306106374758503
0.064951853595683062
0.36161677278957
0.31942886946806526
0.30816524012102575
-0.3533425433564133
-0.042057944530764432
0.71275956824052844
0.06707412544387667
0.076275727338080357
0.68873909728586957
0.2417986647814479
-0.36424282807886954
0.33829730537500663
-0.087470615574277058
0.16537644617987574
0.01424153680577434
0.28003485899764158
0.090658635962213394
-0.0079432118211297895
-0.0033587727534441668
0.050906976493077516
0.010100077607502067
0.44182621448990611
-0.10296528905398669
-0.25115291189959593
0.094903406791144868
0.44225627508534437
-0.14053312717980748
0.16774949400902289
-0.030631590135399896
-0.61262994038783536
0.42697560112970784
0.0059227698344528189
0.34909287311381343
0.21130503175256934
0.30067750848075386
-0.44183833121555716
-0.0065643394427046947
-0.004427198502215653
-0.014505395542650738
-0.1645399492438753
-0.040778007618137095
0.045761292694318098
-0.41247177387506906
-0.097173624833686259
-0.37343142155085951
0.38629702606582633
-0.1594144758211882
0.057427752945419457
0.063998520157232563
0.15928317638426437
0.055675253760493815
-0.29004461598083414
0.10467870462952168
0.46359093230105108
0.18945767803913707
-0.27318237999741968
-0.30413582145535994
-0.24326555894664534
0.20961857988446905
0.51235297624891118
-0.062050408702476724
-0.37825259427647101
0.16209649218658301
-0.11913743130370717
-0.019198149682515969
0.34479993503581263
-0.15876675820976394
0.44356970028136056
-0.061853374019498572
-0.24382634233267531
0.38922530893710566
0.12981937471206212
0.26080180806504771
-0.06845220017979084
0.1408407338621733
-0.074543355573109857
0.1204578491099666
0.052196476134836016
-0.20452162962232673
0.59734113659328825
0.50423548199699464
0.10581943769234681
-0.2172222535646105
0.17713277237389519
0.23065226642020889
-0.14835469133191903
0.17300499601864489
0.057780972732551457
0.34490126970505053
-0.021991426227258304
-0.26789739846941102
0.32488045022863654
0.33148061863529443
-0.30473043467218491
-0.016383469615345137
0.043504227828966922
0.0054684054643889873
0.31583267882924643
-0.57928768471025671
-0.047674824431097773
0.021095470370203838
-0.13423497303705817
0.015096985423089243
0.20548745608651092
0.42091711488067951
-0.22245664415806793
-0.028793137418266619
-0.049225644604389739
0.37430042240014005
-0.17514884105516021
0.36027710151085601
-0.037831049226833072
-6.6535934412084193e-05
0.53133035751368118
0.13354867201648779
0.038350474016819576
-0.40453388245232469
