-0.31921213581656072
-0.204671354940171
-0.14022526431741367
0.45127747273680818
0.25141203096644688
0.094491371217068562
-0.11986127444722772
0.05718063444082086
-0.13001603968221184
0.29813468820726696
-0.11748996114160404
-0.14496348416094554
0.11540013167643723
0.27859827782350111
-0.38716996493028832
0.13270170256974928
0.21153351711496204
0.1378940794212202
-0.18030299438286282
-0.0075453975774149263
0.40770072696556686
0.46149461557851623
0.30247450740174509
-0.43306676635218333
0.084016875682847741
-0.20155667614648903
0.35804689940409251
-0.16733454614198043
-0.19870758856009679
-0.13707608151221748
-0.18710766944508933
-0.011565514705875888
0.15875991224262909
0.31048258253186817
-0.05817906530214121
0.28218018053464738
0.020389347126575676
-0.28800464777237611
0.045128565080350125
0.15172982781744981
-0.29425208215649951
0.19102327074705999
0.10929559861951631
0.014638897576997092
0.12362848379744554
0.15846115472306596
-0.10982763794697306
-0.0054944648751744495
0.057204391771204191
0.051295784113519559
0.41929713737239088
0.1566533306589262
0.12071119372738552
0.53266614977722426
-0.24528870578648002
0.13731755934310658
0.66557137729393234
0.091347597098470248
-0.51522204471267419
-0.34495307535664588
-0.12555408746917446
0.04713878056264402
0.41027213552111086
0.17803681753591463
-0.22811893653969306
0.3057961550537312
-0.29877212599108954
0.18910393114870108
-0.25801653363823346
0.006025943323870386
-0.049739188147696921
0.021337036617898718
0.020972782406059431
0.28130107242454699
0.22187985490631967
0.0066394825853501229
-0.21669543583029902
0.0065640976021442369
0.59009715259428919
-0.205850231575574
-0.20626628558870241
0.04188862545359235
-0.51231555090077663
-0.0025150839730609703
-0.32692125329545535
0.36771850354796015
0.26826761279976674
-0.2074485487885524
-0.049172054035025711
-0.23359941197879353
-0.035563176875169647
0.16446479309355341
0.3995333274054117
-0.034979437123858759
-0.29823871916641792
-0.3562430357361942
0.24110604610110226
0.0020395754107478147
0.14708999672562095
0.075558909019253787
0.25264361067169305
-0.19600403125119767
0.25136917590347824
0.33521066294606428
0.25235663870866265
-0.68897141582492849
-0.36201032189803561
-0.27349386245082702
-0.045678602685084953
-0.54446969758239117
-0.098361853162984819
-0.23691105277556396
0.10761940468867741
0.049135407043176128
0.021547691155588248
0.54149135609916976
0.30134817531186864
-0.22869726886486988
0.411823158316588
-0.34895467770845845
-0.14588315711054409
0.041549078708013339
0.14913993374784734
0.15988425366951065
0.29946967304235239
0.20059003401500169
0.32755088070663668
0.70121465714956133
0.39007975736517142
0.017800173254567436
0.34149597019369154
-0.31455545460124684
-0.17204089589086169
-0.048643551404787433
0.50354318785026864
-0.14850603910964577
-0.21190521051754899
0.32869933029490889
0.28878346994150833
0.4806114981279227
0.0012971760392088542
-0.13956606044466979
0.72414822778132226
-0.44677721693993755
0.017313821341498708
0.29177040745659621
-0.26102348147149013
-0.016184691621646402
0.20627191750101134
-0.13135593326870601
-0.36935665590470124
0.082627165898162755
-0.020076258626435653
-0.23820912846608266
-0.47863274045049642
-0.59472496319402202
-0.54617336467271171
0.4008189757078382
-0.16772326279266112
0.22771495921508003
-0.17191561671254099
-0.31127067606752301
-0.18605852743208293
0.30884846920099102
-0.20887737165674169
-0.46137988520597295
0.20997547446887133
-0.10596215497252194
0.13948945082180825
-0.0025814811746853431
0.1395454588101635
-0.19805450220243329
-0.2101891522697108
-0.26743275248950138
0.30452902467151366
0.24564236831992009
-0.1089120670420462
0.24905656338478982
0.053228162204623654
-0.43102751545596785
0.29509359409607133
-0.084120756956798159
0.22529952749123
-0.082071801936413377
0.28291887804061278
-0.10692269217027273
-0.13493806401136332
-0.32448433710637248
0.085326607034193924
0.11527083656366433
-0.17376552286495833
-0.36911346866790984
0.010934094523988733
-0.30100746684005875
0.23791641763522756
0.33758418792867995
0.21649421522920415
0.092401462120658556
-0.095266908566642605
-0.14830694992239926
-0.27553428797864238
0.14484589776428891
0.40402659620387438
-0.24496036642656188
-0.0070342847710393461
-0.013796798976959365
-0.00069681241096951048
0.31743535327546829
-0.35690470966974919
-0.19140146318000628
0.22630621151261077
-0.098650380573132593
-0.28579988491704483
0.37428276177303693
-0.094846315433463793
0.13394396236764403
-0.37010665360511863
-0.1415306739492983
-0.023900743933840712
0.027503891430551534
0.044123562116509293
0.12205722070053779
0.26455972490192442
-0.61653870486699136
0.41658724478810527
0.14369665818389304
0.25394189388265759
0.083719759079288539
-0.27386768678533197
0.026731413280625883
0.43610115991982573
-0.18048172545783162
-0.2009174890817845
0.61500823819778527
-0.26983068289750289
0.13748105377060782
-0.31762962055001531
-0.26900286846126648
0.15266656072993717
0.52638294680154141
-0.11849956582923622
0.12573004781513514
0.13135131002086411
0.68425661692757733
-0.0059934646869041824
-0.081572202104084224
-0.5686358423514668
0.44331867988438567
-0.31454528303273271
0.1046110132209144
0.16542333665416212
-0.24986987104437675
0.23705023884812224
-0.16579287750447957
0.057102921411721436
-0.49499213752346055
-0.10524366350808262
0.36976370398128927
0.19213799307621859
0.18109562145497451
-0.50728725249898476
-0.43016724424848518
-0.51241042527560565
-0.24272532776228223
-0.010584265746712663
0.10901444445282563
0.17599698690564422
-0.35227599291838391
-0.035497267432732994
0.069231755805983189
-0.40013167383565545
-0.0251615625164982
-0.4566528625034818
-0.066216776845516523
-0.53089570703283651
0.82403652393582172
-0.26092207632335679
0.13081948236705407
-0.16627126743525497
-0.078161561436776689
-0.0084124301617808459
0.52153458625494442
0.11258096852274646
-0.021137497665163301
0.0013638071988316719
-0.016232858858579835
0.48954929352104581
-0.014430862358000455
-0.11431405721832309
0.27386769391078419
0.6096703334839132
0.23111884275127767
-0.36120239208648874
0.021050149059096145
0.065443188500570848
0.14031273590110749
-0.20365858639819545
0.078522064841967859
0.16834064926431169
0.32250410631700338
-0.15609487730264668
0.018039659448031115
-0.2490781947773037
0.4514135165308043
0.31889662630656079
0.019571391958643665
-0.26369617854278399
-0.025199780081687894
0.086876748204048226
0.016435540467034507
-0.62763832374259965
0.25411158555952124
0.068689385835126821
0.25799712653465534
0.18270450201436794
-0.048693701759403366
0.58212957770256624
0.12749476801353507
0.14624127580916504
-0.1961456682614959
0.22818011965474663
-0.46165865476318046
0.15446770755819747
-0.2076314030681268
-0.01656171194380127
