0.34407477972195766
-0.28863039476307439
-0.45436663385169923
0.70996460371044157
0.43600251813569652
-0.12136130861952273
-0.21713218622609071
9.5863600547278448e-06
0.35975648181966757
-0.15233994672579912
0.14109720206534332
-0.096180118462421388
0.43515199149943112
0.30208295802073998
-0.39988411959929954
-0.033979710447610029
-0.013568680440611932
-0.26313111567029246
-0.046423878710496864
0.14389436289507482
0.15405235971030387
0.23609207223073705
0.042046225277866736
0.0328192466803746
0.30140727045076432
0.22682567331333595
0.20710882669333222
-0.051607911657860744
0.44091190113065509
-0.16867927188519666
-0.51571053942799527
0.28154524018663091
0.45912441400696691
0.32051955507750202
0.53622133385571458
0.24029176191571497
-0.16623081500409484
-0.061051708130378635
-0.22209914952613716
0.26967959016183868
-0.17318973970220089
0.042397295805504623
-0.2065456533733008
-0.78096774858876983
-0.016997772707505916
0.01983328364943825
0.066239135249838946
-0.038526053227517829
0.028304502069298385
0.29705403526534552
0.29913422943446422
0.447088839477216
-0.29573985356366772
0.32218593558496905
0.10509658790976657
-0.12514113935219889
-0.008686719746531622
-0.55721481898665104
0.27339297804887097
0.10792258236647723
0.17913655389789751
0.40912161552677151
0.25489911461688974
-0.32480733775637249
0.28916196083316525
0.23848495366289815
0.66711678359126458
-0.013305833168572654
-0.14398290700724992
-0.12187732042650005
0.19992711746592084
-0.055410285883792106
0.34375930463194265
-0.11491982165249195
-0.089256427676259811
0.054816222627299675
0.11156196614888676
-0.078176631562753798
-0.30843892271171985
0.093182649154715455
0.14277617102920756
0.44433260073558956
0.34769775060505898
0.54124764725683461
0.19288169645789469
0.38271994646134522
0.25371496011096345
-0.0016352372818092319
-0.27301188820744354
-0.018809276716031883
0.20880450073063028
-0.19230341787169483
-0.0046824184496372812
0.15573551839841088
-0.15576724597213223
-0.31291906102635725
0.016237527925877425
-0.11733267104025734
-0.62495501610303672
-0.12342311508460525
0.017929496220901193
0.030513495556659467
-0.25311892822147103
0.13722968448836867
-0.18073215538585544
-0.084227548087206089
0.13137827892949289
-0.50355916478694718
0.1381689411945492
0.67816831038004777
0.66695851504871806
-0.17308639487018246
0.030466658174444359
-0.0024794391502506578
0.0056414812617535635
0.50815002615276061
0.00031268842898912264
0.43332351375883316
0.26125880489076686
-0.017876827620819862
-0.34922635633744536
-0.081192894858260728
0.037704976425482088
-0.15811683581416186
-0.17082301308238251
-0.49830893223839434
-0.35905775347573654
-0.53701844747020577
0.090165805500731736
0.20922156818474752
0.031100560605702352
-0.097810150432280279
0.12761214860670481
-0.45375808158495073
-0.37413357453732643
-0.20737669351281829
-0.075638037141559311
-0.38286001849383594
-0.14884682318654613
-0.70728263048911189
0.25658692614712286
0.11992493896832819
0.27676679085079209
0.16114775996546668
-0.13693077964562123
-0.13569420072478566
0.055836003958998993
-0.52413370612419863
0.51722087414105578
-0.54197803610194306
0.041891084991635262
0.34850064378699858
-0.33994173476717171
0.38914727785325798
-0.10165206427879404
-0.20304112270149702
-0.27794880548206879
-0.47238491694023999
-0.019735436853055174
-0.17471276598619323
0.075582538062641619
0.36596213128033339
-0.4851595772299272
0.013471953139209923
-0.5574892853660639
-0.22791818183120757
-0.17236531950185774
0.30219634918142041
0.23707938190347627
0.19443611644716782
-0.066368927376666512
-0.11438835228566697
0.06358352900920812
-0.96130400034353602
-0.034135602454618608
-0.30983094498452479
0.48315527188021523
0.11841520302966813
-0.23410887314827053
-0.25566127236711578
-0.566527946858982
0.40761005743735851
0.6583331968722147
-0.37182262717282122
-0.28039321498434006
0.39779898614683074
-0.55126237547116097
-0.056773295106492511
-0.55592300088050939
-0.76335819420826811
-0.25457239092384398
-0.45694500659828791
0.39707892519410487
0.41808191148713947
-0.043541271096046164
-0.14761482247241053
0.1091739919705649
0.37504242493600765
0.37302720617470592
-0.08716836894710954
-0.19782765314238845
0.040538469537489505
0.026669752756924625
0.43115223982599982
0.22877936306506985
0.29438707956592919
0.037169841914427959
0.020063180753520406
0.097299943079259224
-0.17883061228605954
