-0.063668154373642427
-0.09007071851879779
-0.39693206031489486
-0.022111304983084317
-0.48368448804859226
0.14102895801561641
0.37787827684301506
0.031722273463769129
0.0080918759666979423
-0.0045484225679159381
0.070985619184389989
-0.070793667764869728
-0.11812157311726218
-0.69639185398427572
-0.17117155183932561
-0.25362020299828031
-0.47467074844105611
-0.87886958533708881
-0.22901384541778946
-0.19738603234622665
0.2199075697722695
0.076665951830365273
0.0054920386722868073
0.47123542047996075
0.22760613389528625
-0.75183832809213369
0.28708062073210155
0.32088948753149554
-0.33752029598394406
-0.47807408060125317
0.045976836695178262
-0.22976616204065989
-0.18974618101677146
-0.049828983049693604
-0.037479657389844184
-0.20212894935018069
-0.066885738075635637
-0.17126360477935834
-0.30641419013221799
0.277292838040335
0.37729437069547339
-0.32028728589404465
0.72838216056171734
-0.035200641252496313
0.26131040104300346
-0.079911143650441233
-0.016019144916809364
-0.30642397361450169
-0.22521080704907265
0.17240526830072245
-0.30300221093261082
0.27473259813848672
-0.042369285206589696
-0.52322338550999214
0.055692836493694893
0.21706069707823658
0.063104842532820143
-0.7511200471134678
0.19821015674436165
0.1036962787283052
-0.10598109726993948
0.037475121349935879
-0.050788552146425435
-0.10061953741169224
0.2015944203930578
-0.43166050493283697
-0.35523147411671729
0.34063187235540793
-0.28400504911504459
0.46509771446539977
-0.23084010065729063
0.064770291021237242
-0.57466283707146837
0.11897192571198807
-0.3840162555597732
-0.063707913393823215
-0.11216698721890588
0.57750523525754704
-0.2898268649600963
-0.43025098884536789
0.22984481113471802
0.10193791494062916
-0.69184371171621595
0.14536047011476413
-0.32810300917214896
-0.41881019986366763
-0.68631663282109034
-0.16106807721907193
-0.2303493885428563
0.24650134582198319
-0.22549553179968859
0.36498371361698145
-0.24273327770946415
0.15374318438317799
-0.1354393841836084
0.41585305308098053
0.018736491229356413
-0.074720773157782
0.21296562262708221
0.24262789993034201
-0.052237236778975252
0.13720477654240862
-0.1488238720008217
0.27158568021004731
0.39173318168755628
-0.0039832370790691572
0.053836449026653375
-0.02702171793245146
-0.22868775335577166
-0.036727485856031042
-0.38033968268474966
0.28268410794871751
0.43944286812967498
-0.041261339644384484
-0.38887441651608895
-0.26391637513378374
0.75501982383202182
-0.11339753939971761
0.25507871622315503
-0.10663149506414155
-0.050624213305049751
0.30254625730519152
-0.34663067831245159
0.049998623035954405
0.19514647943749336
0.21820820966681834
0.77324353923591616
0.25904241612413992
0.087285146230297539
0.044848922481224886
0.67198693344109972
-0.014162613698723278
0.33882508363102781
-0.34027071804384362
-0.26499655927840254
-0.27732476999257494
-0.14317401100357918
-0.007750913803344436
-0.1940379281005471
0.47450904926018417
0.3960557627594064
-0.50479601941548358
-0.29302008446867334
-0.061851420321069876
-0.13401854359308366
0.0010527022157842036
0.22401121870023188
0.016360519250916531
0.17702809334225403
-0.034574458070590335
-0.71967764288399139
-0.39664059178663513
-0.11346032201965263
0.11431638738668148
0.33860725300445216
-0.051727282869481611
-0.33647380072885591
-0.322143476282855
0.084805031085045057
-0.11633293185043567
-0.50481193884024833
0.27648106444346893
0.14121809859733128
0.1626202822929908
0.18947817028476072
-0.21018139904299377
0.048215869747748982
-0.2540802309208432
-0.34393292076918647
-0.39796934577288307
0.0038730411454349443
0.19155592236759092
-0.33330275459819936
-0.49949369766359908
0.20609821739470027
0.25434008469283453
-0.0037446851374819136
0.89327206323643149
-0.4009518833301029
-0.091976657189784636
-0.12186650848644123
0.24891301250939499
-0.1835236926869884
0.39420267838219442
-0.41568282443868143
-0.018408174583100685
-0.19836819737135358
-0.41314004775348745
0.14142531246190812
-0.27601279311510962
0.0050460197273222629
-0.091342617243020188
0.3873655052893426
-0.15314623574054675
-0.05966110435941023
-0.15615695297739793
0.30745961556439733
0.16858371572764527
0.21172401131501487
-0.24877843217490489
0.49879547973591409
-0.028572806361962605
-0.21768524700742503
-0.58824958431833752
0.09247624151801398
0.048367236272672094
0.19115520090559393
-0.3526847640020887
-0.049937182115029032
-0.45307570181212603
