-0.22836809441104186
-0.15580096983675432
-0.043562051986611283
-0.00090608315066373899
0.53790241155536445
-0.15737573084546558
-0.13751858269105952
-0.17427457629056617
0.29000173735909868
0.20869974501940741
0.079303570086093372
0.38125983561712379
-0.096262537011502128
0.11124878991918348
0.037376806601527902
-0.18200275530426827
-0.34824270984678551
0.26116105055137168
-0.073048827156544635
-0.63062227280684968
-0.32370577186570215
0.37682814284912125
-0.31517021121408501
-0.10130668139570764
-0.27243152483227356
0.20294714181572882
-0.27046817489559494
0.022282519124236864
0.24897326015857574
0.15912949106221713
0.016065042316850669
-0.058395862303748478
0.11641123587431233
0.24813152737720079
-0.10845341603161393
-0.48305676722448665
-0.45773533435200658
-0.47149702011096251
-0.27087575980875656
-0.1697634239171881
-0.1608864032019155
-0.14005945931013331
-0.029666281114027894
-0.5385595228767136
-0.034823075868331277
-0.019634764109307951
-0.39951295123545316
0.3559732562174735
-0.12300367879457254
-0.130537956764292
-0.23454588042613755
0.59262648724257871
0.2708153052718969
-0.41650626594821871
0.072346567712376686
0.27927920847376153
0.062994056820456529
-0.38081018253169729
-0.036432290830421085
0.16726775206031544
0.15208972835753104
0.43805870051397333
-0.27856068058118294
0.095254223220367779
-0.17057137743466252
0.00022208901497966071
0.28512726491933749
0.29553074994488426
-0.40737649118522973
-0.026077224321977625
0.39503253630318708
-0.06507190152809024
0.066199214120461508
-0.100993933449678
0.20534712814761841
-0.1030144419895964
-0.092532555596331695
-0.35665049850521013
0.1748023440626171
0.047046535002832748
-0.0044094906783957027
0.22084840367534486
0.13237018809899975
0.24387707203091202
-0.022299509041419786
0.1617729669195429
-0.069060903114906716
-0.098234493473695991
0.18580624662793979
0.072299941202158491
-0.087844300076817261
-0.077679823187512612
-0.0074132069485386325
-0.3514994508745003
0.27094658728612675
-0.33258557323492083
-0.21453343932710869
0.24856132382581014
-0.012911442286116187
0.23213223192536922
0.039380009784083785
0.26885502987368537
0.11671385013237394
0.45638622415961438
-0.66684460037593019
-0.0045168897171735806
0.11892893472255327
-0.089331953186579008
-0.11280169541343969
-0.23677350263742983
0.68985706819542669
-0.014424497319059679
0.36654301404980083
0.031640053013614833
0.51028605142181638
0.11233048581281677
0.37861872930575907
0.06110069570980152
-0.03037569002125735
0.16970648755449652
-0.26045652787199608
0.2304537585821704
0.2305893998375674
0.39219185832302894
0.36421376539441386
-0.080081183520908261
0.052300003295559921
0.17903171576265736
-0.29692671278069221
0.05420398203319815
0.60416861428459256
0.071327993965055542
0.32013744759014728
-0.58279261442984609
0.066984714521486327
-0.23853242667729016
-0.26465632096661995
-0.35042636975248798
0.26055456303040775
-0.37435529472879586
0.37452116196613289
-0.58243552788983255
0.57306153472353505
0.26327069575625817
-0.61681603697943266
0.065253427557928914
-0.010510832810955804
0.15682842312146705
0.23843469241365822
0.0075625285682260858
-0.059036459374174774
-0.18818111318125205
0.067717731403254725
0.67856235389224473
-0.22768697815128744
0.27540862191037879
-0.030746159207575861
0.16479571069924245
-0.33544681011420985
-0.062126908360256618
0.10745193132779654
0.15840772598147257
0.26932441880014324
0.67700109428404542
0.13094872199273219
0.24399597486742627
-0.1146667176332981
-0.091925280563724537
0.20559372244635976
0.032811236383800284
0.11116309032988028
-0.10008685452443469
0.20714396122336692
0.066336087226890036
0.016213032090132144
0.11910085870967146
0.25423054728188216
-0.63041103935433029
-0.04223366947373456
-0.1451697317870935
0.11413821508968376
0.17821812917009272
-0.56746312470373661
0.27164501105712219
0.15995084732061388
-0.38834482725555713
0.019929915698583701
-0.319607337541781
0.47835443849702608
0.36868261260925184
-0.21445750478824879
0.27222968352404869
0.075320431788976613
0.15177306606742461
-0.12788299705344988
-0.49300279902339589
0.37007547365305554
0.35144390978212708
0.039663218778603369
0.45435446397767981
-0.013358396466307602
-0.020012327701218861
-0.46137663392252731
-0.27302197088744901
-0.17538762998711296
-0.46377223469473267
-0.10336795690023302
-0.41939373834136512
-0.3268623345210509
-0.05169289422181423
-0.47348944124126036
-0.2405861686449719
-0.20650229342806584
-0.023096764190113049
0.47715528855230249
0.44087011053064612
-0.41056084051024383
-0.38648392369000995
-0.14368504311534128
0.27256272761570316
-0.03630297570200916
-0.019240291716529155
0.02214104454191148
0.31902534462321919
-0.061990928497592968
0.04074441379682367
-0.39581444206512162
0.40332170827108205
-0.2836935044684909
-0.020500200869680702
-0.0035955308383927745
-0.14799010456810288
-0.47010279424174856
0.21312182485075964
-0.43639251617589064
-0.37385400522574636
-0.32223173638745467
-0.097560076822983191
0.047751488130031161
-0.11106060531826609
0.17808108336441783
0.58765369350215846
0.054088931795580893
0.3892900103244864
0.15576772811414527
-0.027789191421079249
0.12067028174354841
0.13169458911033596
-0.46040088476437574
0.72636439910509876
0.12556096180553891
-0.0084975006479074185
0.30426482703257524
-0.36441844020055775
0.21884270476989431
-0.22356239276556847
0.031503760670322373
-0.25627872083259123
0.14499521436879098
0.45474740048288292
-0.062117806746082076
0.37518075841611082
0.23783664435806509
-0.14363412203371553
0.13250673588280676
0.24586443766779892
0.14938041284479642
-0.15782193450803239
-0.85619803986903953
0.11474028822793636
0.25291999444215618
-0.092166803935291863
-0.04150428295350924
0.054283086479938174
-0.016382558648570373
-0.12008396826833376
0.54792047286455392
0.24292331573586065
-0.25973569791052226
0.0093482779950505492
-0.18281356207485067
0.1979141034051328
0.15675043858666221
0.33948870607191162
-0.31709337114498221
-0.042032669201638388
0.36091819969536354
-0.030551978698126016
-0.32002532834245784
-0.071778667452767009
-0.42258893047579721
-0.10594634344046797
-0.60606654863805054
-0.071634594255921044
0.40199296791467853
0.18753082463434168
0.30102598004476488
-0.2340405296809972
-0.044495776704490425
0.0065649175282407714
0.27828046616129953
0.22519846380195749
0.059427706260355068
-0.41323674477273026
0.32978659713601599
0.23855274801252219
-0.2098421578032402
0.025840821319207001
0.086235522111366827
0.18685736322802921
0.15779387394907221
-0.09235062247832887
-0.054916219406586204
-0.68094822878316685
-0.070112678081848026
0.2535098586522565
-0.058028703568997968
-0.17561484438034933
0.078514173000080817
-0.22159370375270659
-0.0085394399808213541
-0.34265120952182276
0.19248613855214292
0.20097022194698691
-0.095028178522056486
