0.19406865794112069
-0.6378798365186481
-0.4945903870114754
-0.25742338019550964
-0.22049128390745007
-0.033976348847416668
-0.1350996711162078
-0.11337844105409296
0.14569372378710529
0.59016765565119078
0.12322274337468507
-0.078668578906643444
-0.13057620844707898
-0.071632338865135758
-0.44695904969073552
0.0038726196366007225
-0.15212067908570409
0.10599094011908776
-0.15016457606018174
0.1639384337109418
-0.033373826422196377
-0.047560925957807601
-0.40644587748340755
-0.2277608585358461
0.42877636919914858
-0.41732917759649951
0.11448615145801304
-0.18172461234858356
-0.097679840853416897
0.15390203274376163
0.43405325818923546
-0.20707459903104433
0.28165981517457556
-0.041114950744456216
-0.10696709661546944
0.0072478945888626925
0.17983633290290002
0.50922239452680473
0.0052917961302809827
-0.41618898381818031
-0.41868100194331326
-0.072045172517964884
0.059217022405174957
-0.17283663735267474
0.36571134210130635
-0.099997449454385545
0.091879774043916826
0.37665686347189031
0.1414869693623064
-0.075061921077671609
-0.13309291378174723
-0.051024464209221174
0.33279850528783561
-0.057684550548406745
-0.24834167934459456
0.22425589351214845
0.15237700450237965
0.038734998851629489
0.046714160979666096
0.43665891896530057
0.13092690742667074
0.34051806590676909
-0.034908980315222007
0.066489880836328064
0.085505742153129977
-0.16008347402774822
-0.036765117574430267
0.019647974262649026
0.10869049386713696
0.048591210128927476
-0.045326057158216089
-0.035479584777442695
-0.064453257432111846
-0.13519952213497877
-0.4462178121487691
0.021809119865594855
0.083521193770070196
-0.15016487025868896
0.10072426541972479
-0.051462845288926223
-0.38647193287787218
-0.00057348979973619128
0.61935005321321179
0.036528671069725606
0.0019365524061458255
0.10572015739546828
-0.28855420167314322
0.32280513441629827
0.49168352830114098
-0.25154351998985286
-0.37601762985782883
0.084799584901561295
0.060605318121701279
0.12357103757233186
0.65894199801783693
-0.26664494529969868
-0.26178313423330024
-0.43179558512300642
0.31421912527241985
0.40064678517476005
0.036371651778418369
-0.082410414470246732
0.054633265231323426
0.15697747731509831
0.01803304611406872
-0.42789336355982538
-0.46560750608446005
-0.07384885444270485
-0.16392364037378876
-0.2526784096572039
-0.13192427142056512
-0.13771815531131651
0.35891273095494997
0.22538347107112167
0.33995831363982187
0.087951830815576809
-0.10316537870149806
-0.31279798163918282
-0.25180784271466533
-0.38124780967858812
-0.047378756733592063
-0.014183188033087974
-0.071202050958935031
-0.099861450910015678
-0.019778103389187719
-0.11348100317518989
0.23203451986471466
0.14616452756400963
0.15528121730536332
0.15619925714618202
-0.031438652574188111
-0.69106806237292384
-0.21762103439359445
0.24194616554065629
0.1084015813104283
-0.35567039076154278
-0.35148356516972712
0.52219063525033915
0.43533013150283811
-0.036549135420454223
-0.10957963564878785
0.16470225838565916
0.28159469271420645
-0.003861296317893947
-0.56131073914312446
0.049473791322486797
0.15065411891449365
-0.05665393485187286
-0.73910363356807551
0.051397262711423475
0.39538837964609863
-0.46828510285370711
-0.17576327848327883
-0.167389670233861
-0.033673592823164761
-0.32938936653990453
-0.12252724762738115
0.0094927116515261655
-0.011343337111056229
0.25652709732324153
0.39700190847366523
0.42767058793798363
-0.076584230894091637
-0.13090508301056542
0.54738337606268761
-0.30902904059354092
0.12381312803375971
0.097292983263167446
-0.10891870147738957
-0.25344286651090492
0.25487845022094796
0.36820222301645567
-0.33276725357585352
-0.20807820407371147
-0.43899836724155
0.045756266279457759
0.31909233343745302
0.11405114352559305
-0.091907433538090569
-0.15430269638743246
-0.20504563534798573
-0.07904944723847275
0.096472511540640266
-0.22646635301963547
-0.07278134728384783
-0.12018706305785481
0.056335251175831644
0.020226767816387117
0.34520481599238045
0.25487272956849655
0.1328101669435667
-0.0078547600009851951
0.07988624054571207
-0.24503360251604139
-0.053995249732943215
-0.0053640100483034149
0.1449528864903831
-0.10093651289889098
-0.1071906567348679
-0.31270107094674693
0.52453554341268871
-0.11061197597751955
0.097037988849338314
0.38598571868063491
-0.18123414206988828
-0.091656721242916711
-0.096424830039715623
-0.078279893658585689
-0.1803326245429345
-0.29605102248498272
-0.19410956775128907
0.0031704913386762031
0.52550026114559711
-0.38124203000293538
0.057652849613672681
-0.25667982846718013
0.022122716162019083
0.16828057032167884
-0.10853099281536123
0.61113384103129043
-0.26738621700863763
-0.1884893827651376
0.023816131922322337
-0.010378940196505634
-0.039297672271856286
-0.071744661429474485
0.13223714072471002
-0.10411915788324545
0.072675515844818003
-0.23145770340334798
0.5194113501990808
0.013492445391387267
0.28706115218837103
0.10881922122082001
-0.38969499881042968
-0.18249638811457142
0.27130223788973806
0.22860840677185479
-0.29642181732104084
0.069988610045801466
0.23928760193158768
0.33097324457792504
0.069655421250129385
0.64312722968549119
0.09762738383688728
-0.1130013566980104
0.2822989111508048
-0.14020773708673881
0.3746641995411088
-0.20429074617408266
0.023903912939771999
0.19851731447038809
-0.61087160057243128
-0.3588399185632426
0.51119348489879324
0.053101619399119886
-0.1113959482772813
0.52975753368915468
-0.1968857925634446
0.34667458714570509
-0.094156341408588362
0.079986113924212912
0.27193243504122483
-0.019326404028650903
-0.19154386443010091
-0.0200046109948382
-0.63264792382952273
-0.13220397920223917
-0.095916343964076584
0.077987414647719688
0.48266311610233414
-0.19860265050427608
0.20086713335820086
0.37868235815749529
-0.34100923675241324
-0.287228717882685
0.19918519774075136
-0.16262788815448442
-0.27683348528689761
-0.1344559870926805
0.096643026550886357
0.25508983154483356
-0.058911554915529213
0.062853846976796107
-0.42992859520423687
0.1123481659150171
0.058398510531325977
-0.49836740372357669
-0.039205631866097372
0.10820730404164651
0.15293182099112859
-0.1589220881553447
0.0500370335860469
-0.1574011614116958
-0.054398161288020733
0.32010090360536586
0.17172630515732706
-0.014313040668287501
-0.48047859187745162
0.039554563893465733
-0.14120718931592333
-0.10370070957839593
0.34998470069214582
-0.2217903488941988
0.14392617021463572
0.29784048947588809
-0.14214803215777341
0.11511258983406544
0.052281799691683839
-0.35202890961307293
0.56584920693690199
0.18475659551072673
-0.038232441795152616
0.011496401740195431
-0.38623800449590151
0.20170617734640869
0.01425492145466855
0.44372115455492395
0.00483489214763846
0.26649810439971694
-0.19740448890581574
-0.49277961562877043
0.29332039404163318
-0.019031504866520072
-0.27581700258764169
-0.29483008253186616
0.2275132754125169
-0.010356224310403152
0.25978718738973655
-0.29431277760145169
0.16293240934253536
-0.068998817245486524
0.51411650079615623
0.10036963758653079
-0.059696231451713426
0.20163419860804138
0.39464773450313256
0.34764793409107414
0.084108599210535873
-0.049526492288454391
0.13338317382057296
-0.25797341499724091
-0.50345593083961049
-0.14011129016721358
-0.12417270601832861
0.01778216209570915
-0.1533621851391177
0.075406879854848133
0.33304315214234831
-0.77894101476812239
-0.19994195922632876
0.025554550211488957
-0.42246392129789123
-0.23596635850368969
-0.199910278199947
0.16783382747238204
0.23201189240087533
0.13412379534060379
-0.13706729799150558
-0.50577940163976609
0.31793136632207947
-0.60363967358568116
0.091838838469025977
-0.82526196627443393
0.19104262557769136
0.18526771772116882
-0.20106854978978481
-0.064250199161031474
0.30994344678177665
-0.015259089333161516
-0.021691891310880358
0.40054447677833477
-0.016633373357070703
-0.078868202357041589
0.42791979603261404
-0.3659624483051821
0.3854540480714076
0.5141431470402299
0.26861927321150791
-0.20477071452514392
0.3554896023831427
-0.13482422147158943
-0.36323785244657991
0.1682900132037112
-0.15967502210600326
0.30731464633774491
-0.30590130828022655
0.11416031054038356
0.1504324990085282
-0.024191289666470318
0.10089912857199854
-0.12889211138184778
-0.24537130852094594
0.21628952727655759
0.0085239950950086896
0.2387225338041038
0.16142202623175933
-0.27707689743913921
0.0907727512299909
-0.14607128638220052
-0.11813353465459038
-0.062118075388503322
-0.15825868744760349
0.14983823866216878
0.23523990193812203
0.2529678031998957
