-0.019208344366873093
0.14245709468297543
0.36928825899794954
0.34780255475791072
0.20896155850411258
-0.66913514034406163
-0.20795701646332362
-0.2999112997175663
-0.018613200956726923
-0.31671185509465999
0.2963340113110659
0.23384990035604647
0.1503419942272485
0.17391907149022393
-0.13449591982717218
0.10306709213295021
0.55202343108580798
-0.38015315074357797
0.3242209873429383
-0.13181130703082217
-0.28814482947865294
0.29445274985791614
-0.082094458352176269
-0.21342270190584739
-0.69449709995993991
0.23893167546454941
-0.077671629205298034
0.049327672795725273
-0.0061609708365479941
0.070886834449735606
0.056338514250174589
-0.15895403286019119
0.29124791135501521
-0.2305578354459058
-0.067606659674962544
-0.92051529416110445
-0.099595613589892842
-0.49808471966162066
0.48831068352797596
-0.10977055177978225
-0.25079101725094555
0.4886115853426703
0.087803046586738889
0.090375061065515239
0.31759887186032937
-0.085002552367659759
-0.13604748392428817
0.096085221623139025
1.385320401816182
-0.25664578676129951
0.27982607549030963
-0.64581610131924649
0.3868762392220701
-0.0325074958387798
-0.4528387883937337
0.64154269134289921
-0.057632970514184506
-0.19979877180333383
0.022673765040177738
0.021268778351945981
0.42533000065157672
-0.33019137268931065
0.62788512612654512
0.29055456336947261
0.086459858941727405
0.16840822138810688
0.58317330286860281
0.12805631729831052
-0.10438716093227721
-0.62945210031008569
0.24159073160523351
0.032725720151203945
-0.18523250680395134
0.21598061142547723
0.11221695489360636
-0.24697779710647202
-1.0078240994906185
0.41276906001370584
0.2478271602118946
0.44003561063798585
-0.017186116131461225
0.1170862648782576
0.56689732597083331
-0.73006754768306226
0.39608820884287971
0.3543266822353951
-0.36917234080833211
-0.27579852298037494
0.36885987077227289
-0.46602513723829903
0.29899834238420914
-0.13603569329321497
0.70383055457549271
0.49607819544124904
-0.1821336434971981
-0.094746462996758804
-0.11784584621321183
-0.019460816038708903
-0.10743204492247445
0.029667322658524092
-0.065947896642679429
0.27081473604157896
0.45570670033431998
0.0071323343411852196
-0.10330623185337162
