0.67020728845505151
-0.14210458111450253
-0.80289116962304286
0.045980517209273
-0.1664752316145085
-0.20993004627453488
0.65409955641266737
0.21445745107174785
-0.19684056511527409
0.13089977615976489
0.54175093357330517
-0.63616117382316506
-0.2389983301638848
0.12353270053378253
-0.35888208531854732
-0.20179016735468033
0.16334155836270178
0.27515303903479543
-0.70470478215789933
-0.8155597789508231
-0.37544063985557108
-0.080427963459882554
-0.12513567636783779
-0.58688575718125835
0.1369234260175502
0.22180617113841142
0.77710645457326033
0.55342655951623954
-0.41007268228182253
-0.52924845579801383
0.87951461545517484
-0.40029096695845856
-0.0013758397124115616
0.69520801210204919
0.25678907849494398
-0.71946786195292745
0.34682883093671668
0.23411256826912383
0.40615687098493042
-0.21304739115874316
0.058844552797827521
-0.36706419656958067
-0.39003780208974248
-0.072145386655216984
0.49938045540022363
-0.7248574384827764
-0.057716875640921858
-0.57677869395599202
-0.27067913597171939
0.26686178601890143
0.27912112602192912
0.17698791478361597
-0.20527098000465266
0.18434016772601758
-0.14816906148686496
