0.19145941580658082
-0.61039124860172922
0.2267294472966366
-0.073216530570597085
0.28512898728061065
0.027237935582391813
0.061543635305473181
0.22771712558716345
0.14017222719762229
0.40170552518438163
-0.010208630654998592
-0.0079373695519114381
-0.32560830897710363
0.32642064995207726
-0.76536377967998981
-0.097089432510328269
0.21637785432610993
0.30455846419538901
-0.37662069350686311
-0.35390868615916593
0.18512072857772874
-0.24284195638692535
0.53556609309095349
-0.044888720692335404
-0.40637979436261618
-0.33296384754717767
-0.31409477587319967
-0.56806190860722883
-0.87813995055382377
0.52935233316729202
0.58452732681953368
0.38259125030892233
-0.58118873660543924
0.14932977895875685
-0.14786194005322645
-0.37476732223998666
0.08434415992169525
-0.11246514169152236
-0.39378727614516706
0.2557388438459493
0.020437922668046751
-0.27812599212216982
0.09509812691949221
0.64084142997481219
0.21885966196803644
-0.2560513370384272
0.57467717640729277
1.1961713967222742
-0.76719877180952678
-0.27442067866749137
-0.81690625878009504
-0.36818069075751431
0.26215442719180471
-0.030989007652426855
-0.49102518120550442
-0.745176524816762
0.26469400722451447
-0.56526716942589483
-0.11382738898437428
-0.070733029379490525
0.2606867394512497
0.11317684605143187
0.15582375429301321
-0.13533442074945901
0.12124554699245485
-0.60720468615652623
