-0.60399052796932973
0.50502039586297975
0.76359533647660494
-0.33257552120959061
-0.13391118253482082
0.74028215516656259
-0.36355250009855594
-0.028195287820812417
-0.2923024709892843
-0.23611316851944955
0.39640055634162957
-0.0029571970372371239
0.41404258828658946
-0.11546752917120773
-0.30220245815188512
0.78651702874243423
-0.071557659274592539
0.3675491431252555
-0.14419881080379329
-0.096036788911568291
0.42633999082909946
0.018516486596564494
0.81418106060706752
0.17763035885686007
0.89314939429781226
0.28294845451536255
0.11346874438804111
-0.13936359816685503
-0.48090292536290502
-0.0035836059497110959
0.053676527984177463
-0.16660924135743266
0.4920151172468219
0.20354033366587929
-0.36245930886409344
0.016088498768648568
0.47567732081076325
-0.59378076969284865
0.33683073243017952
0.74980105338126946
0.29394077183597445
0.027480195136047998
0.20079218707244159
-0.43377085581292402
-0.27599164956115757
0.47116757430169665
0.453610142933289
-0.37482577480182427
0.87164669897666436
0.56702142238177144
-0.64332182896334933
0.41464000456265171
-0.26070162967117738
0.27928057432778219
-0.36470327839350947
