-0.04111418103638214
-0.32742607234276272
-0.52489920419825142
0.058620531090562179
-0.17105540352560697
0.4776095089840835
0.3864467332962494
0.28967683478002626
-0.6443859193887933
-0.65644837821248336
0.052582549850035548
-0.12255803596863854
0.69213028436725121
0.5314983749471266
-0.064900725996614256
-0.14664381260645201
-0.21045225798961537
-0.080717854609960935
0.67371064984158024
-0.083828778881340618
-0.28960210413562665
0.36271294760105627
-0.46372891461851218
-0.18868722285563094
0.052090428882522605
0.24707481630503561
0.56675480737732709
0.91084320440564748
0.031862750591711599
-0.27309556107966992
-0.34824630786664063
0.44528988024373028
-0.2149108900011969
-0.19504851570871293
0.13282236819519208
-0.041267268699747284
0.22777861324595383
-0.13741605535339205
0.42437938203067777
-0.036909584032327476
-0.13667682701199332
-0.36964225642425153
0.028837662957585417
-0.2086419340056028
0.0086171171361181208
-0.17891645752971452
0.068319374866820673
0.16429758582427928
-0.066076886008549315
-0.53562946390879629
-0.064206145429552192
0.09385628539047057
-0.23705904165920125
0.021329674946152535
-0.36452724703879563
-0.16685151460883205
-0.17217387187769559
-0.69187048486617242
-0.12474446782043624
-0.30192334946809968
0.045162198870695051
0.28173008137855532
0.45070283280416484
-0.059369142534249901
-0.24162086223450624
-0.032573897312497269
0.33446750736482783
0.24345735785579822
-0.54387583793647509
-0.30629499704866942
0.50868094672974828
0.95989698752937513
0.18138466066001213
-0.14445599007107188
-0.21380860827741799
-0.032939708983458403
-0.12495587800752302
-0.29680445315213178
0.46294019597616992
-0.021413560746745844
-0.057915574174096374
-0.13301959097206845
-0.40679808676389689
-0.10895965139426413
0.12017039317850699
0.36740324132656604
0.024214337803418442
0.058058374866403625
0.40415956489769883
0.40286246769636835
0.082717760966604409
-0.39687552931612263
0.030551104328641374
-0.77869656610511617
0.13395281814345036
0.36931814215255471
-0.57879536649981167
-0.36233767079700185
-0.16380321801154113
-0.55203625425226066
0.18686858573735068
-0.32371736359446918
-0.16434213381831594
0.53476561887811191
-0.066482042388223569
0.15525028665595517
0.055092444544718761
-0.019452636465306841
-0.10641138953594159
0.024266345211080578
0.13093407520926179
0.53201981927543562
-0.42182736507764002
-0.11747404431553636
0.28607767752530749
-0.57557244346464276
-0.51442771342586391
0.70129305407637743
0.16513437367933315
0.062606818488605859
0.11653000345659008
-0.26848687093743379
0.27013625543569597
-0.34525985938816073
0.2391235403588276
-0.17680076276514509
0.54578214820910398
0.076994746913020565
-0.23635653554802361
0.088764645244222007
-0.34696841933126116
0.43331297955792403
-0.051242164316228869
0.16137391605428589
-0.33969838067600056
-0.15588420371442913
-0.27049148778532983
-0.073997997371648763
0.40463999294010272
0.60907071607126728
0.29884618154501019
-0.16185958428877181
0.24659770542669901
-0.032571936975060931
0.16086118162797219
-0.26378474291276288
0.12468182966356367
0.42195098974545736
-0.46874435230626044
0.013346476558019372
-0.26703499473591913
0.29836442344113617
0.23289727366189047
-0.31544608575687122
-0.31700863783799482
0.15981550832354544
-0.29318818139258912
-0.079713717407472393
-0.258086256043426
-0.023110487727387968
0.2752934076512385
-0.52693758528440182
-0.22170202197015626
-0.48478439157106978
0.2526343123390245
-0.33727902297574713
-0.19579977074252186
0.10285209617557126
-0.072782774799671282
-0.18233135771106951
-0.12921618851889974
