-0.21088189793194487
-0.16882997633636787
-0.18295097042821931
-0.41083330704223575
0.78083547911960793
0.43421629775033294
-0.57988850308644135
-0.14979312024581756
-0.51345410697404825
0.0046206062557751686
-0.63768689882236707
-0.21157298578830286
-0.25075607884431617
0.49817609450171729
1.3042804133484684
0.34427821133066461
-0.31387378044174619
0.26990492164866015
0.24524508771501374
-0.57592092374594361
-0.38121369905067931
0.18057706708719029
-0.29168617685454579
0.54837310229825798
-0.37537362427586674
0.9815352950993429
0.35367205555095799
-0.26903794986966179
0.038250239240169237
0.24864611209065057
0.20766794792207974
0.0013264948675315621
-0.63432382449071079
0.19189669527124234
0.10044103454647776
-0.5270479909838347
0.073152646827305115
0.32590778382676683
-0.099196547442286329
-0.24796834516106639
-0.039336103544022172
0.047971409331168002
1.0500188812319902
0.3094800247215474
-0.27345334512107244
