0.37609031756985878
-0.31250618270971497
0.46174711497563753
-0.21198156207812754
-0.016079814487443139
-0.39564858915778905
-0.2228364714079592
-0.19413322600857369
0.062056763449486935
0.47309180381854105
0.056749087972471031
0.50016199457442978
-0.4684730289371794
0.21084053651789067
-0.27912951012173254
0.44890248794940008
0.13229111174162503
0.071800941655926875
0.50188139719471436
-0.33451571837973276
0.047565993821160057
-0.31699491127889967
-0.23503850177424679
-0.088832484927835451
-0.10214827911921118
-0.099576535743788219
0.019625410083278602
0.35389675082517219
0.40989033738351632
0.31561884816822677
0.18410764626463291
0.37716152992767876
0.56937151527736929
-0.27503760034431618
-0.17148285330124852
0.2906383103721904
0.12551095010920191
-0.32868584245245824
-0.037654687130006297
0.15702078933602423
0.089487286402901697
0.084836690662421818
0.32114824817711252
-0.30756815872790166
0.073201014292512356
-0.55575849648483866
-0.030290239219641333
0.13032893216337793
0.36078135838275283
-0.28282334088263378
-0.49828924243375383
-0.075450789905113128
0.73173079965343968
-0.14559902923376941
0.37991194867869515
0.18118765694754607
0.031620761685129194
0.08626041992694293
-0.16405890470949969
0.13670463239534719
0.014734328632779455
0.19199327627409718
0.037526643987368602
-0.13352586466042188
-0.019949250616430041
0.12538807277469097
-0.27332921811499394
0.045892783254888762
-0.041769914575036052
0.49012816489114702
0.49870070550438567
-0.26790727116837587
-0.069575232065669179
0.54564190912347021
-0.065364441684603383
-0.038010337381379461
0.091015999662239791
-0.16975133721875876
-0.4654298879160933
0.050159304072675825
-0.028316011683965643
0.17333544973080361
-0.038218902892502335
-0.14642456637642801
0.8024914702873821
0.29157412482704248
-0.33848705262262802
-0.13979693854562672
0.18833568440697296
0.5649974500703322
-0.074993578047736001
0.0039745800859548363
0.10125490506450528
0.21470873220966158
-0.23054015797928057
-0.16623768888030549
0.016771887821886756
-0.10133997170137925
0.24060172260255791
-0.10688770149106611
0.40187898975176328
0.13103542896059367
-0.14207133403388608
0.85728886578212093
0.41574032901004332
-1.0682003927224797
0.1431926633226385
0.46307867737674457
0.16981878485769364
0.047158267331810999
0.60707816054071739
0.006639058108748013
0.0020169537337910892
-0.18465831297549543
0.28488092339035864
0.15832112557982692
0.32819865118783764
0.039359946714316849
0.01032471885007703
-0.061579528675710565
0.063516557693105574
0.33990005497180403
-0.065820621768326676
0.94026899817083009
-0.13716561151572212
-0.12556098637639596
0.40634294393338333
-0.024812551393991435
0.18169638438218128
0.067295551986446003
0.81825631212103223
-0.60382802271016001
-0.069702829766613267
-0.19795496345052824
-0.18874975638537719
0.070275718679596866
-0.1079233601533492
-0.36369321766351359
0.23813253832010742
0.32594199851506811
-0.50603840684744739
-0.31162976631270595
0.046279446176966804
-0.25324322134354182
-0.50045712146753574
0.087897039052992371
-0.017695274766075866
0.087622510827201655
0.29642505026232402
-0.33028672739201936
-0.058029774532292737
-0.051444181596877893
-0.26961368405592329
0.25784103186684576
0.56420077647616884
-0.12988788421677244
0.29039123260725352
0.056366075158516223
-0.026651501436399033
0.077952077860778068
-0.489066638758621
-0.20365701810506845
-0.27926649277479287
0.34264296436412317
0.056428687306714881
0.56961917998232292
-0.038761308710318187
0.19519037590653307
0.57237476840817636
0.14329483186863978
0.15256972661472601
-0.46888426534518213
-0.39516104547334063
-0.039456024142427791
0.31859000017939615
0.13398572460442304
-0.46926002815636697
0.35095844057866843
-0.20452529309435541
-0.18318406759906181
0.37556818106835527
0.17444115979749578
-0.20570864307871251
-0.54358773970857888
-0.49344028753579233
-0.54035556724474865
0.14961908315223035
-0.2412147401370178
0.37891371300366072
-0.44403139043065937
