0.10661190208741997
0.13905199494659037
0.35309223445793175
0.28709855632708242
0.136228078771162
0.094917834506825505
-0.1540173805430077
-0.11870522398045286
0.33486540845381246
-0.12317939804785411
0.082660538640254064
-0.16954104642590295
0.050635462490768855
0.17033467715001296
0.047350540655579719
-0.074878657858214903
-0.05829728288100177
0.4394907133595321
0.10358625886732631
0.34702676049779552
-0.37304714805593592
0.30494457149305521
-0.036912503722944447
-0.20714215113514914
-0.17111055744120626
-0.36125960635516363
-0.02884383835025827
0.32030003463081608
-0.22320794638250377
0.46338686663657791
0.077731009442514362
0.11582547279763589
0.048568352787116159
0.20485157298203016
-0.016691694073203731
-0.054123495301267713
0.30961368753515872
0.38532172440872009
0.22585837287978971
-0.0033250125474081119
-0.31995293375716555
0.19111005844181922
0.2347534277636584
-0.13561099606127686
0.1380411117705041
-0.13410957334012319
0.27595468236371229
0.058761320759902758
-0.56831218743639922
-0.30820282816450167
0.094890902210878203
0.71963521697939503
-0.095049991385714946
-0.24230834310111279
0.49069325902595939
-0.31020620628029111
0.053605906080956112
-0.014665829433887202
0.28976590542800229
0.54049266712744393
-0.38463651679065874
0.0059351772581232682
-0.13961309986678772
0.23521194907194304
-0.12675880238446885
-0.5414946160162466
-0.14872116219810505
-0.025911916017617758
0.17000773158166332
0.092039163378438121
0.031327362360215612
0.20214997662543358
-0.31611186512132006
-0.29488267009618069
-0.35341422518699905
0.16243279673474692
-0.032563566122367486
-0.17217462679705645
-0.47222216968266434
-0.066626727863858204
0.076321467636220844
0.42095363261735552
-0.095018311167828662
0.39557907028040012
-0.17264241421792861
0.18879155386077373
0.2436723084024961
0.092658164856987926
-0.51040360682084018
-0.069297762255583165
-0.2999135114888643
-0.25443961984104957
0.51154309116925256
-0.038717657603146431
0.095291322555732097
-0.27742012810961586
0.21176488380522027
-0.31343250825720426
0.30687528959073263
0.32389076580783971
-0.095630576360969957
-0.22090851938057174
0.23669822935139431
-0.07393953958405465
0.079290295224297744
-0.33847762412479387
0.087701178769526045
-0.31710136961440338
0.085230435963090767
-0.33430653113651548
0.04320026049379682
0.29939855280296546
0.032315997768503343
0.19541244124245497
0.49605090680105518
-0.35089283442749408
0.16283284439869214
-0.17044654193231373
0.062029574853907608
-0.11473187075263258
-0.13556526203031113
-0.39391807259396711
-0.13104818663124745
-0.37265186591399557
-0.049461297401278893
0.33819391652758701
0.09442613321497241
-0.0036555959087491872
-0.16144788808448904
0.37206747028665943
-0.17776850370020478
-0.1026602779281353
0.14163471866467789
0.12042597680071919
-0.24907152227527504
-0.21312889299964191
-0.14372669705750893
0.079165949963831819
-0.21189483646546356
-0.33051092820777728
-0.43847573110740878
0.23032318937337248
0.25896735599125842
0.23642742157786562
-0.11475338584389734
-0.30004286161078658
0.025765370409358009
-0.26238550436320918
0.14551263352744856
0.18007246497905297
-0.18888633372835695
0.26469904723163101
0.16032820855825469
0.31004901456627842
-0.29242199310436862
0.48794133141516094
-0.40814667976747715
-0.15685040857603627
-0.046550218571486474
0.0017894246371503617
0.29638090057488781
0.1269917737492148
-0.52746155310850273
0.28065147786854527
0.51771851306522843
-0.32693491469777003
0.068868807974147406
-0.27404892097702488
-0.0080075887494897944
-0.32074651401881704
0.35448915842877943
0.29287573590447802
-0.13400247347024555
0.13742240756728147
-0.023810424995302486
0.082197900908147645
-0.10608695140089218
-0.0030255619238389276
-0.0041402792113827414
0.31269691066072086
-0.48611831888404905
0.23068409542884341
-0.06894509079231935
0.22693840927144721
-0.026746345162580256
0.14936619930655326
0.3933804702122079
0.16615595255211368
-0.31617118217843521
0.015053383451581279
-0.099671819466887426
-0.20151071713506033
-0.036152503374680234
-0.090009373100898932
0.1957667746848665
-0.18293952490360052
0.19015827112975997
-0.016246417456239795
-0.23908058932043513
-0.43562691016154043
-0.049679893753709285
-0.22584737851555128
-0.22442334615894202
0.2021286856458632
0.20734984699436801
-0.17035746552706355
0.2270003639932536
0.015809001894402295
-0.095121299674274115
-0.1492278422417111
0.13276725316373286
-0.0065189436780543064
0.03420544418437757
-0.1549899237093833
-0.041448296973128768
0.39541823029271389
0.38990126886482979
-0.085593706204080869
0.39611502191699055
0.37177596728565299
-0.091162216934286791
-0.37361789135459161
-0.59536304051850408
-0.14490599835051782
-0.4804405094193745
0.0077567502852492294
-0.12786701279688456
-0.010890394372108859
-0.20667143596522433
-0.44007087143564727
-0.67999421106095337
-0.0149340237745296
-0.4531044942722392
-0.70853443398017246
0.18774932720870982
0.49285011263905248
-0.06560960007111459
0.14882333726251945
0.042198462741794708
-0.54065914542258908
-0.24200632558163221
-0.2141545023325411
-0.56577104784588939
0.34708256843387242
0.34749904025389622
-0.19910374579988205
-0.23596441265054269
-0.52103700550124465
-0.5558400123439835
-0.24556145558364198
0.18331732262721304
-0.15022528627201318
-0.1435536930134538
-0.45222383113692055
-0.048756192705107018
-0.13090640250790461
0.19308251542172267
-0.10914079971624462
0.11249248272030671
0.474960647717033
-0.018054489254554742
0.24286020786193802
0.32043840715279692
0.43167674499486991
0.13831350650193747
0.058688598793878805
-0.024431872284293648
0.27113939007078047
-0.28621543424355139
-0.20132480890959609
-0.44776302145995434
-0.040676170041647204
0.049316077371555848
-0.38296332698005686
-0.27153218406624546
-0.82828269996885251
0.26651263262404151
-0.32204992398700594
0.37614701782400706
-0.043829883758308756
0.35257687602714327
0.49155435929436136
0.13664300372963731
0.19786324312249218
0.052418526688305794
-0.12599657283343157
-0.16722634006938869
-0.050063553835608197
-0.030933474107430598
0.0124172143284202
0.34840728340381844
0.099693146306672448
-0.57726617222293497
-0.14302442414749944
0.6814221456117765
0.04078135294003167
-0.0064886903154440876
0.091172395843761897
0.65306265093223981
-0.4822782236562777
0.62971883594861489
-0.019315356950770583
0.37074419255149843
-0.24110395711370611
-0.23862324900698845
0.23400415337168637
0.0083629111424944665
0.48995931031367268
-0.034127664677379772
-0.23578374112644737
-0.0067892962927881863
0.24174453441759997
0.13366673376789995
-0.75033536363764941
-0.027639109432007675
-0.04991237790043794
-0.38387174567299764
0.25393534604658302
0.0054848165740299182
-0.56580511535438882
-0.06415909025366974
0.22178564519034502
-0.083738348859208195
0.44687031353597295
0.24277700639713343
