-0.098974134951224868
-0.12046913668234686
0.41186435343044725
-0.33160489866694398
-0.32820401887403217
-0.31795709265060823
0.35983982711707757
-0.21959117736600714
0.49121273313380504
0.085837868375477674
-0.23931895805198361
0.23992692761021644
-0.30731350615453262
-0.094469498380119074
-0.25184568812236696
-0.038298023031389371
-0.16174646286027622
-0.14165131155887592
-0.45532376586725531
0.036487674907125768
-0.30584292023378534
-0.52181831984722482
0.18211020785231807
0.33474336215854955
-0.11551226684039131
0.20922095548061298
0.12778840088540386
0.4072025832376816
-0.4349791800760025
0.53538951544263735
0.28874406876685382
-0.5475026272761353
-0.0090259993097456387
-0.099014504415784091
0.26851763328456651
0.53175131588490598
-0.058185785700962243
-0.12614909482285944
0.065275575781547523
-0.28612876618594485
-0.247254115425842
0.039130872742621607
-0.023702606651482602
-0.09339009943205745
0.016728149195010457
0.055212545882370567
-0.05003145410774397
-0.087812992991697758
-0.40351647830918552
0.4424276803985448
0.02284876337459793
-0.85472271098692143
-0.097612915352672316
0.29679418949836894
-0.23712274249403745
0.0035465024992111733
-0.0058338281355245682
-0.17269383957600362
0.13149550863359066
-0.4142646830058383
-0.24425111693228221
0.1930171354470426
0.4732255728040225
-0.26739016007634619
-0.27984812244382146
-0.011439226257054669
0.14538391707367188
-0.06305967735828974
0.18173844923565385
0.020180811081585696
0.17425950839181906
-0.010275908647351633
0.18347577008398952
0.20877779957955894
0.067951344746329717
-0.16772241552985218
0.041512402588891911
0.16254656792631997
-0.20485692255292459
-0.065474470008500374
-0.036042116852306641
0.11337989200105332
-0.2258577102919066
-0.1125944797775824
-0.007315051249158472
0.31084532255442804
-0.11506853051932897
-0.17807747897518761
0.31052271418433297
0.037111487438512447
-0.063055262861720418
0.21323820774233687
-0.12339844092056766
0.095887907816644011
0.10540664981265921
-0.11614607392284691
0.00639635676462801
0.43213485505468879
0.060919304161424388
-0.27716072308025741
0.40236281657088208
0.0074298253584885983
-0.31843530966448697
0.04332300629842338
0.00023335782557688448
0.46952789733073225
-0.37383422642781761
0.29659381548455177
0.19656069227613915
0.24714450838308302
-0.020586842497427132
-0.11251031471400756
-0.13563513372030062
-0.15756115311238525
0.016436847747542626
0.53380521624426114
-0.045795590648967988
0.13882049226278664
0.19933720440005695
-0.34565904220689408
-0.033701733566775284
-0.244683757793693
0.3070496983400447
-0.14299495910217627
-0.43736890385620747
-0.72505536719268704
0.11081542191993465
0.28714103622138143
0.20356003663348879
0.24757059269381926
-0.10671307139812319
-0.38759399348492263
-0.061322464720592898
-0.23640855716247622
0.2459445576694653
0.21504390625990283
-0.13232833795500415
-0.21567064384502582
-0.38110252725061017
0.27823309461844986
-0.4507451490097043
0.36350934756881476
0.20057235761345202
0.053099273061403135
0.11746882090597408
-0.12112139549438575
-0.042092354540245534
0.34072640075973087
0.11944856375785892
0.38405251209795443
-0.28007126470446225
0.0075554826117634364
-0.17188755042247
-0.060118815751718166
0.21493560593336028
-0.3118325926402114
0.28037479678141969
-0.38196134896984257
-0.029745241539192651
-0.53840287981269819
-0.30461347833059821
0.15281816013537178
0.3110582496911159
-0.056081745074227786
0.23628281573627327
0.12182986774978456
-0.075767386115602936
-0.04268504537544747
0.56960111970462779
0.011660260964500822
0.38651645487974445
-0.23712957930919273
0.084490684107925526
-0.35596381329553017
-0.67260718412396248
-0.49894569135592659
-0.38658976918008631
0.49961701092843741
-0.46864728150293306
0.35422315768429075
0.26848725444818683
0.45578648556062717
-0.1132035206325689
-0.39206985923668691
-0.10463647061668641
-0.15510631490094681
-0.10114588223307583
-0.090866537346848658
-0.10883211506838097
-0.20396055266443672
-0.1094146215146536
0.033586730221514018
-0.29225278300953078
-0.20355328310104315
-0.043725917494985229
-0.53340174247177841
-0.11136726858061459
-0.061061095949440085
0.01165377886310825
0.13382758275803083
0.017041246762884248
-0.19280523651913459
0.17931111897976201
-0.067001723882434888
0.29118120245304852
-0.040838475154108211
0.12776221416191702
-0.048871877263982184
-0.46492098042292818
-0.13154110063608382
0.50717200306607757
0.60936232579006622
-0.21476853709230664
-0.05130507057421585
0.050238331875346397
0.53077370971637661
0.063251686700415838
0.027885830077140541
0.12034149016714056
-0.020464588159773214
0.125002977285981
0.28576884294980059
-0.24661421666016928
-0.13810863346281813
-0.10552645972209608
-0.26224568974727269
0.35648054379064326
0.20319173259926554
0.078688042813007966
0.22023012091755129
0.064889702582771422
0.12763041020547683
-0.35497764514725461
0.13102621011801852
0.14388501356023517
0.13636525981134534
0.59267641603218191
-0.065730529648623151
-0.064849508582357149
-0.25128770152151464
0.48471060911845043
0.027132712358138418
-0.40493904538934267
0.087334191427309055
-0.17674046272409497
-0.19524497864435
-0.034334654846056578
-0.24627990926593582
-0.023323765927212314
-0.04598595819362291
0.020599549719066898
-0.039596869735166643
-0.59289998437143399
0.13579743221233559
0.44955793541994987
-0.20846089545912233
0.35591128525451987
0.001979690254258269
-0.089428134875946599
0.12267006795711391
0.13494392385563725
-0.016933593719581412
0.1410238518079758
-0.16141476121447548
-0.43153359573501471
0.37374077131654693
0.066434921217632087
0.36688144782695276
-0.064009824619271641
-0.12984593394913799
0.016386873015887163
-0.22107167551007587
0.0084701928451540662
0.21788177587591487
-0.31934772788043514
-0.012879544690663257
-0.0068727498584973635
0.50061169676161987
-0.2253331063478142
0.24323807627379285
-0.40000925875851273
-0.49352306454989325
0.14732957121784399
0.011509804006473522
0.047695847120951998
-0.25049910716795082
0.170565472168756
-0.51471782350497708
0.59313995429195143
-0.21981253808854975
0.14449297582187107
0.11357857383749471
0.093797864977457707
-0.26316308688988754
0.02492056135673279
0.2356081601170899
-0.22079849152919453
0.051587374248918398
0.17934999306466426
0.054897435862929306
0.25408584869648421
-0.2535371997359866
-0.29983128004900106
0.18272704410602683
0.10442533417941927
0.45862498778208721
0.46244208495928707
0.30170326299022454
-0.11652360118123725
0.4143961999486252
-0.41040909195915315
-0.12035022689595858
-0.097209677126834301
-0.049692095373548968
0.39237086450376785
0.22429955179678565
0.19949208692207498
-0.27507031630385181
-0.32404940227263568
-0.14123164730147469
-0.083641605954704087
0.035956229693282597
0.14676858837266571
0.12353527081983946
0.10053974839076975
-0.30660503934261379
0.23755670406777585
0.068729688276517861
-0.1272418668627468
0.010286407507006951
0.057200011808878154
0.046328318302648046
0.040243044938021513
-0.29524068410126975
-0.01455197202014665
0.45557365054871679
-0.086541665888651614
-0.094674358797471506
-0.1319274272119568
0.025980414414251255
-0.20657992985394322
-0.04150447878082162
-0.24877548947857675
-0.062068945330702757
0.12454736911755365
0.10263464337685112
0.066714887487980004
-0.2353022534973474
0.6643580139165387
-0.3245323507002732
-0.015533222944920893
0.029063172226414458
0.26604166325324852
0.56690183182280718
-0.10059439117129468
0.20788505814828268
0.16243211263802704
0.20405683949597619
-0.041455432578929079
-0.012219099392182341
-0.16693605953638524
0.14463924755786026
-0.086987535736779129
-0.19420548859492878
-0.094262383061177929
-0.330864803404886
-0.37731928332257414
-0.28307522896702625
0.64565223015719453
0.047666958322622507
0.064129097265318985
0.20271707024587909
0.13522458878273058
-0.049725682213678714
0.29809657788470934
-0.037904189532914238
0.51117637349580525
0.60009483417273302
0.16716029420104697
-0.13283844504831105
-0.32065402147351291
0.13097719110066225
-0.047389467611489128
0.31464222025596611
0.15212332612302426
0.069116206759535753
0.12266380552492476
0.29287915448165919
-0.18963496427138538
-0.18027536385421583
-0.41036188263070711
-0.34807794008747717
0.096833544104813415
0.36281439186846792
-0.14521081893197779
0.15942849025074773
-0.060258496072070053
-0.0031383499454516808
-0.15491438854424494
-0.061666599172399097
0.098149915929282364
-0.0752037213923092
0.38176578592376387
0.32611816234958435
-0.27900619068735855
0.36281268410292195
-0.057374849354256324
0.21319519253889449
-0.012624071099393289
0.16254672678945434
-0.023813152497965905
0.072630192160952872
0.22376509720757273
-0.10847774219281556
0.41482827819483797
-0.024122713549007298
0.14949782781319068
0.20051297022550929
0.62465001459673686
-0.020437664285366967
-0.54466126838138074
-0.28599040623040528
0.065616468784619242
-0.13676387136153734
0.31358561527145584
-0.043069252474453194
0.37765855895778605
0.076199356979571503
-0.15263718148004868
0.31016672623715719
-0.12313683207748073
-0.027335936069160034
-0.057807589391548918
0.35954982291827819
-0.055462748096650104
