-0.16921673406712684
-0.32662973055934869
0.87957284852810536
-0.45089804101785597
0.33633479703165992
-0.44767255944006112
0.47191919174218183
-0.19008638623685953
0.01330839640960475
-0.44954178982322374
-0.35819615957415823
0.083246164693784847
0.1400121089287481
0.51492729198083387
0.67961753918221546
0.5834458330198512
0.56653910841343713
-0.34609995204753669
-0.61697094581753553
-0.044288714585793205
-0.020418201530221735
0.19291785981393417
-0.20302505273349727
-0.16621153426082708
-0.061688155920814447
0.26014257755176873
-0.14467783487062644
0.53070034809080191
-0.21596028792356398
-0.31395476933076083
0.42452241225637444
0.30569995410948303
0.27196255786857521
-0.32659082362484887
0.083944008314810914
0.11196959140718876
-0.21884780206133161
0.18882560360658279
0.87135314659289431
0.53319182742961069
-0.35705639716589904
-0.83312505022656147
0.025319494899586834
-0.099854635834283015
0.10165590958364998
-0.27538559173550786
-0.28394786286126339
-0.21119824054139702
0.63684277694755076
-0.34650393112629285
-0.0080002122839363601
-0.11190905154705891
0.41772948390602821
0.14450989236522363
-0.53579707649879338
0.12867346507714403
-0.04169325404121052
0.38108387239077429
-0.16254168572154032
0.31211973231913986
-0.045985887040402296
-0.31546069898619722
0.30656307868523403
0.48889803848995356
-0.60519229735526103
0.32255315453500072
0.12180991433218775
0.91367606410077007
-0.013458953131144886
0.287574043045489
0.15659287143810502
0.50444711967941502
-0.36765471136894312
-0.59132103072271625
-0.12228545720537376
0.50073786577452006
-0.14624354920985674
0.38234187468078273
0.61546705876648311
-0.42540587735584778
0.043590961908935133
0.61165022363744004
0.031166333503173157
0.10433679001494781
-0.050433457772156444
-0.17809419177306282
0.083417227266375224
-0.11902559467215301
-0.51608391724637026
-0.34830987030967286
0.2526893200744742
