-0.31621757402086098
-0.0044530289627645976
-0.20171893811692274
-0.44621365046569006
-0.21816670310529537
-0.19162944909605123
-0.50082520818895404
0.25200052431765724
0.23412101795204465
0.076754304820112737
0.12489238599392398
0.14872375578567101
-0.436624000773288
-0.2056873946748303
-0.069347164336693259
0.29929846310895658
0.16004117830731249
-0.22994737157800182
-0.034439272432545097
-0.15428218691750525
0.044862754319100223
0.16652494994833414
-0.078503244664878902
-0.70539315257596324
0.52064998052394484
-0.082531631282982965
-0.15860802612450858
-0.012155356192774216
-0.38585527023666938
0.22973091357578501
0.072248661587044169
0.60251603202448678
0.55489912061509372
0.33494856205988338
-0.11211299299806325
-0.10716608017261513
-0.083690294491152159
-0.3494394348735585
-0.10665466056293957
-0.14584066061552936
0.51154035056603586
-0.048270389379761892
-0.097098245082468088
0.24634036720577479
0.40100190358566895
0.24602775685976846
-0.18938392542577648
-0.17780954396034435
-0.35432648800416172
-0.1764289316844429
0.16850364050035385
-0.04211436961434608
-0.38361312026394184
0.10769697568816249
-0.48493695083799315
0.5731447498698552
0.77015336530573208
0.21736437636421627
-0.062981920346925277
-0.090122099730001806
0.010525235459287078
-0.39189415711056075
-0.26622165288416777
-0.22852019876067445
0.048309774873271073
0.30116143096815468
-0.045660873252266261
0.14870374441726456
-0.061813366002562084
-0.155116106344275
-0.095301373131832554
0.57421069213051601
0.20358908927468217
-0.14650072502085801
-0.051720906652546576
-0.24457499671197638
-0.094449126605359687
0.20582590016972607
-0.0066972166846553495
-0.15893516497940505
0.30988363865372842
-0.24262464838031231
-0.40669048450451162
0.039668722165815636
0.032990743960507482
-0.3046601561741622
0.20812688941645327
0.019599374267895389
-0.13558993997831334
-0.53623269293012954
-0.5223091074932199
-0.63539905787320172
0.023637711648527449
-0.20881815833781681
0.27943690192986842
-0.12663244382848815
-0.34353837387850811
0.2531758261294626
0.078693459526744614
-0.11450525439698832
0.31967795643650487
0.28974827947910226
0.081022891655611412
-0.34553686077810802
0.049673012665380503
-0.09473667399911162
-0.19146358814730829
0.077380652905642389
-0.099805245485735022
-0.08554380646135798
-0.092698155486187858
-0.069417629722938426
-0.39839258135750211
-0.33978626430701364
0.35476168916497924
0.22951826459088667
0.5596619225179521
-0.34931325457762508
0.46100217336455696
0.016339215427854017
-0.014094018422049272
-0.31319079795170995
0.054450356015970695
0.24216964524930609
0.053828848917088105
0.36660968809308059
0.10349851191264456
-0.57077291109978878
-0.23084356947187937
0.081017505295319592
0.3612686828084265
0.59383383831344649
0.41206524349233176
-0.43145165785699235
-0.03543781923050969
-0.29295694386945115
-0.069727597644114472
0.089540750398522814
-0.41808444812139489
-0.27194687619670505
-0.42836025666258021
0.23493116457598431
0.15122106046322345
0.42404933986490212
-0.48654828931524297
0.21375596592439652
-0.66384203644367534
0.1812859169326157
0.6437845637688796
-0.28736689410256849
-0.29578057479934772
0.57339012478381768
-0.12986512415299764
-0.18361104411424808
0.02716742463274258
0.12328883468943483
-0.19441249538878766
-0.14656401290767548
0.10541125109585485
0.21819033160276238
0.06988141895352179
-0.22128803088939339
0.27119518021062433
-0.19873050310539264
0.06306645279208252
-0.30987103319224696
0.5302382218698819
-0.38806557353171672
0.26177501047036472
0.47565924291621409
-0.01936980063000425
-0.089120676222391851
-0.52992970724733957
0.12826000817136174
0.54006006027321096
0.11126089273907874
-0.015354927366671718
-0.024057450652066194
-0.11965223666773998
-0.1639082088729846
-0.10557188599602028
0.0676340252024345
-0.017883521758762226
-0.10359622656422167
-0.4230538390334912
-0.23758705919250048
0.018990185826198193
-0.46582684668302449
-0.048806229226840227
0.15681869258671785
0.22979276298012563
0.36181404021183849
-0.69529594683144069
0.056120503764091112
0.58114546428552771
0.68020590430887673
0.44829427781552716
0.031615031372788115
-0.15868340787384549
0.0074648977174323001
-0.1272093025275379
0.33572394248704984
-0.22958770677679752
-0.26668340392445639
0.041939306793425182
0.0026402163898226944
-0.45840548872543629
0.17985700385996206
0.11543371587441648
-0.21027505095357696
0.073904565870385894
0.32744408510566747
-0.29587221178270939
0.34542010718290989
0.046943300875534687
0.09711904211708923
0.14045775944807082
-0.39613004505593213
0.071128514821539257
-0.10361302212618982
-0.38294579419518465
0.28216478061730105
0.47306771664896852
-0.15248854398328129
-0.04705280822366887
0.41587747932054203
-0.47895794207957798
0.29934816857801799
0.0131530421164722
0.28378507554325716
0.20192593077093729
-0.083371861861045504
-0.037184301112944698
0.043661027904836669
-0.12466636681404707
0.05373085894170803
-0.29871032933486585
0.144775631774816
-0.2495800109074596
-0.25783332867079661
0.12278398829395855
-0.19730394988202796
0.29295441974316128
-0.33717449585754733
0.45308798784184184
-0.16927283375462823
-0.065242493536402907
0.0071589671968688975
-0.27422611019372084
0.21488519783033228
0.20978822351132059
-0.19622348213472332
0.28656079811652524
0.19061049518983769
0.14081913244262173
0.059798761639954061
0.56731338452937585
-0.0755939632072017
0.18460866237160109
-0.40766306278654635
-0.14597364692762668
-0.056779413405742246
0.021445033495503311
0.18044357514131754
-0.35150742610947366
-0.3205112871357505
-0.1057239705822695
-0.03359369910461811
-0.010381312487257717
-0.36170612185927747
0.072380792538461775
-0.057517275608221792
-0.26570423415161176
0.072059991090614242
0.039869597257070601
0.26574409566532264
-0.02348028685328913
0.036234380568497759
-0.053269548412682916
0.1322752655859831
-0.10160324309890428
0.031456089123582234
-0.20089876095441489
-0.11148707027283221
-0.32372328331330308
-0.013452149460058158
0.47666146838676765
-0.2042311719949961
-0.21137338854923993
-0.16259443898974682
0.14817061147034211
0.88200961491980046
0.13908359701110271
0.049134365393085286
0.11945395879390215
0.22942141931626098
-0.24199444445972709
-0.52655606560752766
-0.3058059137489727
-0.18516940028156906
