-0.33095048797529286
-0.28767686785040286
-0.13158497487391896
-0.48649892927987776
0.64745617023706559
0.10595443302256734
0.21674130494658464
0.10818269255326632
0.12062398376067698
0.39553016084370923
-0.12511396150874834
-0.083528068145989204
0.46853740848627667
-0.61497667895283348
0.54698856509747251
0.0082488558836469883
0.088363381611617497
0.16039217640622053
0.13726764373284675
0.65581663979385629
0.1027329634258797
0.54640588376010257
0.23746251523523573
-0.17156666937934853
0.46528542015674768
-0.52905502747972788
0.28165824715912441
0.19704845002332991
0.40918020856356796
0.000422145393852113
-0.12217135116296647
0.014755046915658262
-0.13686351704030153
0.25522069888025967
0.34319970500156494
-0.25170294503801116
-0.33149680384484226
0.46037968208246577
0.30305334825123992
0.2309249515604643
0.16866582898964746
-0.34326591788776895
-0.41322270368716618
0.041257890408844519
0.10873631657619708
-0.12425209127983779
0.10498186066206308
0.065196190784420766
-0.41289376972350533
-0.43279707260956474
-0.12791748948339024
0.15807685126254009
0.11795973549824305
0.33404530924074888
-0.44906891562132428
0.26065344719228645
-0.024230285876893395
0.050658941220821777
0.10412047212677078
0.012687850406352098
-0.18432616519466055
0.49067546157874958
-0.29711582112887097
-0.66672120562619808
0.029945441515909388
0.1946850327720672
-0.36864530931027512
0.20841333032894582
-0.023334903741922257
-0.093542045241686828
-0.16510603617362091
0.26646867783871536
0.18868815069737999
0.065488241102346093
-0.16217699977045755
-0.11329655019554064
-0.23641560546881493
0.16579043185127373
-0.14777329308159934
0.037123370160911835
-0.18293128417427665
0.16354636990146085
-0.055237878939566165
0.020151235159348673
-0.35124364007386039
0.23183904244430803
-0.16143420673343872
-0.38340632805575381
-0.093183381947671021
1.0016737224943404
0.09690248331021864
-0.016591245615030187
-0.49998699859823464
-0.07490659034441749
-0.19014879794530457
-0.11643695276062455
0.18934072252871467
0.44479051724318514
-0.14142742831675426
0.38268083848734991
-0.48891055616758999
-0.29807166139891733
-0.81935139287051473
0.21529752802306043
-0.067427525476478026
-0.28192411462370565
-0.5018076321238566
0.099454970488497899
-0.19322483087129438
-0.39739149863170059
-0.6589604175502155
-0.42347694229795235
0.11432687208802993
0.3948158203556088
0.29934773645097734
0.18621390052047843
-0.21315066718990056
-0.13569741315655809
-0.51223442946458431
-0.053632528022362777
0.69887077772432171
-0.012734758540391128
-0.32845401764258358
0.17525568309574319
-0.17160347606851423
-0.32429931126491479
0.0049366152620042049
-0.28035621436945624
-0.33852123220306157
-0.48577624016683069
0.14484628770309937
-0.13471290286957735
-0.36511127341995053
0.36614181495400644
0.15619831002102677
0.36877190841844359
-0.26315763512260049
-0.11126694961234881
-0.068602954101570121
0.1961598248825874
-0.012791143169999627
0.14945578436746068
0.0025744234513646758
0.39875143123797074
-0.28321188263796571
0.0038844556133843201
0.31719976071852696
-0.22551998510065338
-0.15825952833511728
-0.49206604136834736
0.01132091277955862
-0.10600757472619624
-0.12798163021948572
0.45340718037198746
0.16160117293303117
-0.38133807770390293
-0.10176898880792604
-0.34369912978954498
0.14637848191475367
-0.054394598842381403
0.46946575097825566
-0.24366787243889765
-0.23798250145610658
-0.015602970951405452
-0.030091739500179272
-0.083229858797430029
0.54870781856472473
-0.2969982457723187
0.30319817015145822
-0.40091655999783676
-0.56273340773558322
0.085018736078432022
-0.33296475289494293
-0.20355129977021186
-0.29425605934229793
-0.16039001317030008
-0.25968092585787711
-0.14997054489693085
0.20482149561330365
-0.13162205771867003
-0.028689724309913671
0.079612568672753584
-0.028678823508690228
-0.012455035213247622
0.13083809739753449
-0.48775681739436838
-0.17039197595945008
0.015697130933998254
-0.24601951012876039
-0.53142943227590489
-0.087721970041586037
-0.086723507243607806
-0.36789498839951634
-0.15513848354554369
-0.38831583886882937
-0.40491928012515155
-0.21100624412761226
0.5127314590142501
0.47799022053063134
0.5903959073704802
-0.042179473431202291
-0.10846943645276505
0.19835274368359446
-0.46149016124150216
-0.10150089792482533
-0.12678538174043755
0.14220626278309703
-0.063158994876532218
-0.47959854076920544
-0.17029057004313258
-0.069855087502466898
0.20150561767342087
0.082451319850725818
-0.097756576837358389
-0.20824335258869847
-0.3350507843497128
0.13547202493120966
0.61041094370413018
0.16916601047545241
-0.26556410509092976
-0.40260322851854757
0.26349767568220417
0.063139741366956922
-0.52110295486467828
0.11687007290494651
-0.51008188210581928
0.52193104451571426
-0.25096920703347786
0.012934736050306201
0.10392379488974807
0.2621391435143558
0.074605685520536813
0.039349290868163085
-0.38280445135822017
-0.042748172034090592
-0.22039756296186913
-0.31397729163224253
0.032842686647835698
-0.095395763615503087
-0.05417404400362278
0.062632288313125423
0.011164868884172846
-0.14315971890397797
0.24247145042311352
0.057418049762389206
0.22805390200128323
0.35547800899191345
0.40080512886316438
-0.29943478094630166
0.11091717150501985
-0.10282206772900018
0.16817443213848624
0.00822339387655238
