0.45109611281488976
0.33745457881253083
0.30137484614313942
0.17176304680742244
-0.68163395191535048
0.83038994574207015
0.23692705090585869
-0.67922142794844642
0.098867722640337441
-0.19892513848916435
-0.84282874483499326
0.37218690766160689
-0.94291413788285128
0.10134352113736098
0.34664340596165355
0.9135117090188849
0.30744909999933528
0.20550412755932393
0.29070558587852552
-0.46044248081427791
-0.044494364536224268
-1.1530820549969045
-0.42719106403284907
-0.049789443631738352
-0.36039382309960849
-0.44380799912896424
0.33709023230789281
-0.17215410736084483
0.05057355712655541
-0.034331832688775286
0.30218594639248442
0.099973908999447803
-0.072596472438222009
0.057238975467774775
-0.46108551066707248
0.14062917892143176
0.047274047081726688
0.62818100350494321
-0.49602068719555653
0.17375151720938389
-0.53192901427418626
0.54768902552512333
0.18826838848817951
0.14674408518104129
0.24399603360834327
