-0.19151727809882843
-0.017533990662524583
-0.019008025338674028
-0.19218487366918799
0.32260466977346519
0.16144253030574851
0.32749434314959508
0.042834771495639801
0.31208716887915317
-0.75891620741620458
0.35218950677946104
0.18585647366780639
0.587914005685235
0.17606515774511167
0.06575111531111448
-0.010307299973202335
0.38961340460981436
-0.1095539597030898
-0.37137254391405455
-0.075963363403979106
-0.31501421204483393
0.056370441525306549
-0.20876922043318868
0.12742403676298522
-0.38085588974974688
0.52831050464842866
-0.083745951029696619
-0.16094168723257365
-0.012334202640175857
-0.39153250776049048
0.23311103317900872
0.073311684031589844
0.61138108296344407
0.56306356555725834
0.3398767895372739
-0.11376255473753644
-0.10874285607427281
-0.08492166209686966
-0.35458087215585915
-0.10822391175048181
-0.14798647054689948
0.51906684118880431
-0.048980610250162739
-0.098526889040450705
0.24996486811119117
0.40690199937226762
0.24964765820850238
-0.19217040421917558
0.40919406748028081
-0.35953983038548293
-0.17902479865454343
0.17098289960225052
-0.042734014589831282
-0.38925736816978679
0.10928156286045602
-0.49207201537215434
0.58157764979771254
0.78148492903409317
0.22056254233219694
-0.063908597650818424
-0.091448100968753554
0.010680097311141184
-0.39766024710785342
-0.27013867481957021
-0.23188250464951043
0.049020575237639967
0.30559253534459968
-0.046332699304659435
0.15089168000570574
-0.062722849915346754
0.26111020572495863
-0.027767872655486366
0.58265927567828801
0.20658457412671449
-0.14865624673459607
-0.052481896315416235
-0.24817352303991791
-0.095838793060679023
0.20885429608382386
-0.0067957554187355268
-0.16127363940771161
0.3144430762384583
-0.24619447848045253
-0.41267427857785371
0.040252383386416998
0.033476149510200989
-0.30914273864500486
0.21118914067347644
0.01988774742648633
-0.13758492710036399
-0.54412249151687764
-0.17022768040616906
-0.15281410525025957
-0.36917444682724926
-0.21189058050129669
0.28354836492531621
-0.12849563585226248
-0.34859298657269078
0.25690089978038094
0.079851306770947095
-0.1161900144017915
0.32438150159919393
0.29401145775242843
0.082215012733842602
-0.35062087798142261
0.050403870873568686
-0.096130571250223076
-0.19428066582103973
0.078519184319310098
-0.10127371858550181
-0.086802445504113646
0.37524070565375478
-0.34539166240490365
0.22582520228750946
0.12076959393114306
0.359981434828959
0.2328952554075171
0.5678964444028648
-0.35445283532052846
0.46778507627938054
0.016579620611071842
-0.014301389155117155
-0.31779889504769188
0.055251505120840198
0.24573278071275725
0.054620853548121767
0.37200375793839274
0.10502132546688138
-0.57917091324833736
-0.23424006001076642
0.1179903406934861
0.1274545755241491
-0.32790584146694773
-0.06154831012356389
0.077154278378117114
-0.035959229543175465
-0.29726733246043618
-0.070753526701784877
0.090858198020170672
-0.42423588597928641
-0.27594813555253267
-0.43466288645780576
0.23838779747937239
0.15344603429428516
0.43028854147735113
-0.49370706209436604
0.21690103995679802
-0.67360940055632879
0.21643672798801353
-0.39854032212064883
0.15110351590592863
-0.016679519483591233
-0.10746029266862363
-0.23181458062074753
-0.18631258427668776
0.027567149437475673
0.12510283090137647
-0.19727296147298531
-0.14872046580052023
0.10696220751997534
0.22140065016897087
0.070909611243489615
-0.22454392710085935
0.27518537957326827
-0.20165450170379395
-0.2001917923838267
-0.15786156468235235
-0.00020530999962947756
-0.020574263185178465
-0.36408254348733682
0.1303393020961412
-0.0087244141470525748
-0.090431943130545617
-0.53772676757290361
0.13014714717752182
0.54800617239296912
0.11289791719854693
-0.01558085033972881
-0.02441141720923052
-0.12141272620933044
-0.1663198536155982
-0.1143640542585368
0.29067516056869258
0.063716974782408134
-0.064177773559871767
0.21022368524897883
0.3677603037714296
0.011347210142775946
-0.3998703529187882
-0.049524334115735168
0.15912602653979255
0.23317379259750812
0.36713754983884461
-0.70552610446824326
0.056946226397424117
0.58969608181270716
-0.23668399236229934
0.15538577379946408
-0.20230597504530151
0.1118143624760497
0.28031480382924556
-0.069309321253877107
-0.018894912560782805
0.23627164956885735
-0.24904294667652063
0.042556376002055238
0.0026790629126396954
-0.46515018561689336
0.18250330937915196
0.11713213669130561
-0.25796334028330559
-0.00030178101997716244
0.20401860579366804
0.12393439021955321
0.0006245738640864967
0.75793935838197024
-0.44031399818681155
-0.18661267155191633
0.077293244923808943
-0.16639461177135986
-0.10513752051339731
-0.3885802234750047
0.28631637994478654
0.12310486487164354
-0.071510099235548116
-0.1037396820875521
-0.18661456446679689
0.40427625633137088
0.53176022554744062
0.38201058687602668
-0.27209345323966388
-0.76585541326332263
-0.46261879726550581
0.031269858040376498
0.044303429460730681
-0.23673862998733744
0.091843951245383859
-0.29408146699139553
0.095831872333994789
-0.29092359231220588
0.33846435782578826
0.14392305122563798
-0.12618348311291661
0.15484163862840747
0.1247660380081597
-0.43106996386955626
0.41141826174675999
-0.425037921682349
0.17032381768778149
0.021369358546107844
-0.11918097143798716
0.27561612086978821
-0.060061774051709635
-0.13004931730805216
-0.42477132726470018
0.097070218917576709
0.045816359337498176
-0.073610625336955476
0.35989420840272385
0.37751769719161127
0.23276073446638929
0.21559028710533384
-0.025308655631230678
0.16404061077672388
0.45322829455992769
0.63655682725760176
0.064578506037056962
0.10143933334051619
0.0093156759535160307
-0.032702700181798307
-0.24893309617424617
0.047205780953765278
0.44809628505739019
0.24405163869952007
0.4810841768705979
0.29266124776766339
0.26913239014507984
-0.16562606450337339
0.61648669741905693
-0.1399562129734602
0.047948969003211689
-0.27389549339940594
-0.26335173271688811
-0.023741286060080403
-0.14383086058292263
-0.010107063912269086
0.43194181836935897
-0.057346516227257956
0.10933221586328193
0.057493688907156823
0.025469559709679939
0.40761755475000011
0.23293097047308331
-0.31509858642784788
-0.13764495443856703
0.1223848494034145
0.56647269699942371
0.05553660942930632
-0.21579300078254607
-0.032503471055589407
-0.20913030268806485
0.033324298394679444
-0.17308070882779336
0.11498556271850785
-0.36134450215043717
-0.16699227672543612
0.22467852625828383
-0.31315796791813699
0.17650560439604943
0.0035480762114737958
-0.31690453159994414
0.18202515992000434
-0.13425744690730254
-0.34965861862482467
-0.11010160505129746
-0.25925057072949992
-0.55296187003159769
0.076821994861044504
0.2483507406311895
0.5504869019401436
-0.26374552314450228
-0.24237795051056091
-0.24946771486660207
-0.060024314412398819
-0.12039152085805332
