-0.77700310183144672
-0.61890519432740343
0.088004356841142509
-0.58648902394223612
-0.43485714309508905
-0.16435367107155682
-0.1889899250316231
-0.18423180681453069
-0.11991836812450431
0.60555863881701366
0.77351620991070769
0.23986143717687503
-0.42466025814029279
-0.23318520408372853
-0.81612947137608438
0.17870301049905898
0.6297665478232134
-0.52701964129603762
0.14359535768994039
0.72220398084662585
-0.046664046119334807
-0.11588084158195557
0.43122840267991164
0.72401446889045629
0.031957046752195815
-0.079421299348214805
-0.41488717739480396
0.088636508547122003
-0.47572524370127284
0.72062729654306745
-0.55457635084403512
-0.029401413328224466
-0.40609553639905566
-0.59186123179177907
0.66363915148334007
-0.51650895286970377
