0.11399793240526403
-0.31960148522361198
0.63846415895530917
-0.46630888278545357
0.040653808800927935
-0.32709721882844506
-0.27794766019863293
-0.15128562788151093
0.27906004653945238
-0.24687816583156008
-0.1647960996419417
-0.35123728630996098
-0.0095721974086021185
-0.076107527000661812
0.045035370114287314
-0.10684366318958022
0.35488414510603083
-0.29485665252270243
-0.1042843152430174
-0.22222071916357372
0.15094167835991668
-0.041664144088422193
-0.31372859931826402
0.41880286976797332
0.17413911896551032
0.0034553781578356528
0.13749935382953521
0.38398573764438432
-0.029096363977715745
-0.0065320013055312357
0.069539444775035847
-0.11794312596992772
0.42549566111215797
0.55416559323398384
0.30258242017595821
0.40239302222635964
-0.73400813179786761
-0.633727900399083
-0.17507942130381451
-0.25694063513228727
-0.18646948383580272
0.2790211954948173
-0.2544778046748421
0.25472035214261951
-0.14087253454971002
0.058919174818401754
-0.24259062572820253
-0.4336974967716441
0.14076979356378988
0.11243490225024236
-0.033725550549484624
-0.064288426808860266
0.16506432856084374
-0.24053583728206848
-0.020980191179868907
0.15932801660502913
-0.059717829050864257
0.18747803130840046
0.023746624516886035
0.45851764188518956
-0.52569057004165909
0.24717180372631664
-0.34468936840035524
-0.049892799557180414
0.31888265301113139
-0.29344054820909726
-0.15499309701831868
-0.33449403260321692
-0.12411175918162502
-0.14063815855323769
-0.45577809944220676
-0.20444832772130295
-0.17747486761312364
0.0092098952129615035
0.17264500512803571
0.078960269057322535
0.15894405651059343
0.17670034044891367
-0.056424855165359437
0.29082292308346391
-0.23495916368557024
-0.017071944099229176
-0.11887333418334102
0.4130024305781409
0.1199440153985685
0.075853329943324749
-0.1571916813174857
-0.0057009141124001799
-0.18537203664015237
-0.13706225709678643
0.16047776772086797
0.18489878549132535
0.28975453365228376
-0.37308185586337439
0.65601688753415932
-0.13354361925553659
-0.46370615421737366
-0.60338154329323557
-0.51888758408562441
0.21919143103232139
-0.019956823560372334
0.054765434164140349
0.31556915998042445
-0.41271313231942941
0.17029711248046078
-0.18112075763220944
-0.068661271721569064
0.29465310568208464
0.040911731314309377
-0.68299303266328437
0.41750557476580985
-0.19081817957602698
-0.23685613562388744
-0.29213011357991275
0.13378568433244678
-0.3469471483349415
-0.089875695865620761
-0.32244080285881471
0.24294174911872143
-0.19374201480084727
0.13914578151182516
0.78395423042720769
-0.21010981326684627
0.16410344121558715
0.21220412836908895
-0.27386568217118362
0.36952890115748493
-0.068188365627310066
-0.12313701090136653
-0.20483438093492157
-0.28272949571452932
0.55128396554894454
0.33109003018740074
0.2277488435415278
-0.11413582045484313
-0.1064699470093944
0.17567143612838884
0.043635917909196478
-0.13619295315912458
0.050391883828283641
0.40144316510989825
0.093839881831558433
-0.031188879083184542
0.29281348337835267
-0.17560267079712841
-0.026184383292905237
-7.7420985501163112e-05
0.15693758565480601
0.28767111678407986
-0.39070708714686414
0.22558966718044937
-0.17507784925656006
0.013778685211873786
-0.24592017342628189
0.4594453623910289
-0.2885765762737621
-0.49803938008486309
0.45453104796745236
0.18019170171036081
-0.4131856916080503
0.34760720123360911
-0.25739193172497088
-0.37973278978210995
-0.50830025984206229
-0.14886751889924785
0.10231302287781699
-0.10301721932316125
-0.31081890803851908
-0.31168324615154425
-0.012342202521573965
0.52786562803196102
-0.13595739180271788
-0.31794541552089511
-0.24628225102889931
-0.27802666536518073
0.24177888020215896
-0.06245445077212726
-0.4129863585146758
0.28464250570692634
0.25695611912573341
-0.14110340199759083
0.26765508566580271
-0.29836893211127891
-0.31099027726402784
-0.7439531262348682
0.023141730125346639
-0.49731723124666621
0.24565434602251743
0.11066562510210108
-0.022554386481129726
-0.14504292358735985
0.052396455628053985
-0.088770431842221623
-0.41354751599457223
0.17950987246918251
-0.34618276365174822
-0.30073811445742049
0.1010469390826786
0.3731409041298599
-0.87508865839934502
-0.10246983057389221
-0.067886688836301459
-0.13794257947739974
-0.35422049098574354
-0.5087931025661534
0.21879154591257827
0.29871846037973049
0.35554857070881224
0.20699471269332767
-0.32786538386734776
-0.0028608346618928986
0.096407735622195928
0.075739345369782454
0.093782916465668817
0.51959370035236618
0.080276716763850731
0.13137852991649332
-0.078910143388319032
0.2982541949137949
-0.19086300092736011
-0.11546982849575006
0.23972448841338137
0.080355422021611403
-0.61374488147721851
-0.2459702132853078
-0.24935312153678632
0.10499196686814963
0.10313134141018158
0.23788556921379073
-0.39463470229121583
0.21913089647183542
0.27958206705374566
-0.37643077645092532
0.0713750324628043
-0.37872945217378312
0.21825957335552706
-0.094173921241684652
0.30802564575653102
-0.54815324246368358
0.37146316094598558
-0.17263037833732292
-0.19209811718005362
-0.038145318049992265
-0.56688740896480716
0.11974329866525703
-0.16933020121256015
0.29043922785679344
0.074685341339063502
0.32656793276749929
-0.36321027817953827
0.31665399495880048
0.18944487234479945
0.0057552910692461922
0.070156998842004034
0.33123312585111081
-0.011967177172314235
-0.14701959638609743
-0.22477315296550154
0.11137398902748516
0.24696850055413758
-0.45754782613209766
0.23204333967212115
0.25630609898300488
-0.21153967652790345
0.062397494943643501
-0.15309419647313502
0.020179538926128435
0.42274561515625353
0.1542719832867179
0.12647618616783615
-0.029139421699198802
-0.92585334270550346
0.18300762486174885
0.089471924422488761
0.11857408190481743
-0.30391794109338438
