-0.15353194104640772
-0.18668356496860553
-0.53141586732063528
-0.72152505907940256
0.0095566032385059462
0.53768349984547115
-0.09470095151800953
0.11413023662940093
-0.25148269175307925
-0.0028161171063455569
0.056804332590567788
0.12275209725219982
0.0022376798222767205
0.44654503306463167
0.13040879722168
-0.074118484546061444
-0.073046308234409787
-0.37240518475589951
-0.071075480659798365
0.32159505472247846
-0.065053143346224099
-0.41079310621514159
0.19784954197327501
-0.15234068582800006
0.1748979451452802
0.050950251042576097
-0.32495199553897558
-0.50714950011815707
-0.13967102947512758
-0.24998120661472711
0.2660522968147222
0.18840168486885661
0.17326198950118304
-0.28731125443287919
0.47342458526782671
0.18344240329525949
-0.25357768697123351
0.26446366762525991
-0.037214147163952452
0.14824350068893918
-0.013863593305009178
0.023276757915795733
0.60780231527009743
-0.17118566954846831
0.74070597899037494
0.092032942138666612
0.0339803317371591
-0.23033612610851958
0.58389362006573586
0.25351301627492073
-0.58596344075411311
0.26046984195423628
0.09881305082463776
-0.19873370640344695
-0.25920457706861172
0.065019022318509243
0.33604046002223203
-0.077079589390937453
0.74898881670655326
0.36712160731803017
0.33510576611871623
0.806142717114681
-0.23078976422237082
0.016280560803779088
-0.053310673859723365
0.3784254071259267
-0.19564706138069593
0.083193244300477892
-0.11901666889273244
-0.046364243544156004
0.44428813604662076
-0.25246653791609996
0.24300500268012573
0.11375911938484833
0.10641348229354712
-0.54053978502545963
-0.067005148386510963
-0.18019646812917522
-0.26872021542744323
-0.068039090713987532
-0.63060681115043205
0.21980377116409924
0.15973916448446804
-0.43759787694715307
0.10728306292228025
-0.1576610619221378
-0.33624676001594012
0.13300022664247221
0.24165796599054917
-0.14815605945507587
-0.32985409796211901
0.33728859365846048
0.21463557099674188
0.18558744604243199
0.22786099318502998
0.42814396975752933
-0.004018481540556262
-0.36141574499146933
-0.15975485619982932
0.063823714309429805
0.055507703795251606
0.43981641625600804
0.28730004189790742
-0.27394802147315872
0.035485449727563269
-0.083061198251155502
-0.20866235722067392
-0.20442743065883698
0.093933167331170034
-0.0077466368853418635
0.14479116672236267
0.0041600760951009726
0.20070073623737497
0.37829473513144657
-0.66895680863171281
-0.068345040903657978
-0.12432619143029788
0.2998679065830942
-0.21241245603046868
-0.0079081507568270273
0.16080394867720926
0.1330117288824578
0.24221964475202953
0.18731428495142929
-0.38872922389406883
0.41962939520718717
-0.49176315025757894
0.46011880019850898
-0.13636497446419965
-0.28762819790009769
0.1747881106497936
-0.082253117117297617
0.12850316981978194
0.17991191464840864
0.02490458429604088
0.051172966795745352
-0.16070945401683939
0.14276624935868376
0.31707285908383809
-0.15265921711888022
-0.13629579225713193
0.16868529181530953
-0.25507008497509498
0.3245085658147373
-0.4784631130550287
-0.5174577897160294
0.2564800766849511
0.12752009891158717
0.043634255123441198
-0.1236369319492157
-0.33223880718021975
0.50003370240189882
-0.42935452069189656
0.46542868347933758
0.14432411023825892
-0.32948115200146333
0.22200779894358241
0.11922339324113647
0.054169136797562391
0.21179831682530367
0.069725042721168945
0.3405081166140142
0.13192447862498122
-0.046152109459394436
0.61980668185392673
0.36782740246025358
0.02691411795010713
-0.28670485718910427
-0.42594472825338309
-0.30260493300884023
0.09357872536642492
-0.15553416426445887
-0.0038416503653546773
-0.71649338579587019
0.12868635090867483
-0.21807870285122308
-0.62474678322847854
-0.20618950542353628
0.28809972396906086
0.15879108609420842
0.12182353374243893
-0.011807433900576102
-0.1016023714501135
0.28409656067471495
0.17831066638056089
0.099956953904808077
-0.35514750082496771
-0.014392555268445297
0.11491873938528907
0.45038512298179278
0.63445535063524783
-0.06136494905214606
-0.044926082261950814
-0.21528484717474922
0.98399951161064048
-0.40623685567937673
0.052782157725896943
-0.20097704072728029
0.3501369182957641
0.20434690822997637
-0.29154694131896519
-0.25367284847972715
-0.3434939691765771
0.062283336813591626
0.3365311449594639
0.18403641688818495
-0.0096904643339563411
-0.29229042646783093
0.30110238121782074
0.86409920246403904
-0.18518977625225402
-0.17777733669713602
0.38125323553989238
0.23831956904576621
0.14767137203151542
-0.035754474185364961
-0.022684335640798959
-0.0070739842875728338
-0.1677186422419282
0.50189736875989888
-0.18399710519003956
-0.1338680375576535
0.25678330007061617
-0.10256081854486042
0.42202200260821199
0.17833344107009044
-0.38910502319588852
0.079134018809462317
0.39512222171635036
-0.50991311973923648
0.3783674685191607
