-0.17632881205702225
0.32863132650548132
-0.12202170587093271
-0.54870011430166232
-0.16805497595847035
-0.15503698143492348
0.19969625341476518
0.027866483926391638
-0.056538402499055028
-0.10510239263336198
-0.31213853210187059
-0.43399826421340504
-0.33248648848741191
-0.43825492759576745
-0.0298230214621923
-0.06760950187938515
0.0070295561043987624
0.056494501374465066
0.04622771244720706
-0.20509529422823247
0.34540915425948748
0.31598482068754419
-0.022977493332403034
0.68897327882014614
0.14722179515840539
0.76442353978224342
-0.24270583425548625
-0.039023144468209911
-0.35101387657420507
-0.080573843862333919
-0.14767651503667756
0.47963442312342497
0.035105202778315921
-0.29995164918563433
0.22888796022853564
-0.16247302905812211
-0.075560200433238273
-0.057245647038866629
-0.40113724468594902
0.17485524726571866
-0.083852347845688402
0.34527404603988998
-0.27504434166954672
0.40565816769951524
0.13459181341871543
0.17716298159167124
-0.42277098160196924
0.21674609350664503
-0.10309880231088496
-0.1865367297086799
0.48672992946307225
-0.012743406081951335
-0.1057900861249475
-0.11445079317600727
0.10722421268858254
0.35946550587570297
-0.30243687832138949
-0.75657100431709057
0.028076847818896404
-0.019106054485459805
0.72473808929898975
0.094450722117540672
0.31665808702127601
-0.30332808070337947
0.37890957595847502
-0.057581050597849646
-0.2143358227224578
0.070844952160959804
0.13571017036860045
0.028405289921194433
0.15500631406933446
0.08203345684093287
-0.14218553491480312
0.32506424060610989
-0.073138888946253769
0.26600481271800058
0.34503406276454035
-0.10145682435309981
-0.42984726182530869
-0.010017059571415783
0.24999271530467781
0.16854509219516475
-0.28199167182212681
-0.05981116180367984
0.072040683912769354
-0.13855024983959779
-0.0018042449472881542
-0.26579148821554316
0.11706009125662924
0.25731700979452132
0.41631758418920556
-0.25769530761327136
-0.070647749684501021
0.18709499289212245
0.023177955792273261
-0.44148057729406515
0.2810843833779143
-0.089906683813664637
-0.22082824856996236
0.23974043132507347
0.2216286413786101
-0.087321353859979814
-0.011045662540008204
0.26402859884868851
0.092492271851129015
0.30634751059326487
0.39429358124098163
0.013521267263858432
0.0025223220510437799
0.068713740522809666
-0.38584385997051068
-0.0020083139129982246
-0.089659769706986137
0.10774796514314172
0.42355288374170136
-0.1244743501964528
-0.3990800655064613
-0.28431670437463774
-0.2817195945850175
-0.2868616503870674
0.66980940947858825
-0.12007017228355354
0.21022778603836914
0.38011735458807183
-0.29740990317115817
-0.40542341388205783
-0.062827630470240939
-0.039982226413178605
-0.08470298167519251
0.071652573893171409
-0.36638436417424136
0.22762420164325589
0.26757917788130026
-0.1037967810188751
0.1719352619862918
0.5911732927122253
-0.29986325831070737
-0.023001413514202502
0.07818537535437009
-0.20843588854823195
-0.36551406204047221
-0.028458490889351113
-0.34746767150740726
0.47368882601800727
0.60532163817668416
0.48777156492511242
0.046117818560205991
0.03545528411730374
0.14302146972657401
0.29584827146509618
-0.47416454728778529
-0.37054106577000628
0.33842174470801067
-0.35098529013413904
-0.6358063668565932
0.0032071542103117084
0.078781219626710405
0.55270355521962045
-0.22924983136487434
-0.48235923942142017
-0.031577259263215071
-0.044872864686091293
-0.039514755986305765
-0.078059389538281371
0.49033968037543085
-0.36842735775164887
0.043415883558491096
-0.12215548045372226
-0.08194492551997648
-0.15634632268931248
-0.54185592254506831
-0.073641065451975476
0.50608175133273581
-0.48296735747369784
0.11175235647557108
0.0961501659887707
0.062083025801635924
-0.39513889513856471
-0.27852553913482458
0.0031467357338088469
-0.18023115027976178
-0.73212885245076276
-0.49878582576656022
-0.0050850777988592517
0.55227203914876843
0.44830743344552798
0.80424617804589882
-0.4307557332207545
0.08458407539210315
0.48405268825578135
0.3167650095232144
0.40609355008227893
-0.011176909609771517
-0.059216939520874153
0.053969724344945728
-0.39910122115642599
0.25252067442859732
-0.085981706389108931
0.09983857617519655
-0.30248063406025794
-0.0044263977543576825
0.13531068460264434
-0.027822663801575911
-0.084508202569146595
0.071388651040823745
-0.15066302962324163
-0.39856269377337761
0.30659721701255865
-0.32734481781013042
-0.08520094627121419
0.15083745440123536
-0.44761705409700958
-0.22165630153077359
0.31639363367771944
0.20400215732794152
0.084609472708643385
0.53030124293644909
-0.041591847585905638
-0.10471776255091364
0.012963517577482483
0.051556359095823769
0.060385250917317126
0.10863303949909846
0.043141553599267288
-0.39847897873913701
-0.18521853498253785
-0.1186538911519303
0.089856626116362248
0.42106994880966514
0.098852643515667624
0.32229599629012973
-0.12521639596463038
0.30569510200849354
0.23931779964493405
-0.2409819482724965
-0.12983784814358368
-0.11370213311518332
0.35588876187390461
-0.050252075543253977
0.20084042414460995
0.30954182402472252
0.038775035103937053
0.25366708895208384
-0.27706750412266801
0.17450970699156146
0.16671863204664458
0.1793805704650252
0.76066511103465861
-0.47178981878699894
-0.15599854549122832
0.5413195297575929
0.12327036442187415
-0.039599004576272946
0.34091968328916772
0.47052906519243093
0.21374217063700141
-0.18966010663808147
0.30389480291276449
0.29565193364407533
-0.20971200340431459
0.025432761857564674
-0.042357002514491399
0.20905705301508834
-0.11019933407991475
0.31153740750339193
-0.098296270121355001
0.077059532909304784
-0.074299090183500741
-0.29087369938749763
0.13835913976858635
-0.25743510655332624
0.71919792569322072
-0.39190210650427487
0.049036396028532235
0.080680747807144154
0.24002018413553758
