-0.84963138911247837
0.30023446282435645
0.22292627079524482
0.69100250452475598
-0.14915517600373823
0.38793736008285107
-0.034445451991093064
0.30298227213865031
1.0458917209398004
-0.26626164333475844
0.61123022069272825
-0.48082693534652626
-0.040775421986778394
0.88722663818280567
0.52005441687611165
0.79285440287762798
0.62123291404294223
0.023063612889696442
-0.5517909502706706
-0.038198666407686196
0.54129103888918073
-0.18805646152049005
-0.41787682910812057
-0.05291277579884205
0.38879131549873719
-0.53714001227071828
0.54746528995885491
0.0038275493637978191
