-0.042302860405923619
0.11008589133680924
-0.88580701557332775
0.90117492014070422
-0.56563167875173648
0.049298115030141892
-0.24068553649906746
-0.23778447997671417
0.34159632215448005
-0.59733589850269064
0.047898690564361877
0.018986245704446934
-0.24260605720313069
0.014364111923852349
0.64877507090437747
0.65901143646891602
0.048558734775181807
0.03241834851077053
-1.0784782512081541
-0.3158911759755646
-0.89429723426453966
0.030207435803635246
0.040585890994421107
-0.15428260524338439
0.91056856265003527
0.0082324132796703642
0.52058425786321094
0.60778771177853685
