-0.22732169705649433
-0.70704251149229957
-0.6775732293439749
0.4737499804046883
0.34386794401781473
0.10704085112021837
-0.52483345551447569
0.39580276741758647
0.15167554673745623
-0.030983562671968241
-0.58338501421360123
-0.21620693478970879
0.43876313974567355
-0.51522582927524652
-0.19356433231229486
0.1000489195098551
-0.29065797730006826
-0.16342950590663677
0.1322900442929697
0.22284596820382768
-0.57073917856304479
0.047459259780731136
-0.27545614612201358
-0.065138467853204707
-0.10134716685249924
-0.4753177549587419
0.11089404481121334
0.1796404325909427
0.62937716724590709
-0.83119125159976837
-0.28072961837468619
-0.4386015245997209
0.44821920890909617
-0.32419495858747754
-0.0011142901924003756
0.56304776099655585
-0.072034448368195017
0.35178012441171669
0.42820786792933774
-0.025002447270931028
0.20797302847212235
-0.58269577123646743
-0.031857510467821766
-0.85751101620571368
-0.040232749250329887
-0.51549474970931586
-0.055204781997690862
0.04765810106169624
-0.29728465498490891
-0.31589093817637254
-0.34832922566524965
0.61028602781306207
0.19182579003262101
-0.58706077990297512
-0.046744797291788744
-0.46713206201479818
-0.21922256188697004
-0.4140104779412882
0.21613089679327294
0.22605971495969393
0.1433422046461344
-0.24618855295551317
-0.029254400371079188
0.14929678152878961
0.29162599586759441
0.18505257898724398
-0.1453788702950069
-0.56946820920739072
1.2062652366046538
-0.52094095432569953
-0.21133010171786712
-0.32628312916725127
0.57423765873702126
-0.11437168951667873
-0.24337584751144953
-0.15377563209706632
-0.2024263692152892
0.46803707996380811
