-0.057054457640947631
0.23352384475363508
-0.40128415756298708
-0.081274245514804264
-0.068294309306643
-0.18120131938008724
0.2829582679775216
0.33499982558619157
0.030987262200435607
-0.32207100502200808
0.60643621598663544
0.19510040728374975
-0.103437469402568
0.086459697571987029
-0.14620705705964349
0.47163585838770178
-0.079917038569632559
-0.23112950670478255
-0.34515434797877537
0.17553405110964612
-0.25585385321169679
0.43465259634426046
0.58045707671143243
0.42756967681581159
-0.33228081189584086
0.12889238234695016
-0.28103367868630869
0.093725120417862573
-0.2353614505048221
0.13835040412062288
-0.058383561855869244
0.029061325310927064
0.19231968578011574
-0.012818377326971934
-0.27403873249104815
0.12347232647585514
0.093193026546151095
-0.028021950963397713
0.76466848979990787
-0.22844196322899341
-0.11439571675428802
-0.33655189332364849
0.48278044381884
-0.5299491355896413
0.089113334766000349
0.17335854711587398
0.087374993453708347
-0.59798586474204318
-0.13761203446758047
0.021519627633167934
-0.050480300333934865
0.062786218809004507
-0.37309601342990678
0.17645074881855699
0.6119892910725897
0.17659649749104506
-0.091386327763962424
-0.16270875447178682
0.13417599952069703
0.23950494717577855
0.029797711378374982
-0.32892292587215605
0.34768704438547737
-0.16623044495304884
-0.19523655741855511
0.42352740032686204
-0.46345388618252797
0.029469877517321691
-0.67160827747085539
-0.40759155655699209
-0.24011535880917423
-0.1678233805929685
0.016226105717878019
0.42177090993190336
-0.1789062652918115
-0.22267413639708672
0.095819811811298769
0.30827589028821772
-0.20544107081572791
0.13738973025997031
0.028540094595485961
0.094040413041868748
0.23333830850393902
-0.38055037779597384
0.24665885290617554
0.27329010352711414
-0.43084142883971899
0.67722301322777667
0.64942558406882911
0.032277696151850117
0.17487009918841528
-0.29433036566437132
-0.24723600021419626
0.039684423457780664
0.35530589298617182
-0.097246078120234142
-0.076736811885162598
-0.0052082354452809365
-0.41156393074356873
0.36665511737296996
0.057058948414868457
0.22957059926908555
0.091798960435218416
-0.02261147479266223
-0.44529302658694364
-0.49150122476155694
0.21668126603527071
-0.26347058295851561
0.083874993922214536
-0.17451539889344297
0.43596616558637991
0.033799349584595059
-0.10189651789537854
-0.15715251154997334
0.34283988161383033
-0.24455614606818166
-0.092722614553467961
0.38706333773831753
0.090806621716041036
0.11311223550382841
-0.065394388064085124
-0.41757549646576536
0.513625987648205
0.28573522634362369
0.20216626812248481
-0.37486637817849189
-0.096132032099186304
0.096717906158261563
-0.19980734267045638
0.070644676440344306
-0.10480257471414772
-0.18959221009803631
0.08354217515857626
-0.2504166640783555
-0.34734655131867997
0.25368503281524829
-0.21261858152888419
0.2829172356495081
0.12532013536863909
0.071276660053922317
-0.12539243372026174
-0.047746920330972345
-0.051148917763825692
0.0027605800383042546
-0.16375097821559825
-0.17492449774100938
-0.028875880966302742
-0.11388162304258893
0.19554216792510851
0.056082161929517621
-0.29681738339363867
0.015753419800696972
0.33892102528331169
0.15929880417554651
0.12074085651481668
0.46847674607158241
0.24758845111471456
0.048089009783081067
0.043786519299259072
0.51295873729079755
-0.011424464796552927
0.015435744188002015
0.050221593863848328
-0.024067980438893133
-0.041858612317463038
-0.25365646241921513
-0.3301820553154734
-0.0066193836196563214
0.0091384335764134756
-0.36236224915466364
-0.36069567860060131
0.14726787335527775
-0.057598423108082504
-0.14829455496397614
0.15871049143861227
0.35292348608610546
-0.43760222056981224
-0.11596889285955922
0.33029538070132741
-0.13764958535245858
0.090363417575399216
-0.2725920628626497
-0.21337997328766467
-0.022780377175873605
0.11417849417662189
0.17185250172864008
-0.60890933325551977
0.004700708461247283
-0.39079447744771084
-0.016074936911094344
-0.41767279488233156
-0.28592010257116568
0.41790955794577028
0.23919165852822974
-0.54398189575649991
0.45928417883374728
-0.25287974965325832
-0.34548030312391464
0.32715251352043606
0.44994896863381656
0.051911622974008392
-0.080404632004842283
0.3503074350536543
0.17106193705420042
0.016914958424053068
-0.1791529765337373
0.074155626519826573
-0.053455087939533429
-0.13551553569020608
-0.43138419485820739
0.21550615716695801
0.40162212112571477
0.20334583398176947
-0.43022479337998332
0.087837595691272322
-0.0020249731086241164
-0.32576996638040556
0.20026132024613436
-0.19682099714007525
0.12702612881609032
0.0039163400160033531
0.38022733520323343
-0.23486550749291757
-0.33036148532734183
-0.12241365184023671
0.0846534938838229
0.1239039863018537
-0.0062183825956438387
0.20596193326102893
-0.30690066701087448
-0.10288013768482086
0.077216777152732952
-0.40861976016394874
-0.15730745473140675
0.54923947476970736
-0.41868936634572834
-0.27938671369626872
-0.066834188206638084
0.012580479804273534
-0.040560877388146191
0.030576471086920836
0.056196207812047497
0.027651867295160698
0.266166759320074
0.55149364399082856
0.073435741876475336
-0.21936968971989629
0.18445191326901167
-0.039000568694589739
-0.012981015855015654
0.63432597639632982
-0.26688778231056692
0.079900607482610034
-0.030591632731908208
0.37240520912623448
0.1610276797530196
0.19630182242728927
-0.5300630067689418
0.02484175161284638
-0.24235666855528071
0.23909842597956935
0.44727302506404271
-0.077556406766396829
0.30415482446108527
0.19455998314943759
0.18516142238621863
-0.18988695203443764
-0.13579634947234792
0.25693493105814086
-0.021641516093641289
0.024027096481266563
-0.087269289417749987
-0.43002458841452595
-0.28638665981105582
0.49169913672770077
0.11788156383957026
-0.28837527695039311
0.01186569431224785
0.47777459153422147
0.11885079738854606
-0.040316246940943982
-0.02337764521208293
-0.037203685534415103
0.02137891559645079
-0.26581551791517122
0.39911169222534737
-0.083203408257972067
0.26772002520114879
-0.081447819635831406
0.14393806865857312
0.0041039919943566712
0.66730030809772789
0.045420371899736842
0.080090767734711688
-0.078923427646317615
0.16281073003057467
-0.13146264050708864
-0.15742529888143195
0.13221595449493659
-0.36796684719825001
0.24151066554032502
0.16421001139081443
0.32399833608482798
-0.43029387694516608
0.45286778335691602
-0.050765825752708313
-0.091415351789002411
-0.0078860690017402181
-0.16699649484144077
-0.42791777255435032
-0.13572757655665565
-0.030307184506288037
-0.19587995444882206
-0.19594177522458381
-0.18208592632435891
-0.35734027616805619
-0.51769433334612602
-0.081971798366163875
-0.060812234263919539
0.035793418915352752
0.34830450279865194
-0.014022090728147352
0.066010192272347293
0.14625863230257458
-0.13557267782296945
-0.014839093147331277
0.0099564358898381073
-0.59288643487146264
-0.54916618193779088
-0.52044760709171056
-0.058533465561044724
-0.2509042351499316
-0.084958721099590101
0.12875637613709731
-0.34883879499181264
0.24551321015418959
-0.401516483361407
0.038397849291251361
0.056810525187466342
-0.25926302637055859
0.048233955738979754
-0.077798757160720294
-0.034354447477145299
0.24375406071715183
0.11580798026329085
0.094996268996708266
0.074940740487812657
-0.096072559979326969
0.63307084556755666
0.42450565050470518
0.41936045056105703
0.11356485493763981
-0.047237144292920537
0.34266620108536433
-0.1414644643009392
0.16876279155828994
-0.24786042088669494
0.31035504580281287
0.063762691657707871
0.21027532878647529
0.094485260431505527
-0.27118885296495121
0.31322024641837903
-0.31892578396414384
-0.4038064319137924
0.036596097691913652
0.047521676144349566
-0.010162430924263742
-0.014960946958173587
-0.37766051701732983
0.1058769559689063
-0.2565506376154012
0.53651929459511327
0.10379628174461944
-0.01707733904356705
0.046932395333014437
0.37780720775849796
-0.23430254398398206
