-0.27569564980394279
0.00044729220513608332
0.078719040323779063
-0.55145543246764439
-0.091167904647024872
-0.13931582298768724
-0.024551764383475522
-0.081605153831157767
0.048609748153482429
0.050337797395697853
0.76655427775883878
-0.24263847868616806
0.058393649388409283
0.25560853665109773
-0.052938049596151462
-0.015546417768986904
0.36677170319981939
0.37100159077662603
0.57181570144973204
-0.13233083033999149
-0.21660548979593483
-0.3225451049234403
-0.11940980137460022
-0.34244102169976642
0.44810113549322689
0.26142283964697882
0.18944401343315226
0.41887984395347483
-0.17866029846114834
-0.39043451142697871
0.10311656231803772
0.091890223623896747
-0.25417998145835496
0.15920309572746727
0.43736091836887092
-0.158450095263174
0.057840667481946648
0.10227643367823473
0.14433917732974549
0.41584595376687855
-0.24073253812097753
-0.14026810573018669
0.24354191290867946
-0.13144832449981247
-0.16633766405353409
-0.013515561445485321
0.10465521432015665
-0.14786237172569208
0.17622960586986544
0.41225532743511123
-0.53018245466342018
-0.67940438610877996
0.22370601521574177
-0.23659291492772661
0.43268557724892864
0.85251904247039345
-0.042116319569598618
-0.013482010193819328
-0.26852169370419976
0.12308160051192421
-0.59989197123403037
0.11686307935645214
0.029856901874159583
0.38868514515024261
0.04853196008764965
0.14420474538923647
-0.28116506313841172
0.051837862926117848
0.23084854713525846
0.30334997370007705
0.035272446275708559
0.47102864959657659
0.37895131682553856
-0.19371875979177289
-0.087203569945375772
-0.12480980827327501
0.192885729116924
-0.17476126955120436
-0.63204907915243635
-0.092205183425713752
0.30246888195167027
-0.25279346434221106
0.19004733119445535
0.17090912519054996
-0.0048388305238081242
0.12146006063232398
-0.27260147679150126
0.017912889223162722
0.44573089976311742
-0.022609905881142863
0.18363073423451595
0.10513395623890966
0.0060512471466598969
0.32040692630126349
-0.022903698578471805
-0.24285412377927038
0.013321854379553535
-0.51839775881786443
-0.042529369391291719
-0.52636933555119481
0.0072049937793499047
0.21672702618443832
0.19204206887043396
-0.040673309397746854
-0.80031435370638004
-0.61997840604230037
-0.14870156896747036
-0.10803515454256514
0.15640782256143698
0.013810161615911504
0.051556950977501265
-0.67597652770899896
0.59326557421455017
0.06166944098911202
-0.18594932441112672
0.41400108874749048
-0.32952795165802173
0.10596235764680242
0.3003034456013553
0.26203136185187786
0.011179887965549119
-0.56260007184875738
0.19956244537529463
0.19764353946895946
-0.31364254085389121
-0.11470787227135595
0.05272121826003924
0.21784131648230401
-0.10125214689390068
-0.23710653107091831
-0.14489701591116907
-0.28136406146243681
0.14201653197477837
0.095440825404301169
0.41811217029508879
0.13804373736548425
-0.48286840019360533
0.049621152490374909
-0.52258118429365308
0.24906583659303888
0.10406851749083271
-0.035951012152486861
0.085570461101234147
-0.50702912996137717
-0.24950105383365559
-0.048231340519817367
0.2391942188823242
-0.09724610013112682
0.64538703944644782
-0.27122825967250791
-0.18028177369233186
-0.5989123670113915
0.25045445539485123
-0.11463323987613512
0.18328569888952306
0.35650530846700107
-0.26999340811943856
-0.13367169168506793
0.24927119966089545
-0.45705509616395129
0.034816620083166369
-0.35604894125582792
0.059335881107041626
-0.13370204594231855
0.30023965662075591
0.33877003549009471
0.30483572655630881
0.19181574352746647
-0.15239382887012448
-0.13381930562346353
0.15460616832350463
-0.33459748007818613
-0.093844743071589548
-0.024765246521584981
-0.61686331076063983
0.10305607849432813
0.42636896622387127
0.063607448827705831
0.028570967125423601
0.88389245689782159
0.053112477465958159
0.052442295998886217
-0.36319400977444988
-0.43356459158432509
-0.34661148130225439
-0.062898536063365179
0.21715380322776465
0.039851727744390365
0.22793738102634351
-0.79799367932141496
-0.13404176343795002
0.10018810158623341
-0.38301822118545464
-0.76111326819545788
-0.37035924842039514
-0.41214144250489676
0.006018231529357718
0.12188174734331571
0.53318210475328609
0.014298402703783301
-0.10413802438182714
-0.52708508832952317
0.46502952528063252
0.038287142310948159
0.1505091127620104
-0.030159400314213929
0.61279034538978072
-0.3774040492268485
-0.20534725518079272
0.082019612724015131
