0.16439064335897166
0.089283646752911158
-0.2522554117260003
0.38649856838663832
-0.44460940464907955
0.38415057482734971
0.49224016934717946
-0.15260546200272873
0.15671279977583868
0.19117273811324645
0.029855898103562529
-0.22195817097563286
-0.14838004298878146
0.47950089012457736
0.09009394133955087
-0.19706234463813388
-0.087052026459055298
0.19099106788330777
-0.077613617816565922
-0.060647307642828462
-0.22599644344588304
-0.67889401637142621
-0.18198181263499849
-0.75778605808407906
0.19040059296043463
-0.39096321227814551
-0.20196230036392757
0.017769489439770029
-0.2120007490750864
0.3878545808655805
-0.057056457192471849
0.17773577459353071
0.0022705527273125985
0.28784086566606537
0.087591814018886133
0.24278316097443645
-0.011722510336024347
0.20428544167283352
-0.11832665130280688
0.3019077168384483
0.2261232018825774
0.035210241760444773
0.65281005811278281
-0.2114694178348053
0.013298906264854353
0.38405473516708616
0.0021302408673747331
-0.23635322092405375
0.089443424554810066
0.15113625674263961
-0.15009337177666815
0.58423352713116494
0.022570714517658026
-0.63442373251119621
0.46644159105480276
0.11960694470150841
0.002140178043011727
-0.2329762488063028
0.1595683494371648
-0.3424602047938855
-0.6131645030232783
0.28182795407624994
-0.40828258437044496
0.53510913296346174
0.24619294791422403
-0.2590012771554186
-0.25251244692522468
-0.15277578598707994
0.091738575075286419
0.49481596930399124
0.12377288662014561
-0.080176755296092944
-0.17118016376295819
0.48808931320886262
0.11604998960820991
0.10293252674184947
-0.4156705033907368
-0.0019934816651109438
-0.19674018197505
-0.27622975918275811
-0.14859522342465686
0.541165975345831
0.16341404435093412
0.46281547750089103
0.35844888961931703
0.39189601522999329
0.21311875707419914
0.11907535011828041
-0.38259618529951056
-0.12642943304048995
0.27761216347337403
0.11776422013554026
0.67830928373790389
-0.19357936208136259
-0.51852916669062066
-0.56333460334408025
-0.65099823597211948
0.19125171975287591
0.12808299279275065
0.5540723387088996
-0.16859587130855419
-0.16557297343659663
0.19210306734708951
-0.15697916641481524
-0.01880411313288647
0.23688338755347882
0.26678827665867261
-0.12898712163334722
-0.041882242606999194
0.34457940014057281
0.19262281448087698
-0.52239767183523611
-0.08220049142953173
0.030897253427486407
-0.22061930115651809
0.26711624537535794
-0.32025525648132991
-0.31389858225856365
-0.23257921350145555
-0.26171215530998632
-0.25566344196126317
0.3272440251746575
0.16992402958414943
-0.13075404034348459
-0.1585417116853893
0.070015109412125409
0.38785329702576904
-0.2657472713648904
0.33388536404048569
-0.14956297301234284
-0.15236646094231079
-0.17802610686881185
-0.10537736215734939
0.23871803333703645
0.062898395909592508
-0.59621785476085087
0.050848756364478172
0.19545225927163967
0.14558854742345095
-0.010910423287930815
-0.14221082810777355
-0.060445580314281641
0.25558954576402548
0.15562415455692408
-0.36236453467600616
0.32313618279701495
0.062967607890287047
0.01256870692026492
-0.35116470968478786
0.094566243459596133
0.24181177631708542
0.60495586385877109
0.12935703347278218
-0.51506287533502038
-0.12171011335990901
0.20381304258726771
0.50187757379104792
-0.097941455926513266
0.35835184238318873
0.32359441862255234
0.10975702137303013
-0.19777960639500805
-0.13155152202603476
0.422095108070076
-0.069924487519539349
-0.49730241293755695
-0.16008079607486456
0.034928785338455469
-0.08680688287647427
-0.056315066026481959
0.0052161050375196336
-0.5469044539733714
0.38433380427749703
0.53322272662232062
0.1433213370630271
0.3914437180238326
-0.4101141019270137
-0.45473239343690958
-0.46884520505850763
0.29497592935360983
-0.36503354491954015
0.10326769121036529
0.18298850740744657
0.27376742849151947
-0.41918988701835386
-0.012950100053942664
0.45102057843397397
-0.22687931678318576
-0.13185343922806433
0.23374394573053331
0.1705651669530398
0.19376094964417032
-0.21643643509266119
-0.76656934392041332
-0.12004910662821307
-0.32618008846564511
0.10838339149740206
-0.15579660716047164
0.37372271226809217
0.28508280471580005
0.12364781192718714
0.20098154723891609
-0.82565296113321163
0.4352068006423922
0.0081400354662885394
0.19993549195568766
-0.31531228809767514
0.32148209905917252
-0.20188858915667429
-0.26437898359913964
-0.63685151762735581
-0.060758909610892815
-0.052263803658060014
-0.089631817229782113
-0.29306390987537295
0.10198339275746922
-0.35702737580197086
0.12411691559029205
-0.32261981047040245
-0.33926543033599554
0.29997801398099327
0.30028780982383252
-0.18426517974865408
-0.075442897847356263
-0.090271173057216714
-0.51274921303949095
-0.049064573077569812
-0.013697640848995919
-0.3996416603234576
0.21865088686184334
0.019704438927434398
