-0.19481106516244256
0.13065849018726913
-0.1683563982408568
-0.039222719375027304
0.023998446812716914
0.39681399094471914
-0.08258117786410607
-0.46608459429866672
-0.086726158670871495
-0.14657034748346542
-0.094434257329556376
0.22698922673041211
0.22523784922657353
0.05365583995969294
-0.23894885695743528
-0.10438329800889948
-0.080168339960365056
0.67719408525208247
0.0081345047616982608
-0.1074219471327395
0.096195553098013545
-0.52565415404153171
-0.14331969143370935
-0.019160987499295994
-0.097892963197803773
0.03817547041472618
-0.25176009446482694
0.077023411096682232
-0.096108268039611158
0.05677481682594511
-0.1553374129583957
-0.12354102291054687
-0.77697840222997627
0.79246788588904848
0.69641410076988519
0.07221570190004041
-0.19071700851275236
0.096658073954545093
0.33591423607894078
-0.42000701678716168
0.044359930217568837
0.13774717961420505
0.068227470038203342
0.094876920415884997
0.33090124546399546
-0.45348212650714775
0.17458645205540849
-0.10387131206679195
0.22322343936963787
-0.39063323779647152
-0.34986629676161218
-0.12602451707852644
-0.18123374473207784
-0.080616330225187341
-0.37001460271830411
0.24906399442328792
-0.14556641602611728
-0.21803418200641181
0.60766336553414879
0.17395948383291276
0.046730258847251752
0.20112790930792077
0.47820108930137212
0.49823896548999669
0.15872171677994298
0.038121206989818378
-0.43311019002391349
0.039641644932807987
0.98507186451899775
-0.37999468961330296
0.077889956540700758
0.18526455984974599
-0.066813507180610757
0.43489556725337158
-0.0075911878220958602
-0.23612481425014112
-0.13754395043260545
-0.099584262492655687
-0.0039531640871880687
-0.1208142282704643
-0.50367746670232838
-0.36379164419676341
-0.31359539191757135
-0.094856010105954694
-0.67958410557677229
-0.20960410114704087
-0.03082800323930145
0.31870876732615738
0.31060817561808496
-0.2121117095125469
-0.49918288191053917
0.034818545198349933
0.067104872484377492
-0.060748727936316242
0.12835309895542615
0.24147166945399604
-0.007164480076994599
-0.58161311795026704
0.048747014992692898
0.33917815006121843
0.15623117786444718
-0.0079320717143871299
0.071481966556460219
-0.66782828582324205
-0.15815349740887114
-0.2806949666863115
-0.13801510727186531
0.065722691988499532
0.3387412209101614
0.084345659629816452
-0.43032437561104298
-0.1673668565903709
0.36282935437604347
-0.22524897638096206
0.4715050189757487
0.29717892935317469
-0.32943882414227948
0.36128729850664565
0.32997290733326173
-0.13344266139975969
-0.095633724793630137
0.24317731551890914
0.10443299995425255
-0.46587276832324287
0.19560253697228161
0.18004867373195768
0.95953168029135416
0.16226025022102974
-0.26451294100652817
-0.11674523629622259
-0.20452429824516768
-0.027030298945768968
-0.044984431122271545
0.1361877302634501
-0.16624770064549055
-0.22979979133027384
0.42454594783543681
-0.154386427786117
-0.27009468627057448
-0.10104364513365127
0.19507475524906964
-0.084477098631799988
0.49612123750133846
0.025082435504704886
-0.22917253228087014
0.16665489436497341
0.15195070103729447
0.60246139787148079
0.2763035264297411
0.41543419620753186
-0.37206887614080292
-0.24878857614645064
-0.33378677656862588
0.1514043966994077
0.020710990020244791
-0.020128285101952744
-0.15837433994481909
0.12674351135827047
-0.37245993053281506
-0.22444896863691993
0.14802644411101093
0.039330457442181138
-0.28510625105639109
-0.40126663322271461
-0.092254409381537061
0.29063510506783857
-0.026723118155380428
-0.47559563915823694
-0.023806943796449886
-0.21730114529578481
-0.34485475811249627
0.20463392847050382
-0.0015286818390585696
-0.14423168741987807
-0.27604480551068539
0.026791439104925596
0.18468434032396858
-0.43189936977387833
-0.14122374918411562
0.036517557321686267
0.29442713401131126
0.1320373097677337
0.40467014656670564
-0.022689087948385651
-0.12785111789624878
-0.15038392562008687
-0.16333621155137115
0.35791159729354793
0.38543779096608749
-0.04395774849078174
0.0074018167291080381
-0.23870707965229329
-0.11351829896751284
0.11751793008023283
-0.17571273614858357
-0.056531313952358178
0.066260761953923386
0.56745306818970342
-0.60723821928410637
-0.24040164258436827
0.3584056221860093
-0.26731910580083507
0.18939818213151929
-0.18077284799728843
-0.17940499761660927
-0.44913843810167237
0.15700207479707451
-0.0041516249364004403
-0.61663619475399745
0.22814316226908074
0.0066177998629989481
0.18377231418423018
0.091050890985755431
0.10273165213666031
0.22432615281963747
-0.097100827762489697
-0.051911346658629696
0.15709737328005144
0.023888263278284742
0.29139343123514888
0.06706061570278099
0.14164388347667251
0.070128891330706086
0.035447843787169316
-0.18742349247934809
-0.094012380078685107
0.19134301753737282
-0.19742660623190808
-0.13432794742142967
0.091976443696044213
0.061300600898545776
0.28783662049165171
-0.88626517677769723
-0.07543001677749811
0.40740945636924442
0.19080441443861074
-0.29536683622222953
-0.18068931814466446
0.50830619741000382
-0.1995126380975783
0.22082736798265071
0.12142784643029211
0.19178901017151997
-0.21481635973592991
-0.11922480252042914
0.011423553571606454
0.12899933733671187
0.16028515337638438
0.036239840396380035
-0.11240279115903828
-0.057860490557590537
-0.22667315430807752
0.036667969495228901
-0.24414318521115996
-0.16150973097865065
-0.0061663545082108343
0.47514321052240516
0.022662701723265198
0.0066056404552440884
0.075681212653816277
-0.32338835102200597
0.1295048687530625
0.20229786250239612
0.47561934460935179
-0.018183419277957177
0.18170788646124303
0.29849748655848557
0.38899887204556238
-0.043454073582948442
0.11752579844854893
0.15561098235243553
-0.17313194706739982
0.35082940215943748
-0.023697146289958369
-0.022899319983270598
0.76118150851247701
0.06515458778576684
-0.61065543241899367
-0.025661998468867079
-0.059675070791874944
-0.015942770852506279
0.13283092489224546
0.11326756213834833
-0.63150002620512824
0.10780373196533971
0.13602864917962462
0.26338152326009534
0.068384847744174165
0.067885581076175733
-0.085506558818192191
0.28560579556370652
0.17645726021497277
0.031559065974912204
-0.1808820749709748
0.17990921786126635
-0.32740492508468871
0.12035421143944555
-0.12851784756036366
0.015511213639556496
0.29437806377180881
-0.046314541392548925
-0.36846293872249281
0.044506925526227696
-0.072571233865428617
0.56502652954729238
0.24926977305035281
0.21975867712234709
-0.06792766043843905
0.37394956670509155
-0.088825923795299952
-0.18766740956433919
-0.066808572773906255
-0.30969181020131303
-0.63518083032942985
-0.084494834649928879
-0.067201170600114407
-0.24127633893641387
-0.36467188525425731
-0.12003011567657669
0.069437845892362945
-0.28818269593710955
-0.22981630968972655
0.022837217027271352
-0.14182070284264023
-0.13738247523685995
