0.19017655663317037
-0.071412721376244534
0.24793693680732273
-0.015779161274753328
-0.44272783117905951
-0.12326996203678717
0.35170551350907497
-0.37065991373863533
0.40188447814574674
0.45346813958535548
-0.19872109139377975
0.81627354933854901
-0.51960202622499718
0.47098011657425626
0.23019572730307292
-0.40010306257362432
0.61302862483868714
-0.46164609673677665
-0.48117937029202357
-0.10388972913727276
-0.48671100609903001
0.040368408851902189
-0.023277568175980468
-0.18307637107494346
-0.0071326984811419603
0.30562961539332689
0.064521667533232852
-0.084523886306441559
-0.18700184188880292
0.53089542906740872
0.03522795399387349
-0.1673699288540007
0.0026883438737038863
0.17277999985076439
-0.24601735477734782
-0.019964916029830419
-0.012704666487518041
-0.0004641258460001687
-0.29835861767647442
0.014358618990616797
0.40234634548216325
0.03043128168414657
-0.132436354056191
0.14413242159623429
0.11269452319419802
-0.0055413903275501834
-0.15231426647262628
-0.40497132972428646
-0.036586217264921832
-0.23401660494724852
0.029991128380610299
0.092605767681458145
0.041067852120914468
0.098200186143564752
0.018654792808158762
-0.68906540316726717
0.60722706821200312
-0.035585363531192175
0.10694938553382441
-0.3510865471080431
0.077397438951470832
-0.20264618915949101
-0.2592470888685261
-0.21109567341340804
0.12093637093215413
0.30763676255972822
-0.014858778845892026
-0.058288757153677373
-0.30738929575536866
0.18843820210469639
0.21319559801661256
-0.024711720506425967
0.0058566882757118263
-0.080812371897530447
-0.17018570552641332
-0.16059880451369768
-0.20487706265917868
-0.053566972134001738
-0.071073378976553664
-0.14300044190745867
0.26964571814502525
-0.0010334815001800178
-0.25204231684087297
0.060812065901603062
-0.18942508781517625
0.0015494355634343912
-0.094441560826602239
-0.18906942739658986
-0.21610496539607871
-0.67758826666029726
-0.22649469186106402
0.047128249050133686
-0.16392219953205239
0.33787102779131645
-0.33234981210359693
-0.042423693504640356
-0.38141156145344535
0.084777276279694586
0.12011172727990516
-0.72766767287048373
0.13578747597332955
-0.035921117112423913
-0.1009408213517215
0.052082475954194879
0.52280315177312586
-0.27398779310344323
-0.12725205267467407
-0.29283451933174992
0.2804832329658104
0.37450806390048175
0.053064439878277414
0.25786490690360409
-0.31548273484943617
0.0068369439320595006
-0.098356226684012532
0.051915234310496404
0.38858092081889423
0.41118897628020934
0.32771247380727392
0.025440714248197886
-0.043079450740943145
0.37526369958973721
0.12812822837569957
0.45087387647495497
-0.25380339354981352
0.65221600370905097
-0.63677327375586501
-0.042520745386017904
-0.06153092379290561
0.053341927741278092
-0.35559199303727851
0.38890432257580348
-0.31090151102807939
-0.051750568907266536
0.41105719663835316
-0.015492923893901951
0.10701593768367498
0.34438770731895968
-0.54069807179658136
-0.18488863922636581
-0.3675361001957031
0.20042108544209966
0.761006601398445
0.19549316302034903
0.10755215541886312
0.050846066164603333
-0.14734690364355071
0.25646252697688965
-0.68368533290722877
0.31246775479409511
0.052861273110195561
-0.1129061550323029
0.5930515176508433
-0.084948833434371374
0.026963220201748267
-0.083404412204055131
0.29024289880299869
0.13590299389603566
-0.26140372405331364
0.33238655191635647
-0.055608282575020866
-0.23667166691096403
0.15035811995504497
-0.047635252719180711
-0.18256445520997064
-0.13426681110622551
0.35582106775601219
0.21733065070389374
0.11201049746285273
0.22714523742344372
-0.010755534195892199
0.10091211355404134
-0.29287081226935319
-0.18876312714350948
0.35718944081752457
0.56438898701794959
-0.61774330313666881
0.20882340979125935
0.42091652114602018
0.076221456267436788
-0.15545524848239622
0.045277498347776016
-0.21568742727601775
-0.3581212526308305
-0.13505777172812167
-0.03123973183409906
0.29550262600828819
0.084588339520292904
0.30712994543353733
0.18732528849285551
0.50977287011392747
-0.10294818401024858
-0.0066637416371836599
0.25025982377906492
0.35368362693777494
-0.24970740383317752
-0.0049073344345340504
0.14460059925587107
-0.09040194942553359
-0.036436863140445738
0.32183938819841801
-0.66295092397009625
0.43231238811630018
0.23836791748815142
-0.059463435904138141
-0.56291798917635993
0.28219225944594656
0.10247175570734178
-0.33915108150084045
-0.41698296273072127
-0.68091636841594061
-0.078969452986848709
0.082124502244888486
0.58093946027517585
0.2907402310037458
0.38462930775746801
-0.16763111045906093
0.05706503308424897
0.072477563462996678
0.22806842278594794
0.21400323399919216
-0.64312087554715702
-0.056261253878582336
0.057221304485317391
-0.25345844691074565
-0.084250402034793198
0.38244167092041192
0.20111648863829024
-0.18623432197815648
0.13159578817488837
-0.05930921832434452
0.043136228501910685
-0.28393779710423545
-0.092884081585941622
0.30081830711782087
-0.19073291430247105
0.35242572300925068
0.018657285403686025
-0.040471285260862425
0.51939790067742353
0.16559655651886054
0.16978159880695207
0.19413584385431884
0.16309321944375652
-0.012829846872149359
0.075834815434207239
-0.3738066671340321
-0.032078382372105863
-0.24827339675967677
-0.36859024500968351
-0.58619707036587398
0.021703751068593735
-0.091557369405614805
-0.086064753886415546
0.31571872727812905
-0.36684950701814206
0.055841191287258105
-0.038482313655593459
0.1052874652221544
-0.39551131604402834
-0.0067092627082015466
0.17675273552158047
0.18332177777808256
0.28380593950747285
0.032359239548567655
0.21245523213935019
0.16587520103714648
-0.26351693987321184
0.2592041772553243
0.056797183582182095
0.13612460706798812
0.12262962014320929
0.00018888045016872504
0.40012118532157309
0.34132296523522565
-0.01482883108410054
-0.058435668173701369
-0.17661508462366998
-0.24031988867624238
0.4211306981247388
-0.052277958515355535
-0.42080588822458487
0.65082456722266935
0.36464461970131667
-0.47697467049131753
0.29074738982545401
-0.095931050143639771
0.27859312317838103
-0.089452842606605534
-0.32694518991343557
-0.12366872989559799
0.02806517093367519
0.14669149697687317
0.10122291973950039
0.45175632922099535
-0.22852571723704532
-0.038225771588855956
-0.15975315818254637
0.17584887339312263
0.30076169793324192
