0.2877865962776287
0.2226612096405686
-0.34137819834398375
0.24081004620684593
0.63514889491825899
-0.11934071701054362
-0.28156023451322143
-0.26970877521826603
-0.061549639303798795
0.3867300276894528
-0.15613464534882696
0.13634566681573873
-0.17459073510115683
0.40741181619178846
0.38847010028462486
-0.21937126097224219
-0.20281592166810306
-0.084340507334449685
0.34260747056852736
0.014894240278658369
-0.11752485292693012
0.28313949020164286
-0.015281910349529419
-0.3932655206437396
0.03703766439475456
0.13838638296849864
0.219917227052848
-0.35851667258392034
0.020711355687443214
0.68212672470375235
-0.23977985077914082
-0.0017859400900993036
-0.29728948114475889
-0.13846473424316402
-0.28801672538607098
-0.056039062744101226
0.35318391317939446
-0.36676636258841477
-0.53164145933011808
0.077884778277631114
0.39753912090513038
0.13327119162400786
0.045537562130473754
0.29182938517771695
0.40796824866605502
0.69118691005518673
-0.31741445929643541
0.19166035170310738
0.38972678926165927
-0.20191255396113394
-0.10932576004518461
-0.42444552974624589
-0.32622174548206029
-0.19194401424529145
-0.083912777102877825
-0.080664872703922905
-0.12726106816164229
-0.10872192393598573
-0.40194553928373328
0.22396957369833737
0.22506476493685793
0.29496261951469488
0.69723030611666104
-0.05284073514368854
0.06863873850071546
-0.14803760106056651
-0.21693615856083678
-0.27473187795321524
0.091518365791830994
-0.039752072315438175
0.10827390367700049
-0.32951105468622388
-0.077078639556215675
0.065925785319410346
0.21956410367981599
0.03779824911146297
0.15833253205006473
-0.071566050715499568
-0.014727865441203143
0.52988867143140062
-0.28364213675047395
-0.26275549821942606
0.56214448182671561
-0.1545605830703313
-0.2889518202862173
-0.52265801980744608
-0.094611397726710345
0.057040136771226414
-0.17252309401851715
0.28128867253954909
0.21983232543557002
0.15508559628442378
0.15217234410645225
0.32131745602979084
-0.038399801850075285
0.6572593248483225
-0.068626575849857693
-0.081116268711969863
0.088801573396034006
-0.14913936785735313
-0.21012048901691893
0.13755075405783798
-0.46633992389770179
-0.5919160570027725
0.63794577001356612
0.65364877445515479
0.044700783873741358
0.080435643322754741
-0.31650937090076953
-0.42278439152417885
0.17503079919949591
0.13974913426219174
0.13642137368326063
0.63376476522725289
-0.70947088058655383
0.1291513265696605
0.037381537045330607
-0.21031191609890784
-0.20514508889044303
-0.29707172624483091
-0.15536109088939917
-0.11495191772912093
-0.48440582777084695
-0.30564967951994576
0.11955075979742076
0.13609593963347866
-0.23460755458753063
-0.0983804293074
-0.14308822583366132
0.086481565340957647
0.65221278155370632
0.55746803085355678
-0.36165731700389697
-0.30105930696325467
-0.82957730561804632
-0.46221724766215644
0.11144939942200095
0.16663208003545801
-0.48716662528452709
0.15753307279715428
0.24311498330511902
-0.098765612431463881
-0.066622088185989289
0.1501280699124514
-0.66382563217097423
-0.385618289986211
-0.42407582351584278
-0.27635922131284341
0.097609491738902321
-0.13687545840623952
0.027249040882142094
0.3211625291210094
0.20646880663549474
-0.1818851627098928
-0.18647897337832489
-0.23158125156098461
0.2484824319210861
-0.10659985417555533
-0.0078540259290007033
-0.046313419659079327
0.30863874595953761
0.15509587070351491
0.38784541695323216
0.060192047927293116
0.47054470205144455
-0.28185706869714383
-0.65555891836232316
-0.64511122070974658
0.39898140726616665
0.45095701337930238
0.11866134159527093
0.091383979222194239
-0.50119953897647318
-0.15032020894179177
0.49063851482600179
0.2813184480878303
-0.5740582344139219
-0.19688931573063861
0.29544279746123825
-0.058528958517587763
-0.22104610187192686
-0.12246873569533365
0.1208052675836179
0.23417866848428678
0.31119893794086939
-0.10919883330179099
0.081695542812032493
0.44647499297645676
0.22733458459094211
0.17178337976253746
0.1147426920204085
0.03224763015624852
0.40428391012748244
-0.25300941125039944
0.14594065700956932
-0.020654576062182017
-0.10612488506233024
0.021565167107514837
-0.18029651827457713
0.25198042263859838
-0.13449356825362319
0.052465823535998275
-0.20015634422892967
-0.28606448242273347
-0.011638979732744826
0.38927923575757645
-0.44271541200515585
-0.064601355767286692
-0.038122371913321719
0.2121483724947163
0.014673299371261817
-0.1159891269576324
-0.014846703271097552
0.23186688625764085
-0.54206990695602142
-0.13286267381495534
-0.30939933460303604
-0.39710633474006968
-0.18400710360337325
0.37899732763396088
0.053224524622104426
-0.00010690938126839614
0.072252706326279031
0.29024257636801737
-0.2786962508286045
-0.45750093121159086
0.17800553638002847
0.26385522615477547
0.10886266917399316
0.10645268537192576
-0.15384146856932746
-0.010022712643890385
-0.42808155132602876
-0.026597347938500129
-0.16423288733245572
0.09221193868494465
-0.20189153842068266
-0.41529239462685308
0.14410595162210002
-0.29651029431716436
0.15117935345528558
-0.32185119615399316
-0.14749470217008609
-0.072156586021987823
0.29028815713646067
0.26460208507223165
0.013740991753689076
-0.24047615144745874
-0.22322717687946683
-0.25103030901108564
-0.1189336634439966
0.5150620233034332
0.29980417181003011
