-0.03657237871716236
0.095173302012040772
-0.76581274488310236
0.77909886361205261
-0.48900939017438455
0.042620033624773949
-0.20808149870061043
-0.5827293171813045
-0.72653658221737183
0.19248983274783726
0.22241957551303684
0.42864169916522454
-0.0029618629942602431
-0.020697988922114077
0.64722989686054488
-0.43570651730463988
0.57901724661104126
0.46997350662677861
0.3681203536022436
-0.86940233609260653
0.37751131885342765
0.42608778349451149
-0.14658515263767666
0.19783374589522462
0.25665758123918397
0.21731961566638155
0.030269552941961379
0.041242334178532278
-0.23357510350573127
0.27469961038176621
0.21289638789681403
0.334726441186811
0.60543398266762249
-0.39773036356389235
-0.051151895890773291
-0.26139793414796048
0.082507312408675565
0.48825099265160699
0.96388279095698959
0.38018485082290804
0.058173852387859833
-0.136353839547839
-0.31791784986305222
-0.41607706295602109
0.71266055298029096
0.19957900766176376
0.10292825932086196
0.30051932599354031
-0.87722273094535486
-0.078922880418168501
-0.61998899321709178
-0.24110735702048031
-0.22539425816149833
-0.82340240727172198
-0.057784539833623305
0.75439696110775567
0.034606328544917547
-0.023950534842630294
0.21699137883766922
0.074785492261828221
0.044276783666945679
0.14518111261591718
0.16747256149946793
0.10888941937994176
-0.024380481968875673
0.18149261166422287
