-0.1771857005017739
0.47561355839726466
0.1977611234451111
0.0039241008595927145
0.15615116722676955
0.43607347570475058
-0.03304329126381178
-0.0074180685201619533
0.0789724836335257
-0.13394213335293598
0.4832142281552862
0.62933826094689715
0.3436277827992788
0.45697771192766545
0.15146489094615498
0.11636586877832554
-0.58046147480015731
-0.36656230288576236
0.2944958716651897
0.024170863669776839
-0.5380418309118008
-0.20112580885405612
-0.034865794616608631
0.60869019276469227
-0.037392003830676736
1.0502599452132371
-0.024405769451444032
-0.43629192589052146
0.036987360867005249
-0.63607995440920817
-0.36109235710215609
-0.66030613137169492
-0.69101357738080293
0.11498049469395634
0.32911825045312693
-0.41831569934955898
0.19208495177123075
0.24307454473249249
0.39555975029044904
-0.095580439077526919
-0.2698720247123178
0.41288719424996606
0.12471186611191512
-0.21347622142258624
-0.11593140853355932
0.27525703051303041
0.34193292719629537
0.046289922437542042
-0.14205840594893551
0.56681152699724202
-0.42325363169625047
0.3470061051620098
-0.38503328552753652
-0.31302322595684978
0.14860374057042994
-0.20001364816938358
-0.45108185470838763
-0.25944642565034098
-0.48287831650641494
-0.46477534657825775
0.10157945040337867
-0.055785863990963878
-0.14757393110409983
-0.19192968912461122
0.36876632549693356
0.51054607671850372
0.5559368390884275
-0.042290061440362264
0.36417146425556668
0.31355247064361158
-0.76859119467787884
0.15390817934469664
-0.24713665769764892
0.48242341289177137
-0.098648450653794434
0.31135300024596657
0.021938682400551794
-0.27409355598304974
-0.05781891025473776
-0.52757141247854711
0.080572469873059618
0.21441631229354813
0.27236591341062044
0.20928019418144991
-0.71211318923631428
-0.060939437978042271
-0.05753227669314203
1.0025352700848009
-0.34876942859287852
0.297780481754018
-0.20633804345406248
-0.10402736075568195
-0.08995054809552043
0.61556584476895404
-0.22672803877486869
0.29427530487860315
0.1903507608570405
0.50616489337153958
0.043667148092473101
-0.28028037708880982
-0.10756068014719164
-0.051307127584551977
-0.62756916183040001
-0.13399533934289595
0.25467615957873807
