-0.19675231425482645
0.38604636194487718
0.2393927022014769
-0.49590258022987255
0.41311207573065378
-0.60518745126874407
-0.4580341964441178
0.54374535759496845
-0.083011792737554491
0.18640394651058542
0.2698318388880081
-0.068619129115734687
0.12575331491908268
0.60053597071503839
-0.41395901719995759
0.34023606521374627
0.039738472555106374
0.13378334949237436
-0.067758036488487661
-0.10632289973237036
0.64610927839665988
-0.11656474083421821
0.20777893864465716
0.47825039734346397
0.23493741690196848
-0.12243170525579807
-0.066592592882176421
0.36906825266261617
-0.43533357974338477
-0.40442204399118348
0.12698472744836214
0.47183335414683275
-0.3302433604757522
0.81811947375784322
-0.12169165960994079
0.19138091634398838
0.044831355648902546
0.030671977629060578
-0.39092855439712465
0.004313135630060653
-0.10739485639197664
-0.093094973090941807
-0.4977054596124893
-0.35006289850485761
0.37744043111740122
0.35687691958544632
0.046162241254730577
-0.10914345127659397
0.30815826541774566
-0.22727996607352091
0.083530948882213518
0.47758711020386557
-0.53297167498154618
-0.055148268813378351
0.25440581992735861
-0.11753403782815414
-0.31941131387865002
0.029218700740223091
-0.16612904588969421
-0.17488996406728471
-0.09797312944797068
0.085626759477218234
-0.07736351018666987
-0.21455721096165969
-0.17663450714992618
0.13399493110726851
-0.18464756194766124
0.48276183919485804
0.16104082713846712
0.061661804496193809
0.082813224709058109
0.12070450545222984
-0.47394221252454605
-0.18647801777402737
-0.10597804050147143
0.27605078026371238
-0.20804402659211058
0.064736518366945703
0.074376539935238184
-0.3236509285672407
0.3814511018954212
0.1380314997776258
0.021329828617234505
0.21887407677953774
-0.43126761889448062
-0.22737023518309388
0.10037024714888577
-0.17827676579366614
-0.081375096568159763
0.1235633631847905
0.1998345275649
-0.27363209488982787
-0.16807877100813481
0.31172920391734887
0.33951828363899245
-0.039059250448901427
0.18137738499791387
0.36907346565862414
0.034878516518213928
0.48497514064066577
-0.32099301739204539
-0.50063510535753253
-0.35770419836503109
0.052826035312717609
-0.10602427073859301
-0.29182519664106743
0.098598286958537118
-0.075008920812415517
0.26786141710391953
-0.33726794290309531
-0.074223550924180176
-0.29103625366734842
-0.010146266420877697
-0.023884215940556747
0.051671718691439841
-0.40242716183189237
-0.28280329446229668
-0.051385352721735555
-0.041146146771271146
0.1092987612905057
-0.024159204724107746
-0.26433466183462018
-0.087091100663661811
0.4101808008300028
-0.079943191236125352
-0.056294513189823966
-0.4103514638248798
-0.16672211562013856
-0.1268259126313023
0.69667501814753086
0.0079812981825009306
-0.031940408699024224
0.41862762129707071
-0.097612671562087597
-0.0096730061409200097
-0.12803126466717663
-0.06988284688613168
0.42455209248942316
-0.102537447928803
0.082292817247739861
-0.11580663794285724
-0.0064190887865572047
0.30565217077483453
-0.30058265762184028
0.31824722518222243
0.028733717933137896
0.20948910339771246
-0.28029205500202375
-0.65425045533903203
0.1080217885371942
0.12955515204055923
-0.56829853531687291
-0.65640879138317643
0.27158107377750995
-0.017150559543889804
0.2965412850120866
0.25785446820768404
-0.23802116958444466
0.16501340978819576
-0.29259382568540332
0.015998252767764874
-0.29128036526963896
-0.13197103031659524
-0.3330263498411542
0.074599568288481702
0.12869244040178765
0.44527331558146366
-0.1087968620895116
0.12160037855620827
0.31418101034739276
-0.4194156947570748
-0.56927646216042649
-0.2614960354945367
0.0052547575543299167
-0.29224425579479757
0.0044012771403685218
-0.059515696258992473
-0.036748262661720953
0.049155499980856762
-0.6968804975211218
0.49569182886065744
0.10569055552276196
0.71881151222030848
0.011204916379723508
0.58966432127299917
0.21077548521
-0.028300041770267185
0.11081744403143833
-0.17302752999505236
-0.2655125138054073
0.27850073686353077
-0.45721466312987563
-0.020757433541480502
-0.085599772077697533
0.0073795933233368931
0.19709257159927265
-0.038293137627569293
0.16608898147195705
0.30702167773470923
-0.35238603545815816
-0.3163340234089439
0.33112504897305511
0.25777609135288115
0.037415761357667103
0.067973407723581153
-0.2469388996702517
0.10483490611129617
0.3988201544462226
-0.42170601894068316
0.11968147235239375
-0.11614531340480953
0.34451790948027755
-0.29194699966704174
-0.32820761456232372
-0.16460521466804121
-0.2769904675532498
0.145004679297567
-0.097163081094674017
0.20164614934949898
-0.050204288727891837
0.26446570438042222
-0.091695112683192567
-0.24436914414854316
0.078746484404789055
0.057557439005558694
0.40118708394001418
-0.44509383721887352
-0.26715137300921099
-0.3339315914000559
0.18583147535014349
-0.0052598733085397172
0.026974954892062229
-0.12393393656596936
0.31202828823446238
0.42285905915921462
-0.23215582649857686
0.42055417040172788
-0.38635506455183
0.49316101843633442
0.23673984739960116
0.39896682988622101
0.051462239913287147
0.32023054389355032
0.10814450593957944
0.15294478765512221
-0.09038266336625618
0.38240328317580335
0.080427525029252253
-0.42921563885082842
0.4840858831671277
-0.59420336185626432
0.50849915137381474
-0.30190624934460958
0.11227266706282699
0.10258642965635961
-0.2707234676395805
-0.45541973796329227
0.39830929122643177
-0.37137335506992403
-0.13265261096021996
-0.30935294397558122
-0.10348209973419319
0.014252156295570986
-0.33667601220569709
0.45946290772082088
0.62865241351627399
-0.29146922718583829
0.057544799109452441
0.066223665080518607
-0.10315514715740771
-0.30062999322685979
-0.12991218344558972
-0.17021374238879319
-0.094919467022942627
0.17478419034661649
-0.24560526426407397
