-0.22339427759018643
0.4372306267697873
0.1033244641187888
-0.14732711069123303
0.027684062122614404
-0.12845444255615657
-0.21952103603076947
0.10997009739667464
0.19622724854084925
0.27883354774493885
0.14400018910429441
1.0339237672701191
0.42216881589143102
-0.021709134963316407
0.16066821221335301
-0.43025735376543228
-0.12848082933945495
0.032169284499469722
0.56365623152567124
-0.84997229848074818
0.2475288500205457
0.26970756958157693
0.30247263749464215
-0.2851155754509071
-0.12591627566225511
-0.031611287052720607
-0.49563457448908071
-0.1983099936643366
0.16768484673136308
-0.075956368418728354
0.057526321345680843
0.12942843436523482
-0.19244262504629092
0.4051654716436956
-0.34330440641630855
-0.16920236451992246
0.16663471367391519
0.70883102602093939
-0.34035918099441248
-0.45681058581862211
-0.4424966748792345
-0.2394146664243379
-0.44643428394705609
0.039302834566586335
-0.28912398774383691
0.34746411976258912
-0.29319539143569945
-0.20039257375693145
-0.24592857168579002
-0.11927856314049982
-0.49241584784702308
0.014183503779312604
0.025408611505667918
-0.26109361650814056
0.3392283377735229
0.21919212322951859
-0.52487148298085629
0.11589924097949414
-0.76829803203264835
-0.52416687290947805
-0.41850504720266074
-0.076572760566807035
0.44534420982265499
-0.032597861385089147
-0.58199315927517781
-0.15289675366851882
-0.53001823413126115
0.4423664676226895
0.086508695188541693
-0.25085289451344422
-1.0898208900304471
0.13985679550276714
-0.42367623357934026
-0.3166628148232104
0.29523142180648049
0.067483904708100659
0.20619140171741188
0.91383057304181103
4.5664654905794263e-05
-0.41302453971864522
-0.32347674259753256
0.34669718080208489
0.40761629322327853
-0.12666898354522882
0.12120810526178066
0.37771374389042867
-0.60762057322483165
0.12785019204879089
-0.13982964958630387
0.43536484935472375
0.10015967709896323
0.30497298807566481
0.048325239779248512
0.016721919174276071
0.16938030993828654
-0.20161185877192553
0.16884222736874566
-0.40550210526973224
-0.27664244339219168
-0.0071412891251909005
0.13768141297376474
0.065918704444337228
0.54402679823424838
-0.12527498022174469
0.32190374188434262
0.5518496041106663
-0.029884754168713376
-0.044093508127800003
-0.4644582148381558
0.30340942480462163
-0.16461092459562457
-0.37419746009917704
-0.24796875817078254
-0.32730778013815864
0.086840509404789462
0.083187962121297088
0.19218162064699476
-0.1620224106753185
-0.7599922916213796
0.27975798184555273
