0.41885157679394075
-0.37591188473427189
-0.52457000740986515
0.18413348122277526
-0.42847638048621278
0.081781691182777366
-0.42668790971868964
-0.10721300497167202
0.44345125823191406
-0.38266863687405561
0.20382004705934592
0.24619547290444818
0.36955136420927426
-0.22302591264588156
-0.085551111984494527
0.48340879361483524
-0.58406501267933231
0.22710836383213556
-0.19372296994552929
0.50738346224969255
0.063710859780150952
-0.22461321929234887
0.062312387016164927
-0.11014443663698487
-0.4071436687832044
-0.03127509564342499
-0.28471523748835925
0.20862160418628015
-0.11765107699009948
-0.37163462290461047
0.42618719384922532
0.096983607749243625
0.82365479131949482
0.27041941510982548
0.25990328015493352
-0.021400947711545597
-0.621745179081863
0.027964164610048511
0.16491720871459009
-0.063017671523295293
0.18342058978263973
0.0073948342199233403
0.63084053704794951
0.27960229590412278
0.023195452635946523
0.12554287405628611
-0.15510476350198468
-0.34343240696813448
0.10001928113697418
0.11183129174750656
-0.64321000149820251
0.42605949797761816
0.0066608628706403125
0.11508493584947146
0.11627763692263356
-0.029743029764844418
-0.12541170349156341
0.06680006150680505
0.53922281086568791
0.097434798827424285
-0.701131503036175
-0.21711369412453818
0.28995294286608647
-0.1414152529904053
-0.17282204031696788
-0.14371673962304152
0.38774905977825591
-0.31928882114905749
-0.37908260240336439
-0.39276051172936899
-0.10705894805390968
0.22251916171370129
0.18146753536111257
-0.090883758763799963
-0.23003784840042618
-0.49357122508047135
-0.42652260766813505
0.046296456847804465
-0.12004351122820774
-0.50488201445578729
-0.35593478397809464
0.49231993184670192
0.2505155631586129
0.2079605055931418
-0.18544989908216131
-0.16071826993048602
-0.45159612105698999
-0.29788921524013434
0.25672379379865651
0.37875733263733241
0.18119637437083605
-0.065827720391352554
0.27788137852650446
0.25626368850382403
-0.020560325754258972
-0.42639605819329118
0.35280749137851347
-0.16426279061766827
0.10801431675082535
0.34908968291913384
-0.29217676368597084
0.26994687590271654
-0.28106703492881491
0.31308192572886356
-0.37099397414447749
0.089857731677073699
-0.68430223615061037
0.15360464591292414
0.45722918034980548
-0.0084577335437095499
0.24394483728310989
-0.035762670231859466
0.21083424407390794
-0.59024998243387361
0.29063352913544266
-0.25275259171952225
0.45750959517665218
0.15433929336612134
0.01847940974386458
0.18723164104345094
0.16827191576653777
0.66528191906289047
0.25072520377033491
-0.077496190199268955
0.54124382501494073
0.28517391712412504
0.14543573733570139
0.51063701693753538
-0.067789216046416481
0.3720414193452411
-0.13318700794779836
-0.61568351597533499
-0.28222329018545989
0.50937922995850904
0.26389341890161888
-0.0072578465478853691
0.16903419956210167
0.26950816815129769
0.64949177076618758
-0.41551467403991027
-0.33845331764573316
-0.57785217818510981
-0.057496638291006104
-0.1868254592857056
-0.17821139062853805
-0.10193229611194136
0.53560224345377327
-0.40490125654097059
-0.054043160366478618
0.66143376696313883
-0.27106644303109639
-0.34565474610048136
0.457577931706314
-0.21325111028152491
0.011839822860025717
0.27330642711507952
0.16496518651330258
-0.23109562687857391
-0.10863960659824204
-0.49621891261128248
0.26875570877524918
0.16083574808564227
0.44677554931917501
0.58897998776535143
0.069656439431342684
0.057805131154424594
0.059667309843858672
0.056546391584988746
-0.46649271905404871
0.0053279452093605659
-0.14693174454975655
