0.22218265194254383
0.26080106277935561
0.46143283821822623
0.10518267647339824
-0.11172293120556832
-0.75637292045272286
0.093270911317237762
0.40368230197538202
-0.25746315408941078
-0.15604015258953019
-0.15558152310604592
-0.32329449239251079
0.012780405629008717
0.52646040230082691
-0.38934562317856664
-0.19503335869704472
-0.1190276546385341
0.19857404871928577
-0.17387360093682958
0.21124557283626288
-0.35226056421288998
-0.012631742737040756
0.62625009287692224
0.27735538497090012
0.070181888488721061
-0.23471255862279883
-0.02765744154992485
0.43761314559749986
0.37752930848394378
0.1950753626449199
-0.24709920470737434
-0.29018187128407735
0.048998554032145834
0.10298538197592343
0.30697497776425936
0.51050408999689001
-0.67472611730752985
-0.32549177408487007
-0.3435348581660474
0.31992317392369002
-0.13226224079128501
0.19348271602421083
0.21703466732283544
0.37933066632813772
-0.2209718132257569
0.26946889527699425
0.25107475719522332
-0.36969630401316173
-0.20820079347429063
0.052226398978403026
0.018555348672101374
-0.013866746029505458
0.11823342128184723
-0.13938545095581809
0.24290375037813447
-0.20303102221964089
0.28060778739936132
-0.45593580160938973
0.50221029236126713
0.34968070412796887
0.06180017289397631
0.048217692012135896
-0.052925295115779918
-0.42905880240268568
0.54147316936385126
0.38948950242036862
0.82442518548806976
-0.24703726976831489
-0.42833187433464071
-0.11412408629833608
-0.24586416362826907
-0.074523185490202218
-0.20107372404306634
0.58137195613941006
-0.41354765752988398
-0.39017271133225101
0.29374940028148905
0.10043209545848567
-0.3455292842897531
-0.033983720497054781
0.493619175327702
0.28615530654259336
-0.40784358742503274
-0.28213776425132875
-0.17587314998024042
-0.046937908808263658
0.019655556876526755
0.33830400348117645
0.2547617602242207
0.071403421272984879
-0.55734608007596131
0.28100931887081665
0.36719656297430248
-0.36408202182353466
0.79481257924512394
-0.04022735712549691
0.49970301717992388
-0.19594840960970647
-0.43443570382686048
0.57504040545791146
-0.15272158390165705
0.041454542283055132
0.21970348062600442
0.41300224601514351
0.32180307771240924
0.46279227815285479
0.079208062419458727
-0.15345776233279793
0.23442637045430756
-0.17565396044127032
-0.13351006861435585
-0.21036824969599879
-0.29775398247520735
-0.33323446948122409
0.10470179771453754
0.094800857259090779
0.060373102133052713
-0.5355364225581134
-0.26822592609943091
0.23560941761128931
-0.48510367544370303
0.054013445878969134
0.20853148128575882
-0.20596513377970882
-0.38896271105976027
0.07539103274967994
0.14741840335573492
-0.29347033511150972
-0.36233851385644439
-0.26906135289483879
0.20314327704102381
0.45972796345991185
-0.33615260540123959
-0.18391401684833364
-0.014579491002953112
-0.019475254633429442
0.12201486957715221
-0.53245461711135089
0.11808327337125125
0.022950959621174816
0.50716757082769603
-0.44549644063635707
0.13887782639502153
-0.36842643162751859
-0.21993794399822675
0.23366372943463776
0.095190760602038627
-0.063766681378114837
-0.078864473483155367
-0.045271199439531819
0.48320955969361679
-0.32370248836448201
0.045055559292234336
-0.297146997421042
0.73166544466655448
0.38924596835614578
-0.41631101805057735
-0.3275507013850445
-0.018504653203064415
0.088818498743203189
0.14110126205176612
-0.25525531190793116
-0.23818935123915896
0.056388455391572355
-0.41450659237868426
-0.68389933400859249
0.36881824610103914
-0.30951113160255167
0.4683071958771225
-0.069380315782024637
-0.1261480465385395
0.20632362118423259
-0.14850369619599446
0.043756729299916586
-0.48586883035571843
-0.23029012047727701
0.44365265008941046
0.082650408456203112
0.52373287899794529
-0.25754689250984475
-0.018886283827770595
-0.49337501984988652
0.22072680011053669
0.44555317124797728
-0.21597412855483655
-0.12328149541991905
0.25012630955023241
-0.03610570280768842
-0.0014861333168119308
-0.34119092236705684
