-0.15525013689008929
-0.18372423542793123
0.04547749320134168
-0.027189806443965393
-0.33826365723222629
-0.1257353533611105
0.53040639316842142
0.023133045811501246
0.28309743242155977
-0.16389588065047547
0.43802207811592642
0.45106679310640302
-0.23635736613306435
-0.24357375206361559
-0.1941013143671258
0.10751607315037372
-0.24607220826038795
-0.15646577690001068
-0.30366963859373231
-0.11538124351906154
0.24799263144224973
0.49791037021086093
0.38447340904231214
0.30853921982240878
0.46524867715249985
0.042983820568513034
-0.45985491849915755
-0.48451974669765807
-0.081807452998967065
-0.08220645497530564
-0.38036894990350467
0.18396826527793866
0.35278441391995335
-0.42207903888200948
-0.16190753739923741
0.10334801347060711
0.12874154091745876
0.18094140066969697
-0.35436267885026074
0.19350803845866066
0.22758901004715143
-0.60007957275467738
0.049728546909405182
0.38537753639904909
-0.11345941278615899
0.1433580050316737
-0.51238376875996106
-0.18141552497813079
-0.16929263444561629
-0.32815551987909014
0.2843264957306238
-0.050764285296844319
0.33691015320266643
-0.096450826347368249
-0.072709513445296928
0.1030072658618304
-0.1583872310727005
-0.32672010231342813
0.49083649035689725
0.30318298722059361
0.088673910086042959
-0.14784355536838301
0.19010624160254444
0.27255477872358452
-0.12803649792474892
0.26240701809452943
-0.34564813608846734
-0.57813085757489402
-0.11436042291798884
-0.068816467112453567
0.087504333303138226
0.41787609695531447
0.063449447726560956
-0.11078034047582709
0.31551816282132389
0.10331391888603172
0.33651141198243939
-0.43233073438839542
-0.21886639116525025
0.024967313869886598
-0.096663126168393884
-0.098260349857214088
-0.21904979136149116
-0.5802541381748435
0.315325416219636
-0.10555564600775046
0.68032382880721887
-0.23244955482662222
-0.23847720941144593
-0.2317415847062621
-0.15394299301994011
-0.26899345493337562
-0.17115459147089104
-0.31678636993192438
-0.05109883825233117
0.16196043042854086
0.091281299303346539
-0.30752995913323766
0.13776492344421642
-0.084684957993281892
-0.22662514055369271
-0.061253378833435949
0.060223810628373543
-0.29607202246464831
0.18059920657536721
-0.1049881574237678
0.34214182661213893
-0.14590888582612702
-0.27366333559666678
-0.66322545631699026
-0.038396628206806678
0.25149573307384127
0.068182995110544903
-0.32631836811805032
0.14956783464575141
0.10390085581900295
0.10057523664560881
0.15487633973853282
-0.16712049137232585
0.13310782944341046
0.6223684995444988
0.27388311038031893
-0.089013077401355653
0.19350118609904587
-0.21624708925235969
-0.24124592728968408
-0.10357506198839378
0.054803497339450821
-0.43864969613594235
0.46802533592166007
-0.027547785542659561
-0.079258524105970618
0.15124895292791973
-0.35050468795902617
0.10077899459422045
0.20782513305020309
0.18973702465117237
-0.15941344579164307
0.088007554561551696
-0.42938932764294074
0.10040458431175865
-0.59542464747642576
-0.12159722222722787
0.03328999819914668
-0.28295964770411758
-0.29362508853976421
-0.5186224672715225
-0.035622257814752561
-0.33560421562020659
0.11005230666396543
0.25767856394149469
-0.40785169509876013
-0.095816818632517398
0.20739451228828454
-0.10171194158094059
0.63265827880547065
0.18392437275818907
-0.15272935657192191
0.021776955538229521
-0.41422243235461392
-0.32331467534389952
-0.13053391856835053
-0.03723940107483753
-0.33381182472590548
0.052632719620447133
0.19170394000470653
-0.041112201208831085
0.50956997605050658
-0.1336850011552215
0.43873700528782617
0.1619937439588878
0.36273640081613845
-0.22264007418078718
-0.368314470717513
0.36157393003061822
0.22960758161791528
0.39218369897442074
-0.16244049715081368
0.31362321879523286
0.34558000413964185
-0.074248469858176888
-0.34293613333711542
-0.12472547986019251
0.24341226453731335
-0.037650141674859201
0.12221238733560724
-0.23564481083181113
-0.056798982530758532
-0.33208427382366112
-0.19861867894535529
-0.07678844206849135
0.23043534682659741
-0.042201134515218681
-0.50748719241123941
0.17042857555736024
0.42559111883339001
-0.72002724672746232
0.23356912464125493
-0.32649445976478519
0.13955397776189685
-0.40845435036113459
-0.41491729439130975
0.33733363301715946
0.27928664697300065
0.033385874882159827
-0.10070747898347428
0.24686623932594579
0.33967495945844212
-0.47245471651075527
0.28337576858043334
-0.046268150111692177
0.24430674297898697
0.31121282057858396
-0.31218332131904486
0.26536294176428671
0.13820733976271446
-0.29095699072356429
0.27577042780229705
-0.5847223385867808
-0.34081422004374634
0.57943056490938727
0.080034556633594378
0.40797804085890294
0.088769491139300744
-0.56674268823203089
0.29619482207096781
0.4537117645797511
0.14032982502210017
0.078217008483926376
-0.15491839485686129
0.67493679976977106
-0.25669786493775865
0.071273441255194095
-0.089820363701956285
0.44178016202705045
0.6145981580175871
0.20971789361933993
0.14459132181563508
0.007202197588479879
0.0090527297586398929
-0.40923881328739858
0.25719937709014895
-0.52077265791164484
0.27741847712520246
-0.12685674978782174
0.14781699330739903
-0.161362649697569
0.18662949232244772
0.032255910584593227
0.15909427492124092
-0.3977961353058343
0.037356502124306447
0.10276212004505195
0.057110400236000003
0.0081671973065666672
-0.00086295602650895964
-0.029453488168744039
0.079082244462153173
0.61551336438814797
0.15063523066587312
-0.28893707024378179
0.18664950188835855
-0.15259526301318857
0.18947818613145709
0.24462551313148598
-0.38088259643401473
-0.27171739487783658
-0.090831292583060774
-0.13313188689764954
0.1520266537447163
-0.14959886844858764
-0.35802284259767103
0.81738952693574141
0.33540715435143953
0.0050382742426112971
0.48228653680531175
