-0.011114122657131438
-0.05071361267463273
-1.0995859804804156
-0.17779594076351452
0.071395393458847017
-0.50599356542509877
-0.49840136771244548
-0.59132804008463602
-0.0083064863918215839
0.30470155184170639
0.023051559126314757
-0.59684291667436651
0.11277534212836471
-0.16417417593473005
-0.69559189797887244
0.30716821073053141
-0.77819300637337885
0.08363944947036657
0.28608699709444968
0.75392699572292421
0.25373968829492466
0.1211036769253452
-0.36048229439607671
0.16960385725746482
0.2399211601093319
-0.95164591867082482
-0.35256348914440366
-0.041091542982309354
0.16879068341376097
0.029860323027338313
0.093280109679535636
-0.29743530339463858
-0.3662775508597067
0.27820270240912526
-0.14207987449150511
0.041738676812797561
-0.23897708758053779
0.14631133769868385
0.24939597430892327
0.082509099903691027
-0.059914328218314411
0.047239688760010723
-0.38053679049384787
0.56852446732585427
0.15033416765610982
-0.095066103977698685
0.51844175839994933
-0.40936901281254995
0.36761250583308908
0.48589083119489662
-0.18150123649078465
0.18545618767696537
-0.23427941618508935
-0.11359599584277594
0.14339822695065502
0.36801554102952216
-0.040732583491861783
-0.14908698976089879
0.26272371574041542
0.15537909270471675
0.12110882234829046
-0.15561166416685179
0.35908714252624102
0.20137147096255228
0.38067203032061475
-0.30013316539690521
0.40228358078976917
0.58433001440351873
-0.82370700914113149
0.83148345461397044
-0.17097506875055657
-0.020828604642814351
-0.58704720345983152
0.0022800781662219052
0.16489037901483947
-0.66278026844505178
-0.40262551113451173
0.032398842310378116
0.4179450042779766
-0.25492018520590098
0.81956804954916218
0.24116789225379445
-0.39129673449816937
-0.58939550138498198
-0.17165595474667109
-0.32452357652506253
-0.24040955478627929
-0.01388026319028652
-0.12992496141140933
0.072254832729526819
-0.077240082198800686
