0.1310833039143941
0.14239409385568433
0.30679341777843783
-0.65121536945677494
0.5463094564982689
-0.35493509734820866
-0.35522414092340177
-0.12412780435574719
0.029698920177604615
0.043931079288790843
-0.040069929684042986
-0.065132097274770498
0.1592108127014327
-0.42923809791609729
-0.2777688416141213
0.56386695973124612
-0.28172999478533761
0.42450253887902317
-0.73894061843722336
0.021109419946276114
-0.070224472266378249
-0.69344396924968399
0.483217977906923
-0.37068275325931738
0.1325018374841137
0.040217216641909033
-0.55730118495219017
-0.8545784067133172
-0.31568019856223833
-0.022192157814093477
0.5127055168060245
0.035762982153769982
-0.46167361135096652
0.29222976208723206
0.35887811421329541
-0.30034461196387291
-0.40473091619094081
0.33707115083860795
0.20035328063325827
-0.1340560086685115
0.4369351903781421
0.27368818130429651
-0.24196355440792847
0.17660759056435021
-0.23988226871308288
0.25932022065102417
-0.78963505958209401
-0.83893703343666437
0.4715403622699138
-0.54165304072139342
0.3549756574488897
0.0038939017098530561
0.0022771149873086842
0.58453870705020061
0.41725439683202187
0.11049362095159473
-0.29401526996481514
0.28508238035003031
0.61538025877612956
0.025022050234141519
0.39319834572900836
0.52406678658082773
0.16518704255919084
0.52169421907910585
0.1863722237402746
-0.11995035989896893
0.14820001883139658
-0.80432799111718845
0.28883732351425112
0.6909786490255484
0.17197189987800768
0.021174026165897149
0.0142345353962698
-0.55717819042252681
-0.22413989545434362
-0.27128167449071194
-0.13340383674737472
-0.49965839046768235
-0.27550144227579576
0.40080242556450202
0.05838656679671559
0.47783979955546596
-0.078807530397672035
-0.084408093111650109
0.17746901384713515
0.17667930548868968
-0.54630010174887489
-0.31807428780691227
-0.14904872498933663
-0.16809095079315906
-0.25749434936837695
