-0.018900558794989194
0.09694029813327322
0.36758547264478353
-0.11308834520713255
0.52701247040604549
-0.28433437178959892
-0.24264993521139824
0.16608434276758569
0.47572356091621643
-0.57363720427686105
0.56299197214212371
0.080526037243268039
0.70090961243123706
0.53905170611197695
-0.21081779214771504
0.25294662476074969
1.0498616577538351
-0.049526602967662869
0.20670874980028819
0.267174767206175
0.25621161523419861
0.063579430614803756
-0.20997109443486844
-0.2767564396019872
-0.48218663067371714
-0.1169558139183558
0.27046155705187391
-0.049621235903863282
-1.0785945715816718
-0.29483763598559193
0.42239967732244427
-0.16567714681072854
-0.044316118313749521
-0.12616174465162341
0.22851575294068713
0.26713690689165576
-0.4496410905579849
0.011322630682274362
-0.25699305068197298
-0.65786043918761861
0.16906591031094317
0.066086200010972596
-0.16879155287640818
-0.45366950302814857
-0.059883073169633913
0.13609587959870761
-0.39277681167693845
-0.91371765101497548
-0.54292948912879835
-0.52782170700534126
0.053719981800700117
-0.41813692745593484
-1.0429784685031056
0.69000393710951791
-0.070537150357202302
