-0.041017455312361221
0.17987841984218331
-0.47576611431164462
-0.39732918578794069
-0.15730914290760464
0.34944565258708432
0.14938096479285465
0.5461609908939079
-0.040677121992618519
-0.092642511888330184
0.0045224665282322099
-0.53719467908020213
-0.13840582297794299
-0.48795341457835706
0.074614398731146045
-0.46211953772329667
-0.11183850846144898
-0.48363958956297493
-0.37694053623145424
0.080748188288215519
0.010779673853973827
0.47314683419790715
0.029959749300840253
-0.074847966792589593
0.46780896605997996
0.067917797102392721
0.39873491589558113
-0.037449118532691887
-0.2204725139090693
-0.082335853404605516
0.59437181980435816
-0.094842776511552027
0.5701246633943744
0.055207443094982982
0.62111429019798414
-0.48858473361846677
0.14436390274221053
-0.15348847571013211
-0.15788158169313099
0.24773612622068186
0.26469480954574154
-0.31780124921525094
-0.32299057065132458
-0.60591061895683407
-0.14895449762639318
0.16669225014936054
0.16409775740607688
0.47037580960326503
-0.19021029133069292
-0.12950518822409682
-0.50758094148722654
0.196021950280244
-0.10900710261158024
0.073557207042596773
0.51291899690853271
0.33690019707056201
-0.51907724650462372
0.10390402193266179
-0.22074999914399424
-0.25107259919585806
0.17276169533522914
0.77965418984060675
0.96599067482368872
-0.18126957141574698
-0.26955845314774146
-0.17718803057841268
-0.23020195470835916
-0.69699813412941625
-0.099045647652566335
0.22480079579621304
1.1580459994702704e-05
0.58926509830257634
-0.53054884691100967
0.16947915279828443
-0.51286262100026592
-0.52516872140497994
0.028161594679311543
0.17671981596946049
0.20373834403073823
-0.64215474327956912
0.25539536579981348
-0.022267076989672896
-0.27225321582634476
-0.081492256414990777
-0.080567721804706158
-0.38307180538748276
0.14833506766950716
0.12417554913101661
0.70829634550995468
-0.11961015425199292
0.0017855482721503095
-0.058162873758438247
-0.30170092776723212
0.53593415065497862
0.088276886621728126
0.36551450644910388
0.11183394151187039
-0.7279935904635314
0.60146962416635275
-0.5378927706556299
0.12289116087349045
-0.071241842040860009
-0.41508455786876275
-0.1813482341239831
-0.017737264009428363
-0.15376955229245262
-0.085852781428409658
-0.10649727738536988
0.93232901916346467
0.49106066811997506
0.54700122839622101
-0.1748130708793986
-0.013353620058153361
0.13054938867124599
0.3813693762820457
0.13204586505483668
-0.010359736393624764
-0.072731274344230393
0.048951450712278605
-0.54617742219022547
