-0.16577391503361236
0.49339570499213886
0.16512389027515598
0.42776653083600491
0.040623604598159224
0.10913327852904486
0.10825662540559439
-0.31257397954395977
0.024512563262436022
-0.14243725210665653
-0.15305470156552381
0.61485032469106382
-0.67849986532813611
0.20364814540646892
-0.73717560924732106
0.055423813880964588
-0.30575619431689816
-0.20791823125256151
-0.21724414282879831
0.19627015662565445
-0.38074278388840876
-0.14806860987980905
0.43309809455948711
-0.22910249120567491
0.886164894051649
-0.26357849702264163
0.082188089260010477
-0.32158223503790273
0.22429545861030079
0.13732664284298715
-0.051029167801783216
-0.38815488025410394
0.34187917529079653
-0.61803664242107126
0.65870958805696833
0.10464961650777613
0.1823190958947164
0.40697009858466882
-0.14070987346229505
0.24045538722495211
0.041875442662032795
0.2162781795441471
-0.20999184792050249
-0.26977666654220678
-0.16775589863571763
-0.17582917744624044
0.057890620465846913
0.20929925231585417
0.47046038439909083
0.54826635859945327
0.070224299375362689
-0.30755633755980638
-0.23349739469066397
0.30722527953269696
-0.34008890869955138
0.11120183068852688
-0.39611382509061938
-0.33909765337323433
-0.57238525552112918
0.049497115392236217
0.37870106816509008
-0.23086379974219318
-0.08979430394221008
0.31078192073949334
-0.066229537912338515
0.17467601753833087
-0.13447886073961654
0.031695216686860421
-0.56168467977358405
0.059193386135982413
-0.01272122805629473
0.034336461722777011
-0.61301463912536003
0.13590077466832115
0.16588377182355962
-0.32281026694057241
0.017973388873673755
-0.19902573732779746
0.087591908173116947
-0.092654675033728942
-0.038145529716462546
-0.093610606797421433
0.083898866392808719
-0.14763333877019796
-0.3925262054323716
-0.31312903790647933
0.052155275517972992
-0.4471079772602774
-0.13488753111523502
-0.051155122670055675
0.42707299400938636
0.49146094929235257
0.24196953884191438
-0.0024325078769590709
-0.12508637313371979
-0.1087777131137186
0.3273309238354013
0.42840658414915167
-0.37863083031225192
-0.38594151489096845
0.12211969796253638
-0.24073217021849266
-0.0026284173429097714
0.44044721008581544
0.65557885672268934
0.17684111549554701
-0.28959705412557651
-0.065336250322790487
0.21654748716613859
0.20931688384831543
-0.28836657021462053
0.37622635371577501
-0.23056205033686236
-0.11618301243676396
-0.28269033302732566
-0.63182050413331214
-0.27167245358687431
0.11352866024065919
0.087907619833681727
-0.025342035349890865
0.44482239761796993
-0.021128864944998247
-0.18412232568498832
0.29421569133835651
-0.16608529594142835
0.28927905874307897
0.33141329638079159
0.20316868464204904
0.16786462643905506
-0.14446651863514764
0.083402819990458718
-0.24103999191160022
-0.62861608405565783
0.099855446510855678
0.21395267192358175
0.30701061609044611
-0.20723161544317248
-0.48319112343405318
-0.14696181190316432
0.10854215654671259
0.14789143104999464
-0.29692196717951214
-0.16995076799507033
-0.40425079011074527
-0.24196139117969859
0.29673483776867349
-0.39376237460938701
0.25337493248536785
0.2316037913645832
-0.27608904564599518
0.049536208797285139
-0.12880236421613192
0.3530016954712531
-0.041781242712637577
0.37198417730967298
0.1682515854316424
0.050414893986363341
-0.18957040726528482
0.15839185259479954
0.091129473875056488
-0.18481976629669561
0.22296827912132311
0.22269409693303341
0.2201260039397166
-0.072183605109004761
0.17901260837069041
0.51824985297052284
0.010033748273481878
0.17176218243052011
0.023531658869584391
0.074680574786691711
-0.48178535270887579
0.3133867006048589
0.16756847271078693
-0.39371452384437217
-0.05587850935104665
-0.34863386683508868
0.35602929607137496
0.19193104043041143
0.06889116368422607
0.20421469312622278
0.13322746437639002
0.47073734462188754
-0.37197452699123656
0.075667078496134271
-0.15028698555540476
0.21748803101271225
0.60134898189958841
0.22026543410735039
-0.042665860908645034
-0.13932383755118116
0.012432861946262117
0.34292592719952808
-0.011182241451266986
-0.27177406483472338
-0.087719600412532878
-0.09004020791087658
0.034351004319561895
-0.022012034854170512
-0.46720474597519041
0.0081093606325750803
0.34119597967675369
0.15890787058881881
-0.24002293875335709
-0.021119402902790008
-0.17915909118588211
0.14692106597047239
-0.078916313331943752
0.032958076862084885
-0.38075108569784422
0.05623511575988973
-0.024489275962671354
-0.12114700966021026
0.41200689988082578
-0.14109747535142014
-0.16927678259072174
-0.14164372253545834
0.019936757526904256
-0.39525378742481376
-0.18479630581554135
-0.4371100990067483
0.090492614501042345
-0.067712452239297755
0.19551744797345977
0.70481360286136407
-0.10959972060941106
0.16396587657206235
-0.061313269145773952
0.38903832994031556
-0.58984547880369975
0.25166321328723634
-0.16212863756617987
0.17816351875828268
0.16092202320790272
0.11403387773255093
0.25334616023268069
-0.020840331940629248
-0.3487922597123157
-0.61380884939791036
0.24571496332742521
-0.11720579150814139
0.39463667356238519
-0.35669705949781849
-0.059823110130357064
-0.11295492985993928
-0.15735457465683791
0.071753388168295379
0.51929918323280244
-0.27093404669491417
0.35488999845749825
-0.080960122790332781
-0.016398651207713555
-0.14942693870178292
-0.10387090264247702
0.31203993637282201
-0.065533179187201224
-0.0600008198218802
0.24172517714782898
0.0088256072483834866
-0.044746634955266359
-0.25812853685860965
0.46686819126289802
0.056743476992890729
0.05278283122672725
-0.45210814432421026
0.37588088133666714
-0.14147121383446243
-0.015553218331331118
-0.046399054674592786
0.091597317036410331
0.30388901558413206
-0.12565534111018672
-0.072583911246673391
-0.18008296915385175
0.014289100950396328
-0.14417568373764705
-0.37801113150291427
-0.2245775233357529
-0.64925832994807398
-0.30175431564365629
0.42610652253512954
0.059352546382074739
0.29937306757392002
-0.085884487566841861
-0.36745802101387115
0.19128861060437163
-0.16867168091361956
0.22972773659319787
0.028743679855807027
0.2451113088162859
0.074705159706689866
-0.24682296721545638
-0.018532777508958903
-0.22097514287175521
0.080182835215997353
0.15888544125107279
0.041159167181637743
-0.18933334296509063
-0.28642091654281721
0.14282730570646238
-0.16574429486305317
0.51622629426536826
0.10287409467173975
0.29611143680740998
0.040553366474919021
-0.28407302526304773
-0.28971732501148556
0.035676186085447655
-0.29174201616821643
0.44032459919297845
-0.01132638426944375
0.014551051366507693
0.25221555449374239
-0.25748572643212458
0.267853175843842
0.16671220081090399
0.47771727296395949
-0.18676813645136145
0.11386122355732123
-0.34896039197029488
0.32983352541810074
0.095551323036711724
0.29978945767550325
-0.035797555151311819
0.16901543803423436
