-0.48601039673136637
-0.23933571344516566
0.19689514484089382
-0.22194274538122513
-0.25441149962177451
-0.010700122112890655
0.50151784626286633
0.41672025044763572
0.063508809921974649
-0.51668334487216683
-0.60422899542118258
-0.80342043593470081
0.12334661157422333
-0.28483761433994875
-0.014261534268767693
0.2498286063924095
0.087674552131321859
0.39295199713978957
0.020995622570152882
-0.057986649836631786
0.21890940464385905
0.19550420200545057
0.11142402171202043
-0.44218123554259303
0.53868040340216861
0.15369641698250641
-0.44061621251892436
0.064136259101447921
-0.31477883683800717
0.44102055491719111
0.089395265621080341
0.629357139826204
0.49074535995843999
-0.15485724995549227
0.02014066430686072
-0.099819606938850308
0.22889160118274407
0.18904421889353923
0.03498006701453401
0.007716305270165362
-0.0657825611383238
0.51736165073032148
0.31710770205282174
0.16346829113175082
0.2973219846336696
0.36214123319492775
-0.23316550404896982
-0.10835458502808065
0.14689179296232821
0.10966037218846229
-0.0073715974107524699
0.058380479027165214
0.4874253640757551
0.27224130366183752
-0.032365621897296762
0.41573669782956985
0.10658817889337893
-0.20999584202067365
0.051223682306352068
-0.04667584837323905
-0.0044127362323961765
0.2397634012564944
0.21483060685746508
-0.41520682064206915
-0.27562008367062829
-0.086497862966007283
0.3755724673323329
0.019315571575572378
0.35398133568864903
0.18132728765624467
0.80021237352522046
-0.091197633574533407
0.20707844379710452
0.075153740816268397
0.13101207834611786
-0.52783912262849408
0.46081422326102972
0.074093626165805407
0.23598657127760986
0.78194872779527802
0.13697363555344449
-0.091073364367628182
-0.05587078344051797
0.35829855097851515
0.16859678762235
0.4611340519114559
-0.34914672210840675
-0.57854819508383348
-0.06634844769811625
0.5535821804988571
0.48697971408110313
-0.63011977416555165
-0.27835408061039024
0.20713659052201713
-0.18309689634895163
0.23259227236461544
0.39235754391812871
0.58441103024063634
-0.13566086775723743
0.35574123748635927
-0.11328619066101304
0.3643958923044413
-0.065111667996751874
-0.10168850465563604
0.04624254080172039
0.15344099335733358
-0.497719083418865
0.019173211268654438
0.28361651712133978
0.061992205573996463
-0.11443409593616534
-0.089589938881705383
0.11233470674666664
0.15669634749698183
0.026417555088825866
0.32925751908366468
-0.054213069558606219
0.049846410809817304
0.070550225119605611
-0.42956704657792483
-0.096422516817163864
-0.055772735255823547
0.11414095755963098
0.31413818804934762
-0.34415038797485675
0.098230467082904005
-0.13688779970554191
0.13351408081552191
0.56229109460857518
-0.28485382043295437
-0.49321934731759021
0.12523768691092749
0.76109307429612205
0.13485335938819859
-0.12051468872339081
-0.2388023633810368
-0.22145694465390872
-0.045158338001466958
-0.087349983569009915
0.30163087301827096
0.75554836551090476
-0.075212659984480804
0.39245372844446347
0.57652004908892118
-0.53094003707729431
-0.60218327849049857
0.30674352687910106
0.23338955437953049
0.35844987619053176
0.26810311559588496
-0.061864300933482705
-0.078646323787536582
0.14340706895300895
0.47144731964311692
0.022290034350974739
-0.13801266044467014
-0.25271855546012878
0.31184197646490219
-0.30156573268091502
0.1686823689107628
-0.0060082612624884936
-0.10301186896167445
-0.36579557187326683
0.36640334116798429
0.69542586649141247
0.07782253875895738
0.52531210868037681
-0.46275797782509154
0.65038717260048395
-0.18673774295375664
0.14841631032115252
-0.20305113624784693
-0.21116203871973499
-0.028390458811094137
-0.36090946351274061
0.48251098198949732
-0.016338726639060285
0.24695533547573062
0.090490809564980387
-0.11780679312508814
-0.049131021172082519
-0.53916473471303283
0.34525199628667375
-0.064402731403836608
0.31404229467524025
-0.14349086343692841
-0.27105091425211797
-0.28964288799018173
-0.13684730292221536
-0.10313931701255717
-0.25234353263354825
0.069811306220782118
0.24954799670394201
-0.13984123862894568
-0.25652495260346053
-0.086054945079049178
-0.088654192637725962
0.15943353773730695
0.39028607162811857
0.32066819195892393
0.24183075493295184
0.27943140606226485
0.078225259162549354
0.24550133372231142
0.18145251700712262
0.15843170097774451
0.12429003867531831
-0.36372342163789884
-0.17414955959335374
-0.023953217576900627
