0.33364202631872403
-0.25964006416735547
0.34746199241753889
-0.3236526700820917
-0.62075570028165439
0.49867033177966463
0.4958602948140079
0.94753124235326913
0.06783745660656261
-0.13270221543120259
0.57991550480105336
0.76539106480526919
0.65708166968235171
0.6380411723396201
-0.38978071570294276
-0.69483793743967404
-0.049878327826069116
-0.022995152581597685
0.21726573790402359
-0.06947372694783624
-0.31581831065989863
0.21936164040872796
0.29297478795665843
-0.16293741067747802
0.5976792550211677
-0.2432163168248537
-0.35357853696347324
-0.36780936900280964
0.094538457593969061
0.12610110812631861
-0.39270307555801609
-0.62951592479597052
-0.82250425904580426
-0.24646825985623222
-0.93827253204229533
0.028515030946443049
-0.11245714190794719
0.11448575175620497
-0.31014160044206407
0.56002450790372316
0.71721776302000673
-0.39023568038443157
-0.00900990725760022
-0.12603292761987711
0.47045050495918284
-0.33760147037569627
0.14491315301557198
-0.046955298040421423
0.42917990495105041
0.02001360868529618
-0.34982494157449756
-0.28223071592703491
0.43510863522936349
-0.37787658055970103
-0.13771892410729217
