0.16500194328573159
0.3425950331055948
-0.24893562764949356
0.061846965958730522
0.07180852230712495
0.087464412235763664
0.29585429892110621
-0.081784705671897731
0.1562130780673617
-0.10206456866777062
0.079476017046551911
-0.09521855276729943
0.36956760879105649
0.33798241367409088
0.21917601656605484
-0.1053221726036527
-0.073667654241586084
0.2474630549638471
-0.21904229328036484
0.081295172068659896
0.12964793591983576
0.20158847396433802
-0.71978115342323024
-0.15282805802645777
-0.11503832538896776
-0.12062405974043965
-0.6788211231863196
-0.45517268103386022
-0.23523963884063578
0.41109261878106212
0.57849489171839452
-0.10006365155324194
-0.48988912782048588
0.015739851973470716
-0.0070134267938562781
-0.0077084006935762067
0.040742361288541896
-0.91334624252433094
0.095862163004243217
-0.21607638846952376
0.15525704736545273
-0.20257488338560012
0.2355833810877512
0.32470742458759927
0.12982596886375067
0.082190214955541768
-0.016246202712379209
-0.26014463050156639
0.40771606445597214
0.056348244230616615
-0.051239036599829313
0.46129494264210485
0.4667515126191023
0.42082754198654798
-0.60211666877032044
0.21601861526057956
-0.46421359264450179
0.086312327607737008
0.27352060173339354
-0.061468027841972021
0.030342643710403065
0.039122526316367021
0.30313401148827729
-0.28053364639040224
-0.15685172039271297
0.25179342132282601
0.17613358036121224
0.18512925236080172
0.094347189067018583
-0.38283284420692043
0.17077004813844823
0.17243861226892748
-0.21737980946870203
-0.061572544498967208
-0.37514305404063203
-0.34201137899085882
0.076002527544194259
-0.24592511353296848
0.060124973368319651
-0.29634837495295024
0.24566392630908021
0.093895358942203064
0.23559506887962045
0.089304359263039104
-0.27846788738385159
-0.075324373177315093
-0.43988463774530395
0.018304776664219858
-0.050328977300319301
-0.25655538757038776
0.22383992732876679
0.24446154711152771
0.30100153424324921
-0.28706223800553476
-0.31980416626789554
0.28941864495611364
-0.22662146582313233
-0.15596244643055249
0.28794974139340207
0.30603348014432985
0.6391216766097868
0.22977564869377015
-0.19604184485436071
0.0088896478766628401
0.35360178999472208
0.18542275206074271
0.40841057694661165
0.29876478227697284
0.552395700793883
0.40487927671779761
0.21968439514368249
0.18421272578862266
0.22241596309766631
-0.19442795494925272
0.00020155146541068025
0.098882091688704141
-0.52644134846608714
-0.083257552356104686
0.41419429732430235
0.28166193152540842
-0.15909647559948578
0.1040042776994536
0.22577283345974011
-0.063292927274284663
0.01074592183630421
-0.16846395825587299
-0.14435425722972081
0.16017979055820808
0.23647182212464965
0.11268360308154049
-0.30213418327807418
0.1118216882449974
0.14415283347774355
-0.37876134177469639
-0.15184998633763949
-0.098846614889448722
-0.24513016331925072
-0.50655477395424064
0.27423277719379535
0.11877597361116601
0.61390273931008654
-0.3341535487727138
-0.081605232809790304
-0.21016697477831758
0.1765178480174838
-0.2990383406826167
-0.46719646244989693
0.124792451654924
-0.17795424840444657
-0.015503280068238482
-0.17777689963023041
0.019403405853162779
0.13960286775577255
-0.12906337411528607
0.37810460696502973
0.28676054867737782
0.16240660754436667
0.19562717294811102
-0.1949987775283282
-0.14440107468500782
0.38804123543709695
-0.15051109098032639
0.18407722783886443
0.047702320657991293
0.32826934541352071
-0.067304918997309601
0.035335219020510109
-0.1409187204122021
-0.053795798331673708
0.16942421320525625
-0.24319936229764641
0.28794593229550325
-0.070880435388046809
0.12591894674487702
0.011569974029368612
-0.049220728688624517
-0.22354608506255522
-0.36924431479558895
-0.017229290411893989
-0.26385925247953512
0.030343832601354807
0.51153081069284601
-0.34811139264898394
0.56192726472970222
0.2413546607238797
0.31025587980815761
0.49424333731972114
0.038755752914776294
-0.21206119335866275
0.35025824541579509
-0.070367364586831044
-0.24371614131135924
0.15976728122921388
-0.32189977578662615
-0.42367856324300601
-0.31877244646935493
-0.1737744491407954
0.26135150452221217
-0.055889649183903413
-0.15487247079727909
-0.041774413277378374
0.13621772400466844
-0.030064554234029452
-0.19924765114925602
0.15522320703585807
-0.059220452254825091
0.078367127889446997
-0.074094967337091186
0.0069728506031979344
0.24419313682330845
0.011840466433676762
-0.35175398890831322
-0.14517971284643194
0.15737591042467125
-0.20653941073018522
-0.37819204813991131
0.41428016248843363
0.067091853214604813
-0.26852280690361197
0.0092239543682297257
-0.24176390229755873
-0.26481931650950569
0.10394217339989702
0.052509353133696292
-0.05745304245144299
0.24063700239149782
-0.38104347011621958
-0.16070094574106367
-0.066393196040806471
0.17762170021456664
-0.22485665370835264
-0.12508250861161954
-0.12002015130677759
0.001402196873646592
-0.061986386866821175
0.010425099978264917
0.33953708963994644
-0.30565563968600223
-0.24941114045786769
0.3847571475674349
-0.60093324102227796
0.09611546132591102
0.18788097333482301
0.16436368921561631
0.15934217097101092
0.16605178696075903
-0.090183912433154961
0.005813395140189517
-0.25238702593310186
-0.27060229234451111
-0.62848648198077794
0.47116507476354658
-0.32601885291776228
0.043015404677980811
-0.15131440010058519
0.49097319831287761
-0.19735857614073088
0.02889662171055549
-0.030316049712783375
0.27599860225545264
0.055183899151961667
0.22643905308706175
0.55411639753723918
0.14066017975906628
0.37169472862336489
-0.23426727355393726
0.14894791995193729
-0.010297081696209546
-0.29157285842161579
-0.085567399165284885
0.16371528111201256
-0.19146560046344216
0.42655388657161836
0.11577512963169476
0.1932584242413101
-0.29580076523550347
-0.019078191394216536
-0.10226316377286919
0.19853827962468135
0.088788671750138215
0.38063931371954796
0.097858006549028112
-0.12236094927445199
0.51646513092853197
0.37069622188087858
0.1582937662397487
-0.15177634143407967
-0.14689717418722675
-0.20956512502419114
-0.091550002953947121
-0.099242026119246207
-0.42715669733169098
0.24061184595717974
-0.16430498981489736
0.09021794930500697
-0.23973497087456166
-0.081724798726034137
-0.22670346237762501
-0.5627462353929078
-0.14563246903141544
-0.25808526631887529
0.56141137439125766
-0.16297508957037313
0.095807815378963643
0.036898704880721347
-0.14831350021734357
-0.23450288111603429
0.060095764983457312
-0.12578348228768749
-0.50782332470966229
-0.16182413030268947
0.00094269443063939079
0.20824824543538431
-0.33033600664217799
-0.16901911772559952
0.009657207455001416
-0.099516543561862514
0.41928367309943732
-6.0961337223390449e-05
0.32677573018366557
-0.12943325671239164
0.44987632247451909
0.3277954307312822
-0.42726976736611788
-0.0561026688872494
0.43552348668147767
0.17318182233097257
-0.042261001649010893
-0.25440232976553628
-0.10279263222104634
-0.3262129050528626
-0.27194210446169087
-0.14582018372136996
-0.10282590237126492
-0.14205693905727937
-0.1888259613158787
0.76210320371322271
-0.096407825862661931
-0.26671647627897443
-0.23791813282757557
-0.41929063638958392
0.25557577537783183
0.055294076839735071
0.40306704053622583
-0.021788613976087872
0.47287995048902215
0.12658313704434845
0.043506673132298217
0.22690298951943486
-0.34718457649837303
-0.071511550679009606
-0.030213932398336325
0.13287152570101612
0.3044280243432575
0.51957230512995933
0.24673280975643744
0.14569146817848627
0.18241724249036573
-0.12481513063144148
-0.26548594337323389
0.19244484251819097
0.15609109483230077
-0.14126331433365552
0.0090521053170020266
0.13310688011250579
0.2075553852046744
0.26533026189145364
-0.24430010196232277
-0.14243371901987675
0.28974705224862018
0.064273120987278068
0.25927552909579954
0.15685694736107378
-0.09876076636800861
-0.13991221563549178
0.22300426813131582
0.051265503911435542
-0.44851745453503938
-0.60879902724404167
-0.29873614541120164
-0.21573620700301407
-0.044458242606888153
0.058261832759881754
0.15249726252997764
0.18777343747327332
-0.02197755952333396
0.47752492536497576
-0.096759157552236005
-0.070210097637098678
0.01741027436427172
0.063784374884845729
-0.0083210330057185231
0.020591218011272058
-0.044511308450612602
-0.11920217677093659
0.49547282331128528
0.22292085489506966
0.27951167771384633
-0.44926299116220286
0.083494249788395855
-0.53953332030966439
0.33855870445871594
0.23256947754449256
-0.1068640280843634
0.043970706960605239
0.21042797810485406
