0.13121841715731095
0.15662331125126777
0.35908703788873703
-0.12841690226640251
-0.18731604714262223
-0.25127916886998614
-0.38380188363801582
-0.10687244663000048
0.36830017787610553
-0.30891142718858433
0.37847734661546661
0.26136275478959858
0.32985695944995813
0.21553601546405374
-0.25804666431065815
0.12796921450022147
-0.043388979316122442
-0.021625095918181198
-0.37324424825800784
-0.13404880197824023
0.48752516901531701
0.091533006002550779
0.072562676531250175
0.073665987540217165
-0.042241837353815814
0.10144942672289022
-0.43918338596156764
-0.23332026199270792
-0.32578347065898838
0.039706360677864989
0.45379112226840662
0.2778702727879131
0.046770013602621473
-0.20637550604339264
-0.18705879416370802
0.010479210816226898
-0.21217189328684061
-0.29686424175322507
0.52576261523221712
-0.047404723639325526
0.54094560430708738
0.27869953907608874
0.054338188396474661
0.019537848340614585
-0.030538431312158065
-0.25011577932069623
0.25092752664205764
0.41313956483538311
0.0085847335856011654
-0.18175809207764962
0.13766477331780949
0.0026074554412116751
0.27527548035250704
0.19498713464165729
-0.36748414098939886
-0.11170088570594533
-0.30023613005882621
-0.045928692409345342
-0.27828388921426889
-0.36604061505341801
0.44790142329815374
-0.014720731789144105
0.24046527035435947
-0.16163827589114252
-0.43325170038266925
0.14894348014159198
0.02894742110743688
-0.22869235859384268
-0.20558309550809328
-0.17293044924541795
-0.33264813684006467
-0.098002737354088265
-0.21211293691080357
0.30678888392843373
0.018305940591675136
-0.037857230830895434
-0.73687827504796433
0.16017685732392253
0.19245706811299843
-0.066376833541786431
-0.23379139863969353
0.46776187557817073
0.069152065603735866
0.27364396616535763
-0.19389072968691262
0.17210357518692379
0.36121257252596178
0.36377463690909895
-0.30906466317086795
-0.061303704791328219
0.23991470458236952
-0.062141884778885749
-0.081986096286319615
0.19770627657339951
-0.15946873174644594
-0.086393217635218622
-0.11932358248327667
0.16347839600408121
-0.091014272388734635
-0.035727781237250462
-0.26533373052063736
0.11866028123316964
0.10142554714957058
0.48363846714370973
-0.44114091615927614
0.0081592489790514259
0.032441760152551055
0.20566935375992923
-0.092167605749028214
-0.49535556714011458
0.14854997949833451
0.064117002946363341
0.51707254268582714
-0.36915338899337635
-0.32335246357593617
0.47874248420096677
-0.039876868244569541
0.015931302337619691
0.080945697784256032
-0.090031996122756197
0.037453620159640287
0.040778501472589164
-0.028947867182644131
-0.31431850085815649
-0.0016256687155751914
0.33245385767750163
-0.1505526371338457
0.2048797960485543
0.07540300530388562
0.17744573991113799
-0.48899725324492799
0.24119050765620001
-0.0030207312807585349
0.16282972062820084
-0.076731584949866274
-0.43432038855109517
0.119475065560134
-0.0047658891740887726
-0.18170695278525512
0.11082977049978714
-0.067000449553394625
-0.02712219199708809
-0.24726475499841818
0.19239963860711098
-0.18905465772066551
0.42894351644564432
-0.26489851975158568
-0.31182731583651496
0.041729827938340312
0.19776365251678676
0.0083995628038322709
0.29135710621107741
0.048771733026572027
0.042138733785293238
-0.30063790722857431
0.024953432103438658
-0.09212914612466358
-0.17714186857000758
-0.56280508607611834
0.11273538061883968
0.51522288151800033
-0.041426998594430935
-0.0088235208687083323
0.21201524787275006
-0.45493014511262581
0.083293592657915583
-0.0036794523345895849
0.033551789822027646
0.1624473221409593
-0.018056410674214523
0.10817826666922728
0.39938730747903134
-0.47596053808249422
-0.15005971557933553
-0.35573408155209507
0.12543472157595295
0.055947634102571905
-0.013387223431545315
0.33481131564414601
0.10086140778891751
-0.24492845081459602
-0.096238256643709802
0.30838102922509797
-0.08668812106945499
-0.18088810098458852
0.071413700402495825
-0.15106831547211239
-0.016976055260536922
-0.76829256076889363
-0.13033748076881854
-0.2748619336572064
-0.19442197119159349
0.13419636855962813
-0.045323214654121514
0.25013552032157815
-0.63043241172721176
-0.032960393961066974
0.0013038853263116002
-0.14232604175022343
0.20611749314051578
-0.040222793322984278
-0.077387337607338541
-0.30110705130798171
-0.3278754845341631
-0.30088932656510325
0.036759351448854102
-0.1750469583281119
-0.1915176728303401
-0.039492226073814272
-0.0094579375707015221
-0.26958590191384091
0.21373460064292327
0.041232406993831745
-0.20888010317966965
-0.15466424745131657
0.037799163837217507
0.013450807727028249
0.34268514169157482
-0.048618844017757526
0.16564503743642134
0.17074824706677977
-0.36311220771783864
-0.064460818977033443
-0.047196708430206576
0.13911397941740231
-0.61863495267585267
-0.28662704229488828
-0.1795935298530304
-0.0049251652947090007
-0.57662832756774318
-0.012307334735384493
0.30706670269544606
0.33322639987927455
-0.083540976448017515
0.26377407719363222
-0.23834288757725025
0.35563126952810198
0.03586172288085325
-0.0011925924371424224
-0.087853203589338569
0.1084372648921868
-0.21445729173338868
0.33409613144089695
-0.10948355918422085
-0.014484217595492203
-0.18469152669501826
-0.15570726737398491
0.21630845542215718
0.15489464990753704
-0.13546507333552976
0.11375205113692352
-0.12790663579390271
-0.24552850130985576
0.018980758505598931
-0.030908090237284937
-0.012152242305237289
0.2885506467464149
0.37414057754188285
0.033416361212735918
0.35094141602173734
-0.61188951644064704
0.52904796682164401
0.3040832871107646
0.11151423199259984
-0.10401397666485568
0.066273216008838592
0.088397260031954486
0.096335921884458733
0.13221707076199585
0.16162321218048969
-0.21273508187710635
0.35330798950615361
-0.17748573519731242
0.40119403074603138
0.42200542163780147
0.34031373840690909
0.19889739323670586
-0.081009485396708603
-0.76427243542651502
0.033437863635618709
0.073021258883712664
-0.0016570805073769981
0.20418296956887094
-0.092828560626604606
-0.47645538004653204
0.4279419297912595
0.36973444841446879
0.12916202459009904
-0.28951682420134595
-0.050887054697734649
0.082374251820262506
-0.051869675255398588
-0.024665531155150515
-0.059353760454779331
-0.24539321581297432
-0.16839711420999767
-0.017929424086411697
-0.11200888057125598
0.2978975667044963
0.0096344469521525804
-0.029094133660722808
0.012620033652644008
0.22730725664514395
-0.29191109428642426
-0.096150719392540399
-0.35950130754864923
-0.39879395602291595
0.32005504662233614
-0.35841759892343722
0.068559960741624029
0.039543802798196484
0.12750006884071563
0.19742429575444434
-0.25441234319337436
0.32244969859179179
0.22960149757641179
0.020609936257488786
0.019213360775519633
0.33381266826561068
0.12404205295885917
0.40080735211894525
0.3337716304692821
-0.286820553804227
-0.30223014241239704
-0.049916165874668753
0.34325824986815151
0.15059990811710158
0.24074938999352463
0.10048824306618233
0.15281036273528487
-0.071113807468299053
-0.46845329467159696
-0.0015157999865370092
0.60960185928934429
-0.38848572156519168
0.048345296517534032
-0.066265262376826436
-0.092489311923849529
-0.33318606530595024
0.27249927741123259
0.33813964638173977
0.17084369569670504
0.29141309729639742
0.29441986593740876
0.24411745141259722
0.062967118443855941
-0.25335823936866908
-0.30268456417910999
0.5814821863663745
-0.13556980146696007
0.26712325491459066
0.3307631738022086
-0.048115540899689745
-0.02152882350368775
0.2504393557233085
0.3111205643129607
-0.31419989040451324
0.66352867076244815
0.048733803105301579
0.26842053854361364
0.081264827523839525
-0.20694181985672047
0.10583656607476918
0.19384720332360753
-0.017218247995274365
0.11703918654871481
-0.35350576194621436
0.39643325696529996
-0.42178660730749096
0.21014054967340365
-0.32949494193719342
0.28220696970794762
-0.49810570231973361
-0.28900459202408413
0.17985004723185133
-0.23074436158906961
-0.48221405343391521
-0.0051524688503901944
0.23563651864820684
-0.43913438424241924
0.17397439994841463
0.11586695079652562
0.18669095227545943
0.036493941041528657
0.24262953087353628
-0.023256471740206355
-0.33668285330802733
-0.1862498830213308
-0.055406939037414664
-0.36525435954878832
0.20439949603487759
-0.1297504496576333
-0.038490222424595467
-0.069108956056406795
0.56204479843951582
0.36887037578577092
0.02141574069325021
0.21814163878758555
-0.24998538142420199
0.032011857912063346
-0.22056461481281839
0.43966719544130239
0.11485204362886964
0.13744364785508856
-0.00028370107887427866
-0.037420651265972112
0.17057900447279703
-0.30716360590785807
0.057120004344891243
-0.020643118060182632
0.17316997673298926
0.039708337743580645
0.25307782570895637
0.032968597301515572
0.22701941268672818
0.12644253616470633
-0.37062291711621564
-0.33245497195649898
0.11488017438741935
0.073339556634423056
0.033784612966860167
0.27666404262502775
-0.079945822267251915
0.45324155001430605
0.24500522582313722
0.10357540123653113
-0.10593006529330644
-0.052798335187851417
0.020379682803838884
-0.070534059354119855
0.35397719860576871
0.11195831068158847
0.0069435278887027517
0.19967857842867562
-0.34561712659742749
0.0028774275910223353
-0.16337284206722003
0.038889674979664446
-0.18544874549829857
0.31241222449314759
-0.017309873906956961
-0.36306006364564747
0.32054404382773677
-0.048929445094760625
0.087857850432758039
-0.32617027595970433
-0.28774346032587717
-0.30043749879015524
0.37061797287937776
0.17314016782631539
-0.43803435148888276
0.58225832131688415
-0.15944753132695777
-0.29023566261580425
0.063350217029564657
-0.25310069557705939
0.14080726292993659
-0.13882048047882181
-0.078379059550135202
-0.44062456323852855
-0.010644367136549281
0.2590090529489138
0.65171965819658007
0.23139732213080844
-0.30731999186677694
