-0.30074696235015236
0.58099124114957901
-0.097183621316370747
0.023023856892624008
-0.5578695662367853
0.49805387035303528
0.26293280132960051
0.035679584791064756
-0.014290310031597388
0.02520151915983309
0.26886979765983021
0.17130280270732529
-0.30913322495962442
0.33815272691665105
-0.68779230154785553
0.50968982333822144
0.26920126321307375
-0.27464138934337845
0.4288104670627581
0.27655614047512578
0.42121604414344194
0.52957280788026584
0.18813847469615322
-0.10516104418776691
0.13792910364382038
0.032894710403503072
-0.1937682253382462
-0.30193839072414347
-0.038084831539606241
0.71261695445416195
-0.26675012545257326
-0.12238905422323305
0.4196501178063794
0.98705172094673965
-0.50961441960161169
0.10015093165554265
-0.31362433136322876
-0.18509411435151799
0.11728917507876022
-0.24916331410883719
0.33977549876957458
-0.04493367239759273
-0.048332171062612179
-0.15742307901361602
0.40522723416750356
-0.69953787408872992
-0.7752536741304531
0.40815634358244873
0.17919236022624879
0.39194341822172346
-0.018237440642766386
0.22532805080623489
-0.39025109208653841
-0.74100170393503828
0.4253582769593256
0.14180457450461287
0.11521407873151406
-0.23317942597643845
-0.62017249192010082
-0.21103170466998533
-0.03931929808843914
0.29800842045246506
-0.32918162185586658
-0.48600977950472435
-0.32636860607444962
0.7924735226251971
-0.062055063056084415
0.29065785392007942
-0.69218396999593612
0.23477528481020812
-0.21218890037542731
-0.50468589394694641
0.22334687248664789
0.20057293390744305
-0.33051450575295865
1.0381774398523707
-0.1691194592443469
0.19128043503165149
0.14319213721160712
-0.099642469146589294
0.23253761949420088
0.29065458401347927
0.14499893157909072
0.20602489795652759
-0.29888024618231968
0.42099573116062294
0.24688402567331799
0.1904064662598863
-0.56272379397542072
-0.19925794151337381
-0.1149935663516435
