0.082150859010660354
0.29779539506832758
-0.41943741975607468
-0.19460987201694943
-0.38951495661347019
0.0051026525388400013
0.29669311560681266
-0.1883794290192429
0.064528714248480917
-0.30752955910300023
-0.051772144113472855
0.55433886929993847
0.15278892802587951
0.043429264046948961
0.018554878804871132
-0.16035799078026103
0.23480732830739698
0.072710669993792776
-0.17312511769942429
-0.069844347694343306
0.26097374879074581
-0.40356405991600197
-0.18637452671250981
0.17762893962755549
0.37372268248605789
-0.094892874687941942
0.1445033873408734
-0.31386279690313157
-0.49117356213735036
0.53560404874098555
-0.38358150463746316
0.36953315315274488
-0.067515386007761427
-0.25518275911036425
-0.68116083630517388
0.73315303087593819
-0.31871451168331205
0.11690796389039963
0.45706778806165121
0.20767376067247811
-0.10023195935778431
0.0039745876158469792
0.050733517196687915
-0.043460162736949935
0.41650484528108073
-0.53623610604355354
0.043535761917635564
0.23583248281105731
-0.14546171674395444
-0.3733488686266867
0.5425047163440111
-0.36980249600360121
-0.40235629138785473
-0.078966116716692444
0.056588107697066098
-0.034242450489074261
-0.062246237862880194
0.26794077165269786
0.49580892335287619
-0.36839932991589536
0.29319349158005015
0.72237572218415336
-0.19839545004670636
0.43123485652519206
0.30894476099263019
0.084834656314367762
0.13272261790449627
0.68972995030124651
0.14667887361139001
-0.26925186733942702
0.48964856991733652
0.21657762814907372
0.0023079268239728258
0.25463802359069831
1.1008955725714435
-0.09930239043929355
0.26496792311011141
-0.11100121209816746
0.22936960813048124
0.093060298158347224
0.17717397761601683
-0.1333852208383455
-0.10994740493329211
0.044907105023739978
0.044242665006860929
0.19695491001812065
-0.26833184397090837
-0.32976137812015643
-0.11215185224495726
0.00934875273602114
-0.52239056350836965
0.18466806895750296
0.56286216257270261
0.20345986349646819
0.26391604282545722
0.12241811413727088
-0.16375752157239629
-0.31247715943421955
0.56850319350767942
0.09711444065439441
0.17862495236138673
0.38153382956595416
-0.67083810436175351
0.31309043971600975
-0.047571945851041401
-0.085896144387872075
-0.10285153878402313
0.56772140949550687
0.26516422283373187
0.13335327900765384
-0.060855667023744495
0.19530773484965872
0.11176673576126482
-0.073631427135179894
0.27804759390350353
-0.081412325509223157
0.26498235769303774
0.12781947597333806
-0.37669436175965665
-0.079419312054405569
-0.039593387904224606
0.22677038202547617
-0.31356248726238545
-0.16383124051375861
0.33698181166411245
-0.35434767557993352
0.057488935566775513
-0.029017908903566005
0.11410742919700224
0.29185821109413917
-0.024184141285410771
-0.45628425801469541
0.077348282468344451
-0.1724232228194921
0.17576891974914696
-0.19962024368549516
-0.025085281756749161
-0.37804844411143229
-0.32923161281405922
0.2946259636232425
0.29126135231131411
0.41944347416542943
0.17438078226635212
0.61244126352035599
0.53735340736995718
0.4015172797033349
0.21903217629857299
-0.20081505668691113
0.038162891734300618
0.42802701346947392
-0.053936898116379868
0.17296858435128093
-0.16035828067878569
-0.026600147147057492
0.2386019638420504
-0.1889702151868477
0.18835029261969438
-0.68824763172514714
-0.09817396526877939
0.40403027904746774
-0.40236744205479702
0.23615498704687449
-0.2387373299762012
-0.39898847460456477
-0.074140686783195228
-0.0150229510230567
0.1477671366467182
-0.31291036891630958
0.28624973360916134
0.29204355952651501
-0.34217861361465235
-0.10794075334622948
0.69776252271344907
-0.026235957728766916
0.25007464177484273
-0.17918399952845571
-0.11539901483103836
0.43986664792329611
0.15126711994881512
0.27703488859324044
0.38228643693887732
0.32900020993123352
-0.080841648614239217
-0.072127481272786551
-0.39919957737169709
-0.010272266427705229
-0.087890546714088941
0.078503410049093794
-0.45508274648908464
-0.58223203629153653
-0.27240839945868667
0.24635536142585426
-0.22959706024686927
-0.37721031202525301
0.66843389288317123
-0.34600086415874248
-0.22865848255864224
-0.030531219721788405
-0.18567313358010476
0.064061051593901713
0.46338124381844742
0.20653636714674706
-0.15829376961646988
0.12906116378107196
-0.26399223155097035
0.000324007778304391
-0.42751229536011881
-0.1761383407261046
-0.31681791073382393
0.46220932646030222
