-0.22475012391204097
-0.28005039954079036
-0.41778201218541444
-0.65124561059928476
0.43251569580145138
1.0868731125524735
-0.28458174902818756
0.29976825940165103
-0.57191644475780468
0.66002286807827493
-0.23032440865638709
-0.18681945270595968
-0.51983772703461717
0.42085946343499964
0.53487397658990354
0.4521515321796265
0.13176031585281675
-0.50549392201424981
0.50073746974414468
-0.63551641605338127
-0.94561589696722337
-0.10716279572609121
0.25272939796969462
-0.6840024833425381
-0.094973489930034641
0.39268485954071236
0.26769509376033362
0.58723102517345149
