0.15298521989262551
0.47527957543948995
-0.22570245533573319
0.1228604335061749
-0.16558063868117084
-0.12532035042137593
0.20895776994684775
0.068448552752291211
-0.38561870962827616
-0.11595328553725179
0.2725139966084732
0.36348430267036902
-0.26419147048947522
0.11944027980632302
-0.34782156811303394
0.22029100836851798
0.17939398824972802
0.20108919473542577
-0.46212432533176911
0.40267094303311352
0.077405933641587321
-0.0096675581338202515
-0.34589558926563213
0.2220509529247425
0.31503615280718195
-0.17194536318635939
0.25348594733189217
0.19936262840143928
0.05795383670774748
-0.64027704809947605
-0.13817289400140464
-0.3735821830271347
0.010120272258121777
0.025077794688405999
0.11574853540979319
-0.019928825653808133
-0.22421966192406431
-0.26723970001848102
0.50040984001370026
0.030474665443114436
0.58505970102820326
0.043952910429705873
0.56394656182355352
0.13051593496548813
-0.11103100352908429
0.14732561341113948
-0.1102112794128812
-0.26643688033552976
-0.22451525629634864
0.19764819711727311
0.026718234883973353
-0.18832230834610961
-0.39480571432896289
-0.24391402693693698
-0.57584292091266864
0.47871541567091941
-0.1424103991101581
-0.1706247333761691
0.060160097090521308
-0.21470869508326748
0.32381002069136738
0.50221092440903869
0.089294227972661455
-0.45003919249809299
0.15468265297199016
0.13536579450231434
-0.72452378591623534
0.21798641921580261
-0.14097816747662348
-0.087544758493889013
0.049579769072942363
0.69444277193548654
0.060231784456300688
0.37589416347481713
0.19977566953067877
0.16244290960856969
-0.11389158387633591
0.33553888844722446
-0.3232109069006337
-0.022778150041896199
-0.28565603476986551
-0.32453153683953589
0.056632934243050242
0.23283995040622052
0.017010617275340145
-0.32691055709564371
-0.23136319455619875
0.10660940345265206
-0.3730318922880228
-0.32276121986948275
-0.010896924145900362
-0.030439804368254022
0.014630696348505065
0.21613593380631405
0.31140088067430077
-0.47396572446310831
0.08147586804690185
0.32346326549841625
-0.21869950595145154
-0.057180045049777764
-0.022101382048906375
0.1016746366675098
0.3257223859208172
0.34524683482002605
0.15643905749327952
-0.0046811687951372723
-0.025025504391867733
-0.41773982653982461
0.1545603228980176
-0.21440332172029231
0.37213939186570322
-0.17205324037572525
0.0012022477129777717
-0.060462141314849921
-0.017759875772125584
0.016642575332257957
0.14582953298755463
0.34084493546045752
0.060845904471833551
0.121462451250522
0.068509218402635325
0.05784870155905613
-0.091803530718247331
0.061337450584220229
-0.1649134419289596
-0.11716830415658973
-0.018927275667200556
0.17815267081608818
-0.40855125778469958
-0.27139551684226432
0.45897934915755317
-0.23974324328077193
0.31254584279363484
-0.35428926840533315
-0.36732723557650088
0.53051929709511025
-0.040051530854408081
-0.10705361356570289
0.28611745979253184
-0.18706326220553901
0.30675246556659802
0.17076079206381944
0.057160635450355525
0.53106658504727167
-0.095204399923883465
-0.28984505226316137
0.28312514583579096
-0.24143496667596126
0.12813487907733812
-0.094745126111622821
0.12988997533496169
-0.66233568751297756
0.16499496433526187
-0.30616734227171427
0.0063859225631359299
0.086416384489833853
0.30618553220132227
0.2057536371304225
0.30354905782939806
-0.82610670571328682
-0.13092302880211554
0.12468291111217436
0.54811965559043485
-0.20723632872348449
-0.17625999245625484
0.4211797642072227
-0.32212604671105277
0.23367694530473845
0.067638620810678118
-0.10300554066228379
-0.5708734216443887
-0.076812173694538105
-0.13005859559717844
-0.076172821722171435
-0.23619081776777737
-0.78340254274158805
-0.82863213964375082
0.13051024208802295
0.25986449790019023
0.22328810993781226
-0.33676132898344391
0.15186248200623281
0.28247758445248133
-0.25692085522097174
-0.032132267972048253
-0.22056695350937913
0.14473237487220694
0.01315439092714386
-0.46425466535069643
0.41001289721229572
-0.16148699953931633
0.28611026438802956
0.17714809879538468
0.11064260990456208
-0.36703183955112079
0.020640356846480089
-0.33531858484556865
0.62472796436375866
-0.45449110277710192
-0.050162717353133678
0.29368092365223186
0.024936688736442465
0.70442136592217197
-0.77108126380473363
-0.032722660987923799
0.76231127319013303
-0.12806896110842445
-0.20580880281171834
-0.33913023326257424
0.023360714249041029
0.077497746681980603
0.016089202103936891
0.14857288305093033
0.015117109160647379
-0.048818605067857443
-0.49753661460695725
-0.10420815430573743
-0.086152256120909765
-0.11867120596194608
0.23328064152113842
-0.15273696124281977
-0.32318689905261999
-0.023448864628454306
0.38181732338787794
0.32372343860659714
0.33490706276351784
0.4141179638871072
0.4926584733433651
0.067847460729456938
-0.08757275422697576
0.1816727083117719
0.10635122114156734
-0.1007110423259223
0.10616360373033654
0.0074399135155485711
0.25311399715641425
0.36838418960939318
-0.42196911494748796
-0.52362470457669341
0.22952098063402299
-0.11898242065212078
0.0041844949447875819
-0.0076730340925027498
0.31798244781947976
0.53556452903697271
0.55324319637806396
-0.10620371744135582
0.5625118580383468
0.06729440758925026
0.20142434494064881
-0.18978175526722557
0.46689175742406802
-0.060782178587723751
