0.34615554384252883
-0.24452599267640157
0.86265891710138332
0.47878484193226373
-0.082474464593050398
-0.076693417714817053
-0.52781775922302221
-0.20060723510626868
-0.30913856566261882
0.38724789439077129
-0.049063039067664654
-0.95766769667807283
0.59481913554527865
0.068593433113738403
-0.33015110732050917
-0.072283697743867378
0.31642592218800913
0.059374731074310544
0.046017307987912676
0.75060266723505986
0.12728135358027071
0.53317899899016585
-0.31376593476133169
-0.12794016458740937
-0.46962722165533394
0.16787795988343976
0.11548061792018188
0.61371222708248618
0.10302157898005468
-0.32348733511265959
-0.018385286969541996
0.42010318980999617
-0.055554744954016869
-0.057886381449761784
-0.21154911114981864
-0.075286925995271467
-0.31130958314316337
-0.098734788991575506
0.17415427859599272
0.40919021305649678
-0.43116000479616978
-0.16675275611554097
0.19600126944897284
-0.019192579722747741
-0.039398335376810603
0.33898870895987154
-0.15886822673411827
0.19288175915243899
-0.25294474824785024
-0.14233947119390303
0.17717694152652649
0.20001811948459575
0.68874812283619802
-0.21629700573737465
-0.50477426880065701
0.48374046920616492
-0.25226314021719409
-0.059523626911989168
0.41953777532138908
-0.43182967261814392
-0.39373604363066944
0.4633711916916966
-0.063450701171362242
0.039268230465315572
0.057568972449026798
0.26453849368355503
1.0685563997321132
0.13611756457221957
0.23170965522063364
0.38057466545338403
-0.17791609358488822
0.18721869946191719
0.28812132779586719
-0.47794417740770484
-0.31700476185336329
-0.00056770921623898473
-0.085676415148180612
-0.39211698653245947
0.43764403687239345
0.26388848295136424
0.062323011184804877
0.11635621776757557
0.028729964978698168
-0.31486814830568044
-0.085452397645000691
-0.36516835193438762
-0.14068630050992767
-0.22760964476784445
0.095250955508781321
-0.14911570726363785
0.43001535690618686
0.039849945545470784
-0.043517819271649362
0.0896951403924105
0.32804410707795084
0.3710855399640629
-0.61924959871470708
0.19698837525548246
0.38894985725886461
-0.38942661463638995
-0.27594363801875005
-0.54116461271538274
-0.30792398070889004
0.8939713988939143
0.024204502530697135
0.15132211059114609
-0.21984814807024911
0.8154766209299904
0.2429326138927492
0.22996246407791743
-0.14071575556230695
0.042975383521329451
-0.085799119622763362
0.022734178322685539
0.60555336265685966
-0.29774200117847344
-0.55282508355117554
0.18660370352646613
-0.49311664641950309
0.34196029848597387
0.015177831233782099
0.28724233424961193
0.13822618777820742
0.26217395573916757
0.033374850149388319
-0.075742926121808746
-0.28240850771491161
-0.35171733686795892
0.19334706425469747
-0.20247685884899719
0.072550503408027045
0.20633532009875216
0.24653423872280464
-0.50346096721117151
0.12747943616654556
0.32154451108694937
