0.30557996205374921
-0.21586320049579324
0.76153996040892435
0.42266274925277131
-0.072806991565076959
-0.067703586124645429
-0.46594813719938416
-0.17709250185912981
-0.27290203160087972
0.34185555880381496
-0.043311978915926211
-0.84541202247540759
0.52509576143451164
0.06055306367581368
-0.29145152993100609
-0.063810763706052404
-0.14302806145224561
-0.71135548591702202
-0.25683719007294953
-0.055848970477720132
-0.18829538154067965
-0.074189906625437632
0.29576280576139102
0.11317664045252911
0.35934781836086893
-0.26582342989400087
0.51394308261470811
-0.075399769441328895
-0.026843293833379231
0.060390027606207722
-0.51134414575144194
0.083786068356414722
-0.38607145951441951
-0.36898826885938596
-0.53392484084456526
0.39520126457787896
0.29114994926372062
-0.17510726666192164
0.49817841904126048
0.17729896753164104
0.2845945672272569
-0.079565471467328855
0.2526482459978438
0.39681446233807433
-0.18947301242594586
0.57766238521678814
-0.23281736927184829
-0.31772514511014738
0.0025039884837994792
-0.43752171793757355
0.022126361387321852
0.041978708049378997
-0.16768837880450957
-0.20459407400430307
-0.6782818753383214
-0.35812266584757796
0.26368039205081578
0.086972422130083424
0.17767921323854821
-0.24378920966897411
0.60859623641288707
0.49110475909637902
0.3790896052535121
0.08581914569066694
0.033074897280018063
0.66843369623756321
0.56289321805499881
-0.046698329250956364
-0.21995643626226891
-0.78803830146494258
-0.22047233162521121
-0.1122292960113551
-0.62143117657194158
-0.24912131407342061
0.086728323413047231
-0.28043083383722034
-0.47870986058598319
-0.08394751344664228
-0.23339815563062843
-0.28389463696734007
-0.26715947260762163
-0.017226646128818909
0.12545440148154177
-0.11374313684406942
-0.19434449983672308
-0.11482032919101047
-0.13004400752457485
-0.68351750125350064
-0.11876964674250087
-0.38559859046905215
0.18239219994443018
-0.21516684462341626
-0.28496049068028911
-0.32708091673738182
-0.26194502186129948
0.83958578663752037
-0.14623627461572491
-0.21397723726437753
-0.023520283813697109
0.45241047851136024
-0.29953411622196841
-0.52320016105650757
0.026740772697408412
0.24163107545554469
0.2309749549724745
-0.70508575672687812
0.54076686728820467
0.032362885306898459
0.04671190571195831
0.23402449690993141
-0.42531484876344372
-0.11570069839783344
0.17238751279201245
-0.48031063086519121
-0.034503260162754512
0.32040474881937886
0.16715272972937661
-0.5732818007156707
0.10235337320791467
0.44085609881470195
-0.14865830733166635
0.23860218960629678
-0.39373997762072049
0.16528909709411568
-0.20574644895080735
-0.22716223164122579
-0.28787768790741924
-0.45337792810488253
-0.35103330498267654
-0.054419777797221854
0.070309713159113371
0.097399952298597436
0.3393517293604707
0.12739645820032383
-0.048004907681908481
-0.0056820125384196866
0.24916169195056492
0.10193236502049445
-0.32770786291762694
0.22867294345338252
0.098630524882859505
0.066930667752709616
-0.42126369085689735
0.14092230796907193
-0.018287214682094554
-0.17071639506423408
0.59545038154418728
-0.1416508044590962
-0.72986847051247672
-0.18503237840838158
0.065579143042768642
-0.16512017188612949
-0.16417581080581903
