0.069674324568425594
0.26032449039529537
-0.14994195763898907
0.20199675210533721
-0.11009964428441009
0.090576546659199703
0.32597153443020316
-0.19449301839057859
0.10185814001081428
0.14265700846431931
-0.40864596682468768
0.24002176027397254
0.25716542078568055
-9.3660966237526236e-06
-0.024739383441986378
0.059076714746612871
-0.11453511592992807
0.13159996020949061
0.16662371941546267
-0.094002910155583458
-0.084477463226325142
-0.11289790016462881
-0.10646715735764582
-0.360679078297373
0.31588687550134181
-0.62372567342754215
-0.21528149679048472
-0.34290411930443748
0.26703491023659665
-0.46007934400641626
0.3706692211677855
-0.15593869446805514
-0.056149247271154119
-0.12418444778746297
0.16114796022066841
0.014088211424532593
0.30828820215284153
-0.11104197972759378
0.098171378638079454
-0.10534941750895249
-0.16823306751409303
0.19026824674616474
0.29252485023716479
0.038204098360703542
-0.29027296755344056
-0.14770625031198278
0.25554614794748559
-0.22227762696714465
0.66123561338461656
0.087715307221604519
0.41609336894345983
-0.13042330205700306
-0.20872585398103483
-0.37855544617179865
-0.87682179722016029
-0.27642154404829017
0.14835686552362212
0.028534795991163386
0.13481460990041594
-0.018945546220783392
0.22453366601349023
-0.18545251249215838
0.22213561347872277
-0.23311943364403889
-0.099969075375407501
0.6666022742793275
0.62416464776703462
0.24025717783208328
0.077668897252697947
0.16937454581250744
0.022530601268330546
-0.091188082697546691
-0.084906405187190795
-0.27817280198405914
0.19734833684791886
0.29302510396441694
0.52653661249925288
0.16219079293349697
0.23317938874153157
-0.15113719546155621
-0.12688425873642128
0.13190862642540299
-0.097233788547160985
0.22938693176082955
0.17857725850167314
-0.15867835744148287
0.25618172217135099
-0.55809215364806386
0.53552961771250329
0.23469147891495762
-0.091251694537157826
-0.35628501266626211
-0.42381700039026182
0.028612147599072258
-0.39555547258460527
0.095768898720378332
0.38088553647707302
0.077478158072601708
-0.29617974589067253
-0.3764304469573902
0.21185006235515749
0.035326526532449137
-0.075141984278805293
-0.26233738356900294
-0.15803736981712049
0.092253486931960102
-0.14546746846508246
0.56541537946868647
-0.31003083096352257
0.024623398369552522
-0.37722218397309565
0.38537741030125661
0.056777337183352476
-0.24713946165374542
-0.21591644061052623
-0.49695783727049131
-0.22768207941440097
0.083784873916329036
-0.069549751774595589
0.053891123549190331
0.18229293699044857
0.0091248498394605106
-0.051310673515170158
-0.097603641541084196
0.52993146575035588
-0.47638457019255892
0.29086919883936269
0.069262138854805352
0.0073002276543553306
0.74458468178489878
-0.053092332862719013
-0.70583679584950865
-0.17906909127208898
-0.067277470243632301
-0.22170856569074607
-0.023874185985951545
-0.46805613800474788
-0.37187333460219002
0.08343427283136802
-0.38936857645450501
-0.45363786944806667
0.20606038597849846
-0.1538285999320565
1.0446580993367423
-0.82168728118745493
-0.27061804940484907
-0.40351098137424729
-0.27852152506754074
0.098622854630374193
-0.034499146744281992
0.27996372777387879
0.081805701059842001
-0.014574095404355971
-0.072841074124687516
-0.42486117740958579
-0.18582185679505675
-0.43828775850389062
-0.35588293644047497
-0.19682708827682388
-0.36616368938038973
0.133827450223927
-0.2806180277797754
0.033781580744068375
0.30214199499455457
0.083312868940135967
-0.0046060684057529023
-0.044077452502755195
-0.39443656491839524
0.38230675418469479
-0.096701197794825014
-0.11751792339186287
0.41608052433383802
-0.17085985176492402
0.58388844909627136
0.40911385290583002
-0.20327805107355526
-0.2184173872292062
-0.02656104486541987
-0.080142826782362148
0.30193311625281638
-0.13817206760412529
0.13376832522767568
0.078068474075768543
-0.10257904016624599
0.096142410384643009
0.082334733104396637
-0.47064446597198534
0.018331834190205679
0.012696235648289927
0.53544612404410441
-0.040218676014190144
-0.30575100877439543
0.09472374914741763
0.077408597172251362
0.055220571702170797
-0.043934595427938775
0.45448369589770538
0.12232938037655336
0.35823281152888597
0.41081906260130935
0.48978963574833873
0.11671040211501009
-0.31886063232177864
0.084034882777760736
-0.062895386845807699
0.070071272740782439
-0.0032746948296132668
-0.11936287200942769
-0.062458687313996467
-0.12703911572657442
0.3200282244146449
0.029135474385029152
-0.12812459234947648
0.070767150036402771
-0.10475000786177086
-8.7907443834908655e-05
-0.088962900383113816
-0.3899221867678106
-0.30167465779612557
0.19458772832551507
-0.1249535226866815
-0.22949979196114798
-0.37305619734829099
-0.095251848782867896
-0.13487728712584557
-0.14749840725151275
-0.057238764876634284
0.25223890425259549
0.36296074706832154
-0.42266608352243484
0.35323145695663261
-0.23563276636741748
-0.086353443367271382
0.13025578931728807
-0.13227760587186563
0.29309610107749146
0.30449828140825408
-0.19999375369474101
0.31808261684445971
0.01001943818812248
0.21532888562326882
0.22145311789054495
-0.10325541605646399
0.60231022082071972
-0.62809455562855199
-0.28713866546033912
0.42139795544367808
-0.13227367102386506
-0.13005983919428923
0.24619115278281467
-0.3349198956181621
-0.13933895876047084
0.067144322146596089
-0.24976067344795513
-0.25728769061849521
-0.84132063797733259
-0.33998098840456337
-0.32721274411645734
0.054286011717904502
0.078526955475159588
0.16033990496659245
-0.1225847534427106
-0.22437501218658071
0.32410636416738764
-0.011693165279786462
0.35659358440762567
-0.32498741398901704
-0.14983481628170148
-0.052453096819173844
0.25364311531012246
-0.080587546468027266
0.021263212422439191
-0.087854516670731991
-0.15764131314338031
0.30540738850929094
0.058749487716274765
-0.18976379832693965
0.098243314058829231
-0.18740832650126998
-0.086447611917182324
-0.15503195025163977
0.30320983410658603
0.12450137785724118
-0.066215279061420967
0.22806634068548332
0.44524906396773789
0.29864492903507739
0.48485574511484397
-0.13413613299840266
0.343159666919225
0.18828289848151331
0.25463154228676593
0.065604561461152039
0.015387337267184798
0.27161251409668996
0.39448642251744537
0.5141967250226388
-0.50978802166723858
0.2265080620640921
0.097786139590403956
