0.38726699200057013
0.68596857282472179
-0.10873736183973658
-0.20896979811597555
-0.016014967159592542
-0.50837337739797062
0.30267587211030972
0.095189307848407179
0.79382901767503944
0.73109261897403088
0.44130259422019524
-0.14771150039148528
-0.1411938266035288
-0.11026392781884695
-0.46039465935957757
-0.14052001926100152
-0.068884500066261747
0.34784999786193826
0.44432957391087691
0.13778318904364581
-0.24393685502484941
-0.13394817205550807
-0.46880783573301682
0.10896701147809812
-0.80940253133163054
0.10265206015631384
0.36175570501607757
-0.30273497783163911
0.08248523208752985
0.41485437922931656
-0.026805147020196304
-0.24861812657151003
-0.06656523070213087
0.24770978289278742
0.41589437473397289
0.018357030899833735
-0.045621839137558823
0.46430283626976887
-0.15119008865217182
-0.18454802234744622
-0.21884507830921907
-0.23832292121479917
0.050915315763372125
-0.27327002605004946
0.41394868720138489
-0.43045644627267354
-0.67291109930035087
-0.31856433066868045
-0.016889002827769586
-0.23327275413676316
-0.26955278116771542
-0.015672044005456666
0.56074368127646657
0.11359039616485955
-0.59913079402651637
-0.15962576705968046
-0.33998182011824385
0.38121308594581071
0.017540498637303899
0.053932691382043832
0.2963741363993902
-0.29669734132170478
0.21287512713521983
0.37137654319018926
0.67533684258746729
-0.12965911095791363
0.096732038679392632
0.23179551673269522
0.28960760801542307
0.14477135778894817
-0.040569988714106033
-0.13832190663207669
-0.31167989891545428
-0.26813126431989465
-0.00049309441796154257
-0.32397047616942842
0.65879128208362492
-0.30963769182306944
0.40491484313114662
-0.18253469162927555
0.13419862512407024
-0.35219937694380504
0.7174745070002333
0.14071060585489226
0.50141464336722052
0.15304826798241999
0.56405000393469884
-0.44731412225434886
-0.23076585558888071
-0.43555107660698478
-0.39981313678180413
0.33917598253666248
0.39816567793496477
-0.075064265609982861
0.086873633397062749
0.48289297494022665
-0.35042186808643394
-0.0046758714782635033
-0.37844942500073381
-0.56747294716532881
-0.31248075667953745
-0.71496999188253441
-0.056719118314049376
-0.12149753132160571
0.080652974376288739
0.18687624320675031
-0.092193192384249639
-0.38726204375405127
0.040671226949914228
-0.17857999042647615
0.37570332447072524
0.46236064731878201
-0.65325718086555573
0.0095566974959513957
-0.11733167727088994
0.099105840405572215
-0.23499434209890044
-0.3382288641447655
-0.17353615562269867
-0.0088707938009315729
0.15185391572368934
-0.13870356504842715
-0.37342581768443162
-0.35959573505067732
-0.85790741179849994
-0.3681277321819254
-0.22853438150529237
0.05369358972600425
0.0082109524587596957
-0.34197741774573992
-0.47321825177675536
0.48970280280189721
0.16082526208186734
-0.031059620009652959
-0.12820848337739441
0.31482231625561852
