0.52825001870679766
-0.42990363904599233
-0.032248871385095794
0.9720451932433708
0.64617243016879577
-0.30450730275486809
-0.50475117525896973
-0.56134443722271521
0.61159296734138779
0.5679329620467547
-0.7328127644787652
-0.12162673713082124
-0.29310157165733297
0.20688222490843386
0.31749392688181638
-0.20959821518228769
0.3476971407636773
0.17277335024217569
-0.17798721694640166
-0.30896960457131029
-0.078667151239140809
-0.098415152776099732
0.27519605515336271
0.043766761216790302
-0.37595552950444411
0.43543059684705088
-0.57920558637481689
-0.42696054083339596
-0.42114147675197211
0.29640462731119627
-0.16728712141420141
-0.3427187400590459
-0.34935132061300972
-0.38589301354345157
-0.69836592985469403
0.2227240233214875
-0.03595986302997542
0.17415850635746466
0.046085346686854552
-0.031666441155466754
0.27702606202502911
-0.85243540482425662
-0.10968564029316726
-0.07667437136660811
0.00090018772955654082
-0.066497925366222538
-0.32729325444122359
0.44771631978686383
0.72977304176634439
0.29905782502036343
0.012713721158927211
0.24494378828579544
0.065127307440672369
0.20247781336327175
0.23873275245382392
0.42986160792885936
-0.13008727213884166
0.43691025457431926
0.49717322469155922
-0.50410074326787546
0.0082519293962636849
-0.14195270182638403
-0.35854246893354091
-0.16382740967855586
0.67364571476566393
0.0730703235054425
0.10220555518203887
-0.91770743568299518
-0.66250956106068304
-0.22722261440095443
0.012416232150803194
-0.53243392126909639
0.15601030692591708
0.57749447894995565
-0.21315651473262004
0.18915363001529875
-0.0037426868834772864
-0.046910071388332523
