-0.39642926836126302
-0.065256879009149407
-0.40921683616881716
0.29620928487206388
0.27032251140582325
-0.58794681193847842
0.41744665929295266
0.11248481845401195
-0.40450605642388415
-0.29082059400857052
-0.039519919277233855
-0.085133663620013234
-0.13935956943418479
-0.33344281926088853
-0.51541411689070216
-0.35094205847367321
-0.28690044621851096
0.25263580151661258
0.25140101818070493
0.48907425846249258
-0.32979805196975376
0.19699326845219756
-0.24793741844516731
-0.074270423924938947
-0.31277907858423309
0.21962420486865381
0.12752618582745592
-0.15099512877529492
0.13520782428098135
0.01714102108407866
-0.37491033753998215
-0.076086761491629087
-0.2845261562069567
0.16939780009345196
0.080341042754093261
-0.10800310467606762
0.24932205447782396
0.13164249473655695
0.17502896399474396
-0.21949920601703565
-0.12790110897592988
-0.13268008572010459
0.048620259206314402
-0.029086385589813954
-0.024670676266536098
0.34860927336791092
-0.40701703886782781
0.21292582762002016
-0.061764328322097245
0.1655611232329757
-0.27760387124394353
-0.026644907591478195
0.031559838847917604
-0.46832061861161522
0.10105934286202975
0.19388050559128436
0.062421460180297123
0.28818410754366103
0.38024095756304116
-0.020692816395622746
-0.0013846439443375021
-0.26635884791336634
-0.47710301899436958
0.29386812299526671
0.12405091124918838
0.057463133876236194
0.13213705854906763
0.060913066755501566
-0.18679739238017459
0.42107267226188388
-0.20512965748210898
0.13575037916711441
0.021731626968244648
0.21558858119212607
-0.24215525518177736
-0.12674959567060376
0.28902657606378451
0.4237238767723624
-0.032347766647729377
0.09217579429162498
0.09160522649142247
0.49681865873452757
0.21651056385443293
-0.033654092586832475
0.13818416817918752
-0.020103565586466053
0.38059616477300545
-0.37028963434822043
0.033144301973906956
0.45167934970917561
-0.41792124363626126
-0.094804191920235495
0.0014991515529840592
0.44156681494332545
-0.16238465788836504
0.19137551711715067
-0.30385193524382559
0.14163165870392888
-0.40185389244377201
0.30764934112379511
-0.41626929106004606
0.10383528454890462
-0.25278864483306934
0.26156826197377137
-0.27258318131986764
0.2726467842960309
0.54850150399766284
-0.49756414648791758
0.11472446398245015
-0.36330702089268385
0.16508189753104568
-0.043549456668135041
0.20492520234387937
-0.41626610818261744
0.096710537589326642
0.24705066746432613
0.24152754942732826
0.26758682180656673
-0.20682365338804018
0.39513502476676848
0.12879035165396419
0.11501240142475812
-0.51704410037930226
-0.037300102802433746
0.078694363143110235
0.32159317134959731
0.10641811339038432
-0.081952126016949831
0.081900153989760471
0.086172669378030545
0.17197353587447614
-0.16555626578284438
0.31919755893533724
0.42000172469307473
0.38184893581853241
-0.35665543394287008
0.40616975797901106
-0.09459457462203047
-0.15721678479683981
-0.23241079077123719
-0.36973040631535181
-0.092699876463372979
-0.096611488537774987
-0.41411942949610819
0.15283101833684987
-0.20274699598567969
0.096487976107783119
0.39461165159170858
-0.56567894658277518
0.12717130183933362
-0.29358633986306648
-0.35827510742452662
0.013696823123926925
-0.43828450797124491
0.11403403079857646
0.31994725564416138
-0.012903754252030938
0.34338888275919682
-0.28766753779765347
-0.33581750887156425
0.094995990378826875
0.54304708797903012
0.11171500089595833
-0.16169014500716705
0.31598975409315549
0.097281772096740562
0.22111802275080447
0.042092730732555324
-0.2870384947118389
-0.13269898004354552
-0.56952796311433129
-0.12064327264591733
0.16405208194873888
0.40527592602653817
-0.17325657183811946
-0.051228157704952079
-0.30796998294101169
-0.47922373202600954
0.066452307419136034
0.10780880268782901
0.24439601369451341
-0.075709960667298556
0.096630302440948918
-0.12366467673166635
0.70362188428959382
-0.14045789618678933
-0.34985869052041962
-0.02661836362386881
0.12912445388065474
-0.3943108068618742
0.27804996570820106
-0.15527867371015155
-0.05496421645276614
-0.12536635456141565
0.42580648600191967
0.090585808700782741
-0.18217080143246245
-0.02272828638947821
0.13938925975365118
-0.028181483285577687
-0.59315975862497583
0.088981168854848816
0.36932576440951453
0.061335458926062736
0.023680830408091318
0.13395811079085321
-0.049484833732843091
0.37950923017682991
0.22527440857260042
0.054393543206300299
-0.027854332537450545
0.3158893055628994
-0.46494537231967925
0.18550628662652477
-0.15350622682863058
-0.17008872386279483
-0.075917209525004165
-0.049919905806493373
0.012944601561120098
0.09929526157546352
0.16482775284914702
-0.227579389464344
0.3802726196410946
-0.21377577713316415
-0.0081108922048204815
-0.1513063170627631
-0.10320040467050376
0.13910833643153253
0.24766110627672416
0.071019334921620381
-0.2711996459882029
0.14797953146496146
-0.025711800989791863
-0.23102802515076498
-0.00032786443523570623
0.049204886210960481
0.31679589054731044
0.13233385460717281
0.072463164941677136
0.1739958956958188
0.47489768051621956
-0.50718542322684301
0.27348237403338349
0.071711518709008076
-0.45570841361482767
0.23971285667014852
0.10719501983006476
0.0072729311375800305
0.18910755021886372
-0.28323666100351325
0.49483233640159691
0.45078455986019267
-0.14270467291651553
-0.12419952311467963
-0.085700384998650764
-0.14240133255595377
0.16640612202054378
-0.046086502329983944
0.09032001803224024
-0.14228123483315988
-0.29426086965530834
-0.19011659463673661
-0.26233996637851825
-0.20475542906514715
0.027374993167209441
-0.4842633360027967
0.10394421986744
-0.22842651312425985
-0.099753248613111051
-0.17433493571440051
-0.14898831679524482
0.23184363425568877
-0.23251128600254381
-0.096688276402471948
-0.47755969694090733
0.24674237142675381
0.20103471161110695
0.21983504505868881
-0.43547740111819805
-0.031305171030990953
0.12172543439602601
0.2381596227149517
0.1648366963911766
-0.63918541833496056
0.017279368834076277
-0.48624617536118925
0.19404225915753226
-0.023468285929904319
0.15052989853323034
-0.19684618285997324
0.017113933565979175
0.26761497130497025
0.22118015524861567
-0.093584159134070782
-0.20602160736522684
0.23771018647844627
-0.17737332354293925
0.40373210424234929
0.26955386892965577
0.16498671300590997
-0.55277491176484428
0.24423845929387797
0.10141667648019047
-0.099034853319778238
0.41145558088101919
0.14827689268535535
-0.20004734409401387
-0.3240343247694546
0.079631949234363397
0.080470010259231423
-0.025359531748071248
-0.31563463416995541
-0.62131994857625472
-0.29912652571546378
0.0083618668649286954
-0.15068270741114217
-0.16197497326183838
-0.05445899965191292
-0.57656664535777724
0.32250763358055606
-0.46136292534960022
-0.22794746411493125
-0.17322165800709835
-0.35282660581952124
0.10489990533012943
0.11333805252869347
-0.18569788681205165
0.014158336218204825
0.55914028656388715
-0.020696772067464484
0.037888698983912859
0.18604988353086041
0.019175452083228007
0.072522756620113163
0.15262729189149643
0.37318910628265795
0.019219581055084135
-0.2014687197536322
0.049956182063895099
0.16618120791253405
-0.077089695384945658
-0.17552594800124455
-0.16279039989475505
0.26419044032459871
0.33770337516125137
0.064079141544962678
-0.086923882757670573
-0.060895314063702681
-0.029620064884890367
0.095838514476619008
-0.14251622658934007
-0.012456706228464041
0.048688901594170636
0.39203829623230763
-0.08873441531726739
-0.29082373720029775
-0.30581003348965213
0.063392179956778025
0.15532378487530413
0.3405482261583106
0.1562849867846739
-0.74745139405777428
-0.049768856442344127
0.11838710852435404
-0.22469397100501157
0.32574034934077961
0.30418345758756393
-0.084259186119147136
0.17243241294230974
0.22831423951897631
0.10178816673189654
0.046883714073535566
-0.16965515303173734
-0.087406137345427182
-0.37599398699768255
-0.067901484037339047
0.27140255834667104
0.2768321303594512
0.24449064792044006
-0.25008442450500556
0.71330512569698157
0.15199344655009706
0.271316929054643
-0.1836554257455556
0.33202252655796333
0.19371110134950639
0.19619147722126093
-0.0025514442478497047
-0.0060790790687555475
0.012382612570312951
-0.58911575311441011
-0.1311921395704567
-0.15031757599278911
0.15118974562754331
0.42555142797617163
-0.26805721123555115
-0.013626010320850646
-0.06612012736644142
0.03102636904696375
-0.3181374574176235
-0.11145002793621779
-0.57085980443224571
-0.24833032754582982
0.35482353629324398
-0.17480121789112604
0.14886368796927096
0.40164016016091453
-0.26888791839444071
0.23517129298360565
-0.18410612650644045
0.14304347789973373
0.12510916780592474
0.20078594406704095
0.13552809358378676
-0.44944642942364038
-0.25524279156484925
-0.11116845101492148
-0.035825737511530266
0.2483218082575461
0.24614663849893489
0.23443224226859591
0.1815573062868909
-0.16839808823366378
0.24105011770456347
0.21441361512959095
0.16668196100001695
-0.07234908914768684
-0.026407540883124029
-0.11651854031266645
0.36004040323069481
-0.15278580388804672
-0.30180340824667046
0.17649543820735086
0.10810304447736141
0.080099262179041092
