-0.087422533539110836
0.85978254826278733
0.22980467692735543
0.1242106073869992
-0.13005918637811006
0.1285909434793879
-0.011667549110285563
0.64136899629116606
0.31357981109580974
0.51524915365609725
0.040837844796253228
0.7940017063920074
-0.32467773995630045
0.10490983592252906
0.061386179849737571
0.35300209366927227
0.16481726958906837
-0.5468611929446443
-0.39189550988271343
0.37683556989597272
0.34247429696531639
0.24325104757167079
-0.49646716305781557
0.54253631952680059
0.055265386418993923
0.1147099860664878
0.11720201957685306
-0.54469082813713066
0.25955043114832227
0.66679006838500643
-0.37758458985725402
0.20844753422554507
-0.4300120683507731
-0.0044844710522464921
-0.16747508494240376
-0.49331456056815026
-0.099331506157396818
-0.43660022133970777
0.24630670958595777
-0.030777837955560921
-0.41401332213336561
-0.50514407739211009
-0.38745474502217864
-0.19804878834418294
-0.64954386659060537
-0.18505295714295608
0.31849382944097865
0.53946760381607251
0.20550295152130954
-0.38560951611238398
0.3874692867614738
0.37606105140699636
-0.33165821499059722
-0.27020482725100314
-0.48417512884236441
0.33847538994237342
0.26221159617130585
-0.65958159972861963
-0.57085834026306148
0.19697157548813632
0.029555854123690734
-0.03482363358045467
1.0271489799527598
0.75091802102498972
-0.54960542628472198
0.3827571228464472
