-0.12151352749469861
-0.6258359385121971
-0.042117133724994919
-0.057769095505848904
0.20070521062788024
0.25093618434400333
0.33104730515645892
-0.062265567261835797
-0.045496849790809167
-0.64637456746979727
0.11009523536175266
0.39442385482981845
0.68622771201127697
0.16980519338868366
-0.16390707468179397
0.028998914199931572
-0.12323180990878733
0.2156823171285733
0.40187076971733293
-0.24843172601087379
0.15215271989071105
0.10396362075068197
-0.30276611062664038
0.30152696159743153
-0.19107451619059476
-0.88071168652006759
0.78654355337904625
-0.11695170251400394
-0.33694681027940376
0.066905662962344722
-1.2300675131238128
-0.50953001653417906
-0.59653313108215678
-0.23708578636140157
-0.067925504748849286
-0.14190461012653383
0.33913050595289979
0.40667381454755636
0.11589583213329156
-0.22170917924027628
0.15851015222786397
0.54838800297392787
-0.14500282387559513
-0.33908762198165637
-0.35212029141273898
-0.66404229912553092
0.11739165235239454
-0.2942956008837872
0.38567593778192777
-0.23101233195143472
0.027602075825603863
0.60669440862067492
0.045084677266673173
0.015557181459929322
-0.1603030449045949
-0.23170788436267442
0.32538147213155877
-0.17029012544563701
0.018945159284921124
-0.26935939566598083
0.023627089991522333
0.48142949251762479
-0.24399694009218167
-0.16344747324689818
0.55798843299603174
0.17292364294193976
0.1403518121232486
-0.31172356224226622
-0.23698256155647882
0.39772930549324031
-0.36426640681115585
0.31214096432988725
-0.2306466940791296
0.16508017409792775
0.61972244611581129
0.3078954675869191
0.088933612388209932
0.61006784074384401
0.13252618332326335
0.20738853379289626
-0.1654343891596837
0.30744839757501891
-0.28445269756713965
0.21321905688794429
0.78418341976900885
0.0039976482735624248
0.54231667045842591
0.032735897352168759
-0.0031960314444159023
0.73191147398520373
0.087123579860035272
0.18986697425281127
0.63466121706817291
-0.023078772323398718
0.10629338089775238
0.33229600615677696
0.086706362732524689
-0.0018194192020055714
-0.66732308636163518
0.069175965554357843
-0.75357417925161307
0.038521375727971312
0.036982643946523362
0.3372398549598154
0.16326214877055328
