-0.35156797886488028
-0.030839884918097148
-0.24144651034240033
-0.31879317537324431
0.19750357988026598
0.58162166415378003
0.32287142043511041
0.11089819997822831
0.23901520018304986
-0.37511681856873763
0.41612610158668478
0.73668697168459174
-0.1835408541112081
-0.053832680026410618
0.71889246071008106
0.19214724701355287
0.10385657323605205
-0.10874676244851311
0.10751911628086858
-0.0097556214734719777
0.53626970784476347
0.26219439145764994
0.43081676023668863
0.034145864899204445
-0.32507022919484274
0.08359369588886556
0.07473044785286867
0.11349993260328423
0.52821717990887318
0.47100279763288805
0.35885824274310302
0.095056630206856896
-0.2290851173752374
-0.046485385293336262
0.20697745494443168
0.15503665320231697
0.88221783794261399
-0.16532075000289395
0.47460413653326439
0.16994106867126146
-0.34556528730098546
-0.36882569387531228
0.22241666581264544
-0.3865905132933864
-0.052578211335321118
-0.1181002374841323
-0.18288668230354518
0.12809062463016541
-0.058291410809032281
-0.68312867808553634
-0.22459860971288409
-0.55595849997951596
0.065780779612593793
0.1098066447664803
-0.28558889309024804
-0.21649162660239027
-0.033967442703970785
0.53833956687352313
0.59383042907005767
-0.26518656910314409
0.0831318138629068
0.1515290599039624
0.36270858228215636
0.021494758433490333
0.024062734968180833
-0.28132795954024803
0.30406358772973568
0.55605210393388149
-0.46818458105263927
0.075058855093940891
0.20546437878625573
0.092309420397323663
-0.57541586700503033
-0.3187672129852982
0.28157080351905761
-0.065778327435320236
-0.14708577006382484
-0.78647819471304781
-0.59399534528144704
-0.086445598532693221
0.36200878166133527
-0.72006595267651063
0.33353977148808955
0.8376445123584042
-0.3629304290019818
0.27644120626133684
-0.26905199683845016
-0.13963847782273001
-0.36024280542222936
-0.11237393489369978
0.44600760873308748
-0.20370170540899915
0.53962980961026119
0.53026556548078441
-0.60094517715851947
-0.35846389408827939
-0.48472487772689127
0.064911356437604983
0.34614640811223324
-0.28230658173150075
0.65799885177586137
-0.10730104416589389
0.62679192771063041
-0.015501686300123482
-0.2464383983295507
