-0.4406496532425675
0.51730595853107564
-0.097710838581293369
0.782157840548937
-0.32805698032768332
-0.36117338653518316
-0.35017185894601316
-0.11658023171316236
-0.46954021065684837
-0.37621122758366754
0.20413960696374794
0.38165739591923259
0.57414706970913953
0.012454107528476909
0.60336938772838633
0.11386917901862711
-0.17832468740832416
-0.0064878921134750855
0.41689502109257198
0.013836098963014864
-1.0053370800857055
0.68488177012427742
-0.5418743379780796
0.24952608857071978
-0.32988754885754434
-0.73118937764364
-0.40386383370892842
0.26830763564283
0.34894761595252305
0.27666089636520474
0.059991719521150635
-0.16188775527940188
-0.56189630516350197
0.30980149621713637
0.14286545908010484
-0.32736957445754311
-0.5269937911014041
-0.85134402150597088
-0.46979714397392625
0.27460013012784529
-0.34380091500970139
0.42117599440998876
-0.28306919433034528
-0.25112954895406114
-0.044990446775783711
0.3379643142597355
0.42408239984790114
0.65951942035830635
-0.32967634657854367
-0.075945218228268468
-0.16116419310427754
0.55349198673839162
-0.1639771844417888
-0.79539290660381645
0.15567973136391849
