-0.3252153796583217
0.64531722126303248
0.067997002119064662
-0.23878296753234035
-0.36413708438313136
-0.34443038939906617
-0.29768010697550168
-0.48476796144759526
-0.10468174322716332
0.15036948838073025
0.023769141951762607
0.54323057943128816
0.34500663665211562
0.80701867507958691
-0.18646045510227077
0.19812299552962215
-0.18022578665903738
-0.62396812425280579
-0.09948879249119863
0.16666045851916469
-0.26483310819789596
-0.62010984848225514
0.080013787072889295
0.23957535444656736
0.046029753251351807
0.39470985958996951
0.21486462436792034
-0.60912843339049183
-0.45548886122877746
0.11144509431500299
0.031301347510679575
0.4244151593030917
0.063548314489010035
-0.49077131700006382
0.079209368847543413
-0.05588915711026262
0.10960089261205562
0.12793087859751254
0.68834978064029362
-0.25508892036055014
0.23977371227133792
0.12809748032788429
1.2227467856307408
-0.54264742316658376
-0.56898821146609668
-0.3298792769499781
0.15984178211739197
0.41798548928703783
0.23392337608890637
-0.19878687524733582
0.069132888847579926
-0.68362480626385747
-0.060702857043436614
0.21202356289937543
0.23686567218015897
0.28132472195585756
-0.63608034829214954
0.2709560523926019
0.068024492298593628
0.1703513073076835
0.14778686913356881
0.13431735864227098
-0.039004497599503737
0.17699926985988249
0.16712809380152488
0.31668305183528428
-0.28409472866031404
-0.017086580886967691
0.041130472624398895
0.089935930847812526
0.042700893620860318
-0.057203069457077656
0.2327734411506
0.39514728155271389
-0.051590483183038542
-0.15969320960085875
-0.088817757792676394
0.011246110374565205
0.11016415880440053
0.26139083101395522
-0.29936177136501196
-0.27393793869897376
0.1961358282819381
0.17918911765286957
-0.1923049297133772
0.12431053879253748
-0.21402650916778468
0.21667307748784628
-0.54807226378418583
-0.33430796627612219
-0.14237803965381557
0.18974189021557217
0.188249767298066
0.00093350838585782312
0.48056469010671582
-0.19245403945035391
-0.084202488086953103
-0.014071446910140662
0.74062677676568334
-0.25736913967074149
0.16565365307805233
0.032591498094538311
-0.18944088629304992
-0.49595351506563951
-0.037618676439783554
0.16969491559402264
-0.057618552419717882
-0.2273046153522896
0.46700596527995292
0.17181804768635489
-0.2753629541054945
0.37389591170621606
0.4499778135285063
-0.59240139229630617
0.56046043205943086
0.14758593829241151
-0.33433551693297747
-0.36205941866320523
-0.091977613339801215
-0.12282392293475999
0.44737447363177762
-0.4433391378729738
-0.38676489600983005
0.41149508090880599
-0.47713623860526183
-0.04205425977149984
-0.1707392585106032
-0.15189350870874294
0.12990854406214239
-0.44718300252286236
-0.71791866917726255
-0.23879445388797191
0.31187929239525364
0.17823767947733718
-0.35116084142432247
-0.10195037759846821
-0.042265182020851284
-0.31674525841549278
0.28790805015437093
0.27768871575341303
0.35474166094154846
0.071781726429225118
0.42483805303939581
-0.27618117369474005
0.29879839957220328
0.46754189050339751
0.087779939971914855
-0.38977402733386313
-0.32282059798745294
0.016662808564882583
0.047630405793197599
0.11982134341657218
0.65838659459289617
