0.0039481728984912595
0.15744766472252697
-0.33499746701471106
0.040899922399881695
0.11181791147140521
0.14565651609584687
-0.03933601357753394
0.41986850303032969
0.53235693508062776
-0.16948000397637722
-0.45129832930238017
-0.44072391510235726
-0.095586717124654913
-0.4317804358003533
0.40956146911466518
0.16128312216877119
-0.13645854175615524
-0.10303188957988581
-0.37087208578620001
-0.24838844620720385
0.23023266124892836
0.0047846643649142543
0.41048112864356984
0.030760078924428801
0.30097382106273074
0.045472175560425036
-0.11988369913078037
0.14491774415191055
0.085971092538984106
-0.063645632435414309
-0.10163641580413793
-0.29634950625836159
0.040767451572459035
0.0065503080561710655
-0.1361864554511765
-0.44951959760886429
-0.13455412235690761
-0.42823978720585287
0.070199652819632419
0.022483828206350993
0.41127665316627293
0.16092305397485265
0.00083256340596900736
-0.089575063406752489
0.27756774696330266
-0.49006965159065818
0.16549338927803214
0.16334867584380394
0.062962404613608802
0.080037504159891609
-0.13267567238477426
0.043605825514836272
0.78453120696240219
0.31574802622137604
0.10645837042902762
0.11309735292350735
0.10549879227003738
0.56460928849880554
0.34464721948032084
0.35039550583150558
-0.0042428351948727589
-0.24718272294120275
0.15484408338205499
-0.017327669916036834
-0.36086756375891499
0.014427155224305474
-0.010320414658409214
0.071620163974122505
-0.15581805650231476
0.007356957898912944
-0.093116271687800012
-0.10730583958897266
0.18756082966028323
-0.27478405526933269
-0.0012122203146921365
0.026339837292634602
-0.12690498736369238
-0.021938461483833598
0.37648415742734803
0.043606002071717137
0.011373396899945928
0.5413780556146397
-0.51215816314970175
-0.24235090495790063
0.064199843716519128
0.084123246973649007
0.67037032499930349
-0.27663129937486736
0.62084803072861461
0.07589056899941217
-0.11517379562924965
-0.089806767757522762
-0.47954522667585275
0.29278336878596817
-0.37212716146952091
0.072812712310243624
0.084290119498829141
0.082636980333165563
-0.25180880605758377
0.22194634906542557
0.17499059883254234
-0.11008873975199605
-0.24679018023696525
0.30762889425920886
0.49959733597904565
0.39387660402533353
-0.46577532287511941
0.61858172492346608
-0.22531016219692762
0.33408320739853925
0.014074291233706666
-0.071441578071424358
0.057529945211269501
0.035912538541796761
0.097907824193122037
0.13724028013899742
0.10468727108554857
-0.2050896938361535
-0.064028975894776352
-0.17268251702553919
0.32286518355662325
-0.49007074046004723
-0.1200823792571846
0.082655784139576152
-0.055890684005479377
-0.2953204474996397
0.15225159359567736
0.16152973613038488
-0.57685003450913386
-0.29674209636165144
0.17294733332007661
0.72543725134404669
-0.042310007971892855
0.052307524306730295
0.1132396732749457
-0.025742139381569013
0.14806651711792812
-0.24071829427987021
0.17797960224411249
0.33083454222948255
-0.12652405563827218
-0.032559971679745246
0.26444919151186397
0.29983112315097432
0.24001546635690205
0.0092868306451139148
-0.020965368625187566
-0.24727120516465795
0.13639856892539806
-0.010735281371437319
-0.22108236625506031
0.22473334003503495
-0.45267370804782248
0.20495557543748411
-0.21799050015283447
0.39005965758121552
-0.16608428334898215
0.33547524496299047
-0.18955801678016085
0.051547336165662247
0.086297661191716238
0.14681833984437082
-0.12282251235973837
0.28272133403491606
-0.47666010601758657
0.072810362551082905
0.19138274515104772
0.076427625550989198
0.1223648335438875
-0.083477896680207331
0.7646737605284053
-0.51001188166998024
-0.037696509580800758
-0.14748242678632015
-0.23253469183979131
-0.15111192625823669
0.070816947227201846
-0.20448676184010997
-0.31202557347170828
0.071231384314839288
-0.08029518658509803
-0.042394108974721102
0.14257271693099507
-0.14851223643888403
0.1844601122893911
0.1193278893079238
0.19111254616789891
-0.065077462375862899
0.28018995175922623
-0.17660129966734148
0.17948607484897086
-0.23950660273119229
-0.34203589891330466
0.034990515885639888
-0.67754666739661573
-0.11257478548875571
-0.20060588513855293
-0.13666201956706556
-0.58851995504836652
-0.29690019027144371
-0.18645727887576055
0.36722810070677836
-0.095924332115815067
-0.13924775921761676
0.18725478856239433
-0.11436389925890054
0.39101854364060129
-0.090313299492802118
0.30003407995423814
-0.21983331101620912
0.0065569625308652549
-0.35457962380070734
0.089970856896256723
0.04740457889311276
-0.061259950698546457
0.39791806192934365
0.3976024846672922
0.14198335773942752
0.32755483134592328
0.10282984474560745
0.47312766580048599
0.20773024004994148
-0.085664585761726295
0.70375759957486106
0.20684744521720794
0.17626929401359703
-0.26325257108510308
-0.38188563751911203
-0.10659313298961118
0.17559619158764789
0.1819131780391483
0.08498050414710269
-0.23702923316056307
0.094657127442387287
0.062633223479924005
-0.4662611190135667
-0.10898865998384465
0.19270370207795021
-0.26205498357249202
0.070492651915660495
-0.38125440286990081
0.32085061806520965
-0.033010714121959717
-0.0067886655572109355
0.16914274908994548
0.012080347651147958
-0.1181367583440372
0.049864616095651106
-0.23287355178680366
-0.35609524949774618
0.22559119393315774
0.011257359537762048
-0.37196689067810723
-0.078305559064351188
0.52575806543279513
0.38070558544729116
-0.16265998502743531
0.034447095381628441
0.0060372532836771306
0.35203605786924597
0.097306522269277232
0.031117278873643864
-0.091769711719879923
-0.20852706506821297
-0.015063705595970605
0.073834247238632231
0.10875417383507095
0.059757727284048143
0.19550688463128718
-0.13923969844351897
-0.39077647308756608
-0.16264272365537838
0.27714829623817872
0.16789965420832972
-0.0087340734454033585
-0.5521026820207634
0.51073528164530468
0.15225402215854641
-0.46684474522037772
-0.026311581558036312
0.2704775515819437
0.25944222513491233
0.31439636508645047
-0.12211787659392456
0.053045928912740493
0.50885503430677226
0.33574706504323831
0.093567822076307941
0.19727414279911903
0.24710442928019821
0.16177353419147791
-0.055136775305739495
0.13092417766732051
-0.29678657818207566
0.074342539297391333
0.22378349206229212
0.30751981383269023
0.20722305266864657
0.23306434754601307
0.33675584572332024
0.16196096231850907
-0.099062068459103814
-0.32796146321445674
0.33392994426396666
-0.62179604809082589
0.27250069244333119
-0.085883804694285915
-0.0099364985235208345
-0.35177040200318827
0.6681207186362903
-0.1566660831320871
-0.12003813729791385
-0.15780486184855202
0.060167066389625143
0.35335707984463749
-0.079077421571084591
0.075839157226149423
0.19648828559143813
-0.15637243502919265
-0.0099927206909653944
0.21316248345960664
0.14145872013998567
-0.31883175589465562
-0.068459662257780343
-0.084083979808452392
0.15212385884497096
-0.18795674509310484
0.065785220690342386
-0.27586466357004569
-0.1484511226074553
0.057456137004313602
0.23445200433174354
0.19655861695571383
0.34010437173318125
-0.048045818141432106
0.41110905228190608
-0.12674956959088265
0.18700218838727659
0.416476423695397
0.10710664597514612
-0.30265568014507432
-0.16455154376945133
-0.013165861343851858
0.12943494539540035
-0.48999015018176284
-0.17943279357401284
0.12099614352195823
0.36817008381617944
0.16176962451294047
-0.32511331894159967
-0.19092107301254874
-0.054630195840912131
-0.35954126791395419
-0.28206402100594929
0.1590320356443016
-0.42592284850453255
-0.2297586660537333
0.094112055435284697
-0.18483047736066446
-0.29388948388805408
-0.18659880576488894
0.21849620545744711
-0.30112933350204885
-0.39597511272001057
0.015321738110630279
-0.27534103599396403
-0.12159204974449801
0.020520610343448108
0.13809547779901643
0.18762520619207054
0.090934153981227922
-0.18189570095029453
0.24487949336823311
0.067544603392552888
-0.088147042667570924
-0.037705720484110673
0.076195165828873951
0.054104393092995293
-0.52317469177113363
0.16269591863119337
-0.20910562255040566
-0.29592526595072832
-0.42169490610108679
0.069307131702336849
-0.32280983507463867
0.063438069800897195
0.0084398310733493076
0.1757132463207135
-0.24695005272370849
-0.42974273290841286
-0.23835427470578266
0.086690078304914098
-0.41321817310830689
-0.15413063163175128
-0.093512790353852224
0.16149164415633016
0.29616308854991774
0.057787948101995154
-0.28347722513332346
-0.23985486152045923
-0.072736297767672833
0.26847199096822338
0.18951816945969291
-0.43917940561638052
-0.19483279205128023
0.3144125941019863
0.0062229072785530163
0.21864056655187472
0.017019033544059866
0.23283001111003804
0.10340840888453114
-0.074842385951608192
-0.10745554539558733
0.3272267851071457
-0.14433921115323017
0.10903895649544688
-0.22327929110427569
-0.30168295949460627
-0.3230239810812694
-0.0961474451200902
-0.34528174177489385
0.15979023757268951
0.23491068865946901
-0.30772186791143774
-0.61927904363685826
-0.61624895205526775
0.074805801131445485
0.20793036424710437
-0.088467707008185362
0.25720934183573257
0.0833009701738254
-0.10918329932060707
-0.1373206706895734
0.26483603678691048
0.13112218330396602
