-0.23563188041355024
-0.34379979093032625
0.68853795177990607
0.22554311833657156
-0.56936385302162673
0.0072037023091027046
0.35839887626507716
-0.41818805287104549
-0.059173367543475762
-0.0742991685863547
-0.51604227909574152
-0.49296026015055944
0.11929457536663268
0.22375255103265274
-0.44197078924473204
0.10264625985616661
-0.0031616556971632362
0.71438799179586665
-1.1427847821934511
-0.33575291076001473
0.42876024859470618
0.33098214844641799
0.65249507688606956
0.77205971481805058
0.76552502305783021
0.64636671812694302
0.42003325102001909
0.53550907453581342
0.27864482463641743
-0.28008141215279453
-0.44839047441179225
-0.44885224258232115
0.15547572574610952
-0.35238991263244362
0.68208513160535278
0.042288061145601859
