-0.30128919122681708
-0.053394756777561211
0.33982318746014073
0.027691999365640485
0.39034724201801352
-0.25093542592542539
-0.12909577821443588
-0.041387975553715463
0.06036345090150004
0.078281232487676961
-0.096189162634465947
0.11159424663106914
0.059919044807903631
0.068570963038117549
-0.36900905218664065
-0.097538457901521755
0.21667568150854608
-0.39737652699509501
0.24473270344393225
-0.30740543671202225
-0.41639782958770716
-0.15485707028228335
-0.21503647426420128
0.41383704235038549
0.2984964171822993
-0.31128638841653683
-0.040880617039665695
-0.23181221721146297
0.13734719360024039
-0.32204174395832935
0.055221590155711507
0.027243264516726089
0.1938080937606691
-0.089769411902622345
-0.1639264324069836
-0.41892751627127423
0.21632339752459498
-0.20768979534248538
-0.33924319322184859
-0.16063095427625979
-0.044275520745788846
0.11873429471365293
0.070062764045389095
-0.16527138152616691
-0.38521887601237115
-0.018416786199620047
0.50528785128481568
-0.12947586979022432
0.29879355118218764
-0.0085929026374837996
-0.59919148152683277
0.021475568922948062
-0.56172731919936214
-0.21173502754225274
0.44917960679043684
0.11494436903066074
0.31814818201662409
0.21910463092877816
0.045640229560155163
-0.45944931950392165
-0.038408955226854911
-0.4989463076641405
-0.010607853143470063
-0.18161147259094562
0.63261498289381435
0.048190744213491309
-0.41615346533386127
-0.17678709096011136
-0.26934087793427863
-0.27737143069841125
-0.5226840733139021
-0.27047457662315755
0.030952810848756725
0.1103585649069074
-0.12031046518393963
-0.065371920942888351
0.70881638672775349
-0.22493999709039778
-0.22468234881230115
0.0090454245207234815
-0.3217534283566244
0.060882221883791082
0.60958114430538346
-0.10327346835047674
0.063584765918228106
0.2679700433901126
0.27328917284383197
0.18099026901617579
-0.20245304690668203
-0.3509811904773974
-0.12507441861302598
0.041106258441508538
0.041141257794883611
0.2743733786009569
-0.34859686471571821
-0.20518050489839718
0.15112484355759817
-0.23219048839562759
0.070317767763224764
-0.22385795399579811
0.19141613814068364
-0.00030155340588763403
-0.067229194357197833
-0.37247647867192735
-0.16129792125065087
-0.32804958771133758
0.55156361340334759
-0.43704975390512057
-0.024383653269186012
0.71568824837595091
-0.24536064753067249
-0.54252799062281387
-0.027946897171055793
-0.6740692177339157
0.48908723873544668
-0.0061298689778238576
0.075930492951119699
-0.050551636702014617
0.081958486741403269
-0.37551710724249965
-0.43589354623439391
-0.21618165285067928
0.066474659277669629
-0.1385164896059968
0.45466929086503738
-0.11071003732864203
-0.10685017881686827
0.091909653536277128
0.33891265874697346
-0.16570144115582813
0.42896525937954305
0.078397578233437584
0.17709796793228247
0.038466789950463882
-0.14719134808382375
0.56543797429269949
-0.051287235800484283
0.48922904484848384
-0.041014121714683757
-0.29308884534430907
0.26184492977658874
0.32576773541403703
-0.7511252879459055
-0.30543591235000755
-0.5036217974663868
0.037707792625033515
-0.3525749039962871
0.046852198616117911
-0.70595670056681448
-0.33882481109799706
-0.1896470568051955
0.019764820981869626
0.29272366112689829
-0.44967059786595698
-0.65598588460879359
0.18672094144787926
0.0059571124624413852
-0.21342040890049305
0.06157095873634065
0.22975635796453753
0.19534473140263039
0.054889034027632511
0.014815553597685461
-0.012843252673812882
-0.62754724700685027
0.21832716454522147
0.154808791722192
0.35739826392988616
-0.17230402056965724
0.24566641350374566
0.30690374123835257
-0.31018492010343107
-0.12618872308049858
-0.25864152293662002
0.38752338109228168
0.23975722133631569
0.043668505356242573
0.19844051189138692
0.46157921546712904
0.07111880091998346
-0.3013870744836003
-0.31442588871529564
0.11521841831975238
0.24548161775818259
-0.046853497400364784
-0.025143991579922108
-0.13943373535933032
-0.13578522014144023
-0.44555010618269913
-0.24471714887164708
0.32073419821632332
0.12659241015049905
-0.03504229808791328
-0.07785730691643987
0.083799667777704367
-0.37054597366037667
0.096786923137546207
-0.018657488094494402
0.039754777698798378
-0.053606753431457183
0.11874223044947332
-0.26156104089452142
0.12887136045251399
-0.12851724676769691
0.005528030567152324
0.1551375138927692
0.24150828642732022
0.21532694118466014
-0.13593969271052866
-0.003889660748765567
0.21321857820661999
-0.2924131139370495
-0.31184905617453179
0.28373482822197066
-0.1403577329860079
0.10783553621154736
0.16176271788251576
0.23259194320888185
0.15108340619448771
0.56708614406795099
-0.11915367090997515
0.28650536410179783
-0.12157266195859077
0.32313682450699643
-0.46378516228319738
-0.33155175418954047
0.41204770578136402
0.094366091075277284
0.11635595415884387
0.26338964422517314
0.29295695779455372
0.21333210342059228
-0.4246456953658761
0.21582679403059846
-0.38004836343367387
0.28536226315698571
-0.014487076361447405
-0.061978321543653722
-0.41943817955405255
-0.54214059447662211
0.20107943105331408
-0.18414946081852845
0.23345081369289175
-0.18319994211748503
-0.10157000012172707
-0.056159293565338657
0.030547722582303708
-0.043143468831219632
0.21976620511779388
0.30230266300630043
0.26703216157961218
-0.0570775733522393
0.035590288231687653
-0.020936813864370196
0.52485297206236681
0.1608897761630923
0.19644025794627282
0.2665772531421971
0.084536266129205673
0.36420708786540368
0.045005607393374711
0.25374486838142279
0.14525124766268652
0.37978195272865461
-0.21599316844294622
-0.17993405904072801
0.20010733479188023
-0.13206953796873841
0.03751276145100179
0.32924923334926959
-0.15683475363774546
-0.21218396786609528
-0.16149486212181116
0.19499552039834173
-0.069466640653276637
0.40569082684814917
-0.16444135234143795
-0.21687417762623126
-0.25044025509855072
0.08240653866162384
0.15812242613512439
-0.30153808954501821
0.090613111777067587
0.14345264676887978
-0.40766416352503415
-0.22079833059565546
-0.20429837824911037
-0.12785609902693706
-0.025678162645259475
-0.32907821574725393
0.15876824323833341
0.22444713346123352
0.11546734411946293
0.1977427097443992
0.039198398799471415
0.41368357737816713
-0.028790342410518734
-0.20571422805082229
0.27437292203884645
-0.27968965017881042
0.17875790138721956
-0.16031265875424974
-0.33234506697862326
0.091078894595612803
-0.26487007141626684
-0.061685113755343197
-0.17255548257506897
0.074126857553186182
0.043343905338677033
0.046107343884712194
-0.26750132787874276
0.66571252776578893
0.083572265449057229
0.26974889063257618
0.26904381231573793
-0.031722912074382707
-0.019485626943622585
-0.037377140221656058
-0.3095219891659805
-0.36030325363096893
0.027349140764143784
-0.10439866412244683
-0.33553720230081119
0.20989715307922913
-0.0019446645818920868
0.070056098444419262
0.24574864705704971
0.21246116576979462
-0.33535398693778046
-0.20072358913835758
-0.080381227201062375
-0.015594317939759237
-0.13495683812936013
0.74286495566804478
0.072772077990030645
-0.37029023113947002
0.037461587190230565
-0.42534384838767442
-0.34979650260363532
-0.25457295915153672
0.39002680820214114
-0.20942070127010523
-0.12319314619849454
-0.088141383000096524
-0.11580247119158665
0.17460868693073733
-0.20605855550791499
0.23611003947603632
0.26469245297191973
-0.23424825834015214
-0.14998272845999103
-0.047776634324696053
-0.062853333521547317
-0.36011662343295603
0.10020887734113516
0.066904120022425143
-0.12706206179031079
-0.29288619984434661
0.1727535595507631
0.41674736794200706
0.0027588797215511301
-0.091253851571792846
-0.03333180579074102
-0.53631313026792204
0.089140657525365263
0.033446850236499223
-0.49487321411195467
0.10478136077212573
-0.36303016321066045
-0.25719152217278934
-0.15441192958757124
0.060810779251765396
-0.10038394892668064
0.082487723596716273
-0.061930361401087951
-0.28697963897484524
-0.18205839102009749
0.42234110352247561
