0.013022696869412941
0.88361267566708968
0.18881290223505098
0.98037812219161691
-0.31127179848507136
-0.050047434576195766
-0.45017756161335415
-0.10333647465385179
-0.18939608341300199
0.61513424248310344
0.045022649078500732
-0.38468992550995951
0.29355028588607274
-0.043233603903790913
-0.054284908201030914
-0.37703393297065563
-0.36016960859968572
0.087159724608923003
0.16347944295549985
-0.32291537278512344
0.24621528236816273
0.34509075165368441
0.074996031577323902
-0.0023099880193719036
0.52195047794491223
0.31326340762700527
0.13427623897654931
-0.31013756816919053
0.19266717219755636
0.24182418035689232
0.47672990188600867
0.56408694124080838
0.55931252519988994
0.47225236332142145
0.51226299010578524
0.15855651172982876
0.39125688086548083
0.20358516809646049
-0.20463477636170826
-0.039008464566221354
-0.2409269333373304
-0.53541024931368442
-0.30611211510320036
-0.20444350641932374
-0.32760576201294295
-0.32794314186825296
0.18419327626485285
-0.56854211861059578
0.68618032198475931
-0.25746525058336517
0.49834916674000024
0.14324447887385489
-0.0094973141848101253
-0.51969901771337756
0.92539014255506014
-0.72199582628962378
-0.44686961080552856
0.36386686080985725
0.36936467255380201
-0.39134477554315034
0.19000282439641708
0.40902724972273541
-0.71241352834412786
-0.59115987244328372
0.4439383079182862
0.16282952735787148
0.11421363548307822
0.28386513467117913
0.22160854093226628
0.24828150849448735
-0.061650996675142594
0.0094843712157814414
0.21315471840217354
0.12256430099196618
-0.38984782441625393
-0.0054263185575430337
-0.10420579608482662
-0.025937595230817293
-0.061663675577458235
0.39196196562760022
-0.083384649786936521
-0.31812112053477715
-0.16898417215227174
0.25682047687811371
-0.29012546291777291
-0.022758842734270153
0.34475590202091733
-0.27816276199519308
-0.38154454445548652
-0.59357006913536547
0.69882388019774921
