0.1868005042917267
-0.35365145487532845
0.60029288657677649
-0.016636211031812349
-0.014157263263695612
0.33919897074337974
-0.023579481411127007
0.1003384835131588
0.3252604874702178
-0.026871186340386294
0.13189989307853425
-0.056969482814127247
-0.3281557445540495
-0.13153587433049477
-0.12519529401324644
-0.042416754060474043
-0.34400576504457825
-0.063794067435170757
-0.1965498072590452
-0.24391571954039715
-0.28031079936198228
0.11631846825322756
0.49007773071512484
-0.015607227450859119
-0.14566794417974824
0.056512646005634375
-0.032345172380742901
-0.33133301089648387
-0.27952156605414025
-0.22115745121447772
-0.28155582807357277
-0.28166681307316999
0.23682758986557687
-0.079208908971448957
0.12242753346188801
-0.051406293101435796
-0.15210578876028943
0.16572125243670835
0.044278372607868974
-0.73251544315537143
-0.29140580367287583
-0.75011144391490203
0.49229610107909033
0.12473605136951618
0.45790876736345471
-0.59967976488476937
0.66281322409308341
0.39426173203793247
0.22129809784452231
-0.23181632154215889
0.21711261413201796
-0.32353894743588335
0.97481043762245723
0.13978149002892257
0.42629071782619044
0.12023071974338868
-0.26238483721890188
0.28383146230865941
-0.33533586495094914
0.12785424171366724
-0.29521209003953564
0.14569807948424676
-0.032578676606057268
-0.29771976646623438
-0.41778962172286971
0.43848816147698183
0.014281834668910419
0.47916116091912786
0.20077486475141931
0.157545165794546
0.14757896870917342
0.34534698894054622
0.21868113591860436
0.26577536281373526
-0.082818053402216985
-0.33036673552363277
-0.33796420653747766
-0.26549215535417658
-0.21787697308123735
-0.24137090086959165
-0.13061568717749186
0.36119583251802256
0.25144617793328444
0.13748729808023258
0.01735266379280364
0.33876775814838439
0.38425434775526862
-0.13121981078919415
-0.11368869820680143
-0.77760968378518069
-0.17932015311668834
-0.39354505890880831
-0.39895992940118108
-0.35975407133148241
0.42549372611497049
0.22114985526432007
-0.19918368740345446
0.081080545423933489
0.13594838924175903
0.038765262171670888
0.25573222343456198
0.20824687835303096
0.91576900102745973
0.35254192703330256
0.2502789646918912
-0.14276179148590512
-0.3300928463606127
0.065490823057005931
0.16599247500021549
0.31699336394252209
0.21042053422177348
-0.51797311512853783
0.25310932507094991
-0.11364270208029736
-0.50026539978233053
0.093637050221133902
0.12269304222050707
-0.081504986469523283
-0.66706822093580231
-1.3221867190164731
0.20435606450654956
-0.12770711428482751
0.041003855926220613
-0.52983632928978819
0.21431238575502487
-0.099592519843206218
0.58979678020187143
-2.3016786775452627e-05
-0.029562907745968637
-0.27775735216625203
-0.079269635698332799
-0.17850512141335528
-0.5548340597531165
-0.12694896592278887
-0.69357304379954476
0.56833414911408286
