-0.26714577172959203
0.082124140154629613
-0.23486460752841903
0.13635339870413959
-0.19147974435587614
0.18771939139098234
0.42683471831714015
0.46600183865665534
-0.0091275312424400033
0.26136138997901526
0.29539625827247712
-0.36298324571820084
0.043094287030862335
-0.19331538147450464
-0.28803280285207705
0.60874993382967668
0.37869146471257709
-0.26465539795755544
-0.11800055815374012
-0.021843978061453162
-0.15480371461433245
-0.19341377482666619
-0.27047495339344718
-0.0087846765602936933
0.057392370704494433
-0.19705937567975654
0.15310482837014039
-0.41699747076640165
-0.43583935370709065
-0.46252687905990558
-0.048070800141205502
0.30812100036668832
0.183551336752204
0.075042141885180977
-0.11606038637077273
-0.35864142536905114
-0.65701901654325634
0.45275317970848949
0.10031332350248474
-0.018179832348162749
-0.63152932818622154
-0.02106309155941213
0.012163091833976524
0.044268262987572381
0.23890106952292633
-0.036629731963433297
0.45116898680897177
-0.15016448651672246
0.74966282218443892
0.48245219313900833
0.047907669222916623
0.004360889258138146
0.46797059307562194
0.59216668925150318
-0.31418855172566762
-0.14275552121307131
0.14623460513505401
0.0038479330231354814
-0.24098496784402462
0.93684139565042823
-0.34718131910934524
0.24244566844298993
-0.12419779514007434
-0.29505014658276918
-0.242529358457901
0.86596642688566905
0.24772762109954929
-0.3783674564632763
-0.12875489331139411
-0.15581218834485347
-0.36790267741211696
0.034246159525420296
-0.2382530920011538
0.030612546493613772
0.37571710667572461
-0.14922518945977728
-0.64161256815145351
-0.22370748858812955
0.33284585152493767
-0.077980508006306709
-0.1822131596653489
0.094437099936738725
0.34318727314341874
0.072965478178715557
-0.31986534837948855
0.50252535974873025
-0.19781654131748089
0.98047186640261819
-0.5516476696868432
0.023531922151411755
-0.38954695106517584
0.52280246521992291
0.2255006912239873
0.5177714704565991
0.27984810300495672
0.14325628185883338
0.21867215239058496
-0.28091269186563611
0.15881994816754497
-0.15541942698181205
0.081955258570885509
0.46110607048065699
0.07311099169671928
0.3568596055671705
0.41026625709475667
0.19776969725909557
0.092600640142140089
-0.28190280935700401
-0.14342225330864924
-0.067048528294964396
0.089775982254104741
0.65341902396012308
-0.33372246929642324
0.02377842993246514
-0.078639064877884315
-0.27044729597617667
0.046495553702285933
0.28734447273104941
0.39759322401996128
0.36863019215613707
-0.47167513454974463
0.04386417548853272
0.35567337228400281
0.26131244692465405
0.57692330676027292
-0.30964200739652609
-0.17689955190538814
-0.40331177695234999
-0.29568434803304289
-0.23773752046792404
-0.026272882261245127
0.204816803893731
-0.033912419333235785
0.2452743876190385
0.52080477945648962
0.23252254229370453
0.094670549807026189
-0.33566015466815857
-0.56822206883100979
0.36313890848451963
0.13255135016000538
0.0281813707381307
-0.22652677976052193
0.36186508235608983
0.36029837555436001
0.31122574382509605
-0.019466071089483575
0.26114561235818579
0.74745752018586564
0.15224761944225765
0.019005041415953765
0.29571768190120867
-0.22143812486032907
0.16981177389862845
-0.51249936897347925
-0.11811384409929696
0.31400554625499588
0.17064424340380457
-0.079723770585856724
-0.087073780338779022
0.32145596431511791
0.1188042186126072
-0.16011305074114865
-0.13071187905075718
-0.061280488193928194
-0.011504746350826633
-0.53198494641963079
0.33804151179200925
0.061007484484975713
0.09943389642346169
-0.50603407537490119
-0.016517571844469888
-0.30891193605995598
0.20548015211042525
0.17275429744198556
0.046354616466196645
-0.26585329183674067
0.35191049780039807
0.2844418945764684
0.3873248148562598
-0.45327481528670621
0.12076561655873069
0.043784953422209699
0.25330459085159346
-0.29093568188426255
0.25749685421354956
0.029293691339183664
-0.15464231573903989
0.0024125157706935884
0.030664016449752238
