0.041344897617222376
0.49621881341953816
-0.29428265106496548
-0.22228481635509367
-0.16624203280291425
-0.39707725095318125
-0.67851186134809327
-0.11133791013447913
0.065037451582696443
-0.33618396633692216
-0.20222258404906956
0.29930400095002552
-0.22410659844108524
-0.22570134992144636
-0.099335928817277985
-0.50883051673879343
0.40523458889372477
-0.29752487191505145
-0.09332999414913519
-0.036029276465837
0.06405330566392424
-0.43004079093749603
0.21206003528096767
0.34711108480506853
-0.1578603542297807
-0.29104427656578974
-0.20873827633936615
0.45017729539199242
0.51074389636739248
0.17144293525265333
0.043744889267093641
-0.54653452960455084
0.010107450755818377
-0.082173778746767664
-0.036794897510315457
-0.4527218422175352
-0.35247026640950413
-0.28160965391033371
0.039070094520795691
-0.20621610133302082
0.53128417304515496
-0.65595085312044576
0.093916981188188031
0.32010723357852561
0.22244914785622372
-0.33308157949112654
-0.079065557491389105
0.19019729763017873
0.19613494503743825
0.33066631630292415
0.39160535512324895
-0.36990367021381809
-0.094208802499839317
0.029085170134905896
-0.063990620233977877
0.17511958908492842
0.29228140057351498
-0.013067879206215015
-0.1047117480783565
0.1758088185264928
0.24593635690233159
0.045160840612195254
0.084664394533627826
0.1499605878773376
-0.40415811923283501
-0.50866338219295526
0.37218996733339843
0.11605136600383793
-0.55430638524797304
0.095051191242480085
-0.034545993947265888
-0.36136110746464473
0.11543177567039445
-0.092236469070740248
-0.18517983117437423
0.46989780502134915
0.0045509713213144247
0.39124726088312711
0.12183217285074278
-0.11900646524285773
0.27818149566835715
0.10403148700446743
-0.29498993177275895
0.09947568711566572
-0.62145127848619608
-0.48848181095122239
-0.14000111289808539
0.097315163678535641
0.37538878433811718
-0.18364288020740174
-0.27586917535678634
0.32218024291672126
-0.1675701008906379
0.28375181248305931
0.25160354200313911
0.083413782626745536
-0.43609991722321712
-0.18687973274671943
-0.29139724954146279
-0.54073640567504833
0.15022885449447684
0.23565603418254011
-0.17813869336061114
-0.10271911057020792
-0.44790989718650653
0.41977550342527886
0.026944491564436554
-0.15233317282293651
0.1352066079173414
0.19709999199418504
0.28978670956645841
0.28605990443229135
0.19593536160878827
-0.0079114468767083855
0.52967343941407286
-0.42078889746984016
0.071293053406999277
0.12920511814697552
0.0016780079401094575
-0.11491773361468034
0.07670912518792658
0.32984910351710278
0.026271790485129311
-0.4924987662762812
-0.070209099441375891
-0.16889989076040621
-0.38371469071978415
-0.0048035105298132449
0.053966666769748303
-0.25321491916051336
0.22154397096685055
0.054151583951990656
0.20392044865317191
-0.056197034808546903
0.23248088643805218
-0.33792219721362265
-0.23831875878845768
0.18072572292458033
0.13593045398754849
0.15620970090774197
0.015805308677515794
0.1144297911068181
-0.34174030087187474
0.41020907448806698
0.36527958969324403
0.13214791749334731
-0.23086162429840101
0.50172030403092727
0.082537998497188306
-0.20834626280277596
0.35078711071883162
-0.31704120715725209
0.27076951529769416
-0.0075869479259329919
-0.29631643302248573
0.024376117639632301
0.35173627369270516
-0.19316830756293593
0.45377206905592199
0.80581391316686013
0.36038241118640529
-0.12553146960217637
-0.005516547285655646
-0.31141092430307815
0.25134249817442522
-0.0093808807138735257
-0.5383842096934609
0.65738641822582655
0.10231737595988344
0.50595430648833239
-0.0059473967307271287
0.10579818262601116
-0.030048709490100217
0.10153845599846319
-0.0034582549793783454
0.49367181981679853
-0.10312266325789765
-0.47212106759692546
0.084243855982762114
-0.23143490819547199
-0.047723078442605975
0.35205884130378901
-0.17551151829273051
-0.24443541511368916
0.49172063437100655
0.24402001233369996
0.48602255678599982
-0.045045037510499972
-0.088134975219878439
-0.10861686849560825
-0.39980118899846889
-0.063297927800415724
0.27739951408148245
-0.1758564076660783
-0.07532652318788928
-0.14812384040397886
0.40180808646423682
-0.18693854130742873
-0.70572344813155918
-0.14689772517648628
-0.74775902616159817
0.54007783157599831
-0.19906300905904661
-0.19228282061420582
0.31066209200390682
-0.48879433549013318
0.33456660800674776
-0.17753129164761292
0.39981749597521415
0.21542959351006852
0.55490206778072204
0.60290019858560218
-0.44151972217967617
-0.13092323497189243
-0.49633669584853229
-0.35008631411852464
0.29309904702940837
-0.22565891992120526
-0.33798758964824865
-0.37484225269021704
0.16508867773669253
-0.30895738125574579
-0.22077288344340226
0.3814477429759533
0.20940788110469494
0.23044154199473321
-0.46067612011432751
-0.33131229018937119
0.01498118117435299
0.080348359015878917
0.036622362586347115
