-0.11646568573466555
-0.026724075319821773
-0.42292537027401556
-0.12744458485993806
-0.036905497868633834
-0.39043738764803909
0.36671304083826806
0.089651826300313139
0.12659705786152828
-0.28582455692986763
0.52627711786426834
0.52893717204588653
-0.2347533233088922
0.20532653271031909
-0.79737373276996826
-0.014396667068481458
0.015626158030755115
-0.35612261827564651
0.81226920979714723
-0.52629131557642284
0.50062653449119654
0.056865089245245901
-0.12403772028755351
-0.22251675039667074
0.22906284455194134
0.55107955613767468
0.60224424820069433
-0.14886232423283122
-0.361411563972665
0.17052272455257955
-0.40134755634461849
-0.07744496693589821
-0.70954240295124116
-0.13790944617741835
-0.5940475126957705
-0.62932366839206721
-0.35985047665318909
0.67894675279232608
-0.41695168318898879
-0.015809556150468716
0.45990809267320559
0.43490193040947817
1.0539860396923795
0.44593290692581478
-0.055481421223680799
0.24457554223205921
0.55696524041932272
-0.068425933947193721
0.03283595365286484
-0.28667193705251398
0.25657994733535838
0.27099890345804672
0.0085134860435487746
0.55521527012446381
0.27348979653520705
0.47491259327079255
0.10965662126292403
-0.25930216654419985
0.59300714699066182
0.077559807139974984
0.27783896716688933
0.84722012483187581
-0.34543836950489432
-0.064395218357073181
-0.12873306901484147
0.57345135975504757
