0.5558287787480457
-0.18957133769452303
-0.041628130249064955
0.74700714832489734
-0.16901990882473181
0.21302127350743921
-0.095155204034083271
-0.024946843270907255
0.18490433404108683
0.52764120403618453
-0.51948601449832255
0.74039195470508978
-0.36338364479157559
-0.0052666527279693308
0.033473516227043476
0.25706083408546027
0.33824997902722881
0.23357576642143693
0.0059865463296096284
0.16972597690716842
-0.19795235320777296
0.15183308796228068
-0.28015448140954491
-0.18929978790901714
-0.0047567457465525504
0.17459075643568228
0.68008880870079091
0.10671734955490544
-0.10522321201906601
0.25105772141227767
0.30245633443624653
0.41759535847346019
0.32758269501611065
-0.045125504185944833
-0.43593270351462371
0.15648815343821268
-0.036514402742775592
-0.3462450472074074
-0.45683065083281083
0.1107118372641538
-0.21908931750607283
-0.042634667591802421
-0.3285511615284461
0.12516010253720355
0.22877872020866241
-0.073823040182169328
0.16932773572717144
-0.41829282474545693
-0.065463246957419535
-0.064232866780996808
0.37533142268765651
-0.059465465160941332
0.58286200964119272
-0.50873503935579556
0.45331304977210912
-0.18428146003420179
0.46065018527458029
-0.39800807131144383
0.32696761474717806
0.69694410792671035
-0.044762860565457765
0.23245743881533174
-0.0090655675992077425
0.59706186767183889
-0.34838150553497405
-0.31295898783764564
-0.41234230900059049
-0.18415050372426117
-0.00088651665135073079
0.53265254897714898
0.10722706228601908
-0.11789151950653425
-0.22705016682971035
0.050710766922971787
0.37469728172738181
-0.2111678728279664
-0.44368286928297573
-0.17519404813340786
0.30550458335149638
-0.25818087446623028
0.093991889788901717
0.38660496728467036
0.54178001224044225
-0.098657080886052115
0.20353154519246572
-0.077602128089691538
-0.51652758882289529
-0.31089194651012081
0.10873601101490545
0.20615810022412887
-0.037335607219449951
0.23550101922755598
0.081025783463146261
-0.87286544750165929
0.10488587942823273
-0.57523814311017474
-0.46804642357293269
-0.49576280400339812
0.28495707313564
0.20734661024120213
0.2797669489977026
-0.44545626439356473
0.17595001663070831
0.081073478933692864
0.07907125557011957
-0.24720974982065494
0.06028749817784735
-0.23445089533575797
-0.032950164904984154
-0.21563617992134909
-0.29918194450613078
-0.249565456962868
-0.26621690990676106
-0.25666876689070123
0.013893210746485722
-0.40422895109593093
0.51376164881585962
0.38724207706450708
0.094242683374806957
0.030989730772616932
0.37974268387873827
0.032992058510801156
-0.16501590268916025
0.36254955396712579
0.39887378970499332
-0.55366381278296684
-0.15204065203208877
-0.26321150062038418
0.15235493931806227
-0.54870496037016225
-0.029060536244411052
0.43424142191910869
-0.24077949947583926
0.68618227971160539
-0.20639454034578561
0.42143499454857974
0.30590085427196134
-0.065933509704939219
-0.32583868254044562
0.43335396919009656
0.52298323123279933
0.21049709326503624
0.40795292972486363
0.28624567340160367
0.079114959767995804
-0.48117002491109817
0.12782746468172693
0.070345318510089044
0.77510857076144246
-0.19878506306278687
0.30584144293083965
0.29054262736667885
0.65546748892333451
