0.55417198480537067
-0.18558299499797559
0.032833880778853283
-0.13952862258259935
0.24420526361373596
0.45501624131278845
-0.28128562391294709
0.17227418346172607
0.11771230831373208
-0.34280546891013153
0.34140244839661271
-0.21634319965310503
0.084462337859665809
0.51730485022706441
-0.19980441702269136
0.990448943651417
-0.1427717366580902
-0.10157560330260461
0.024385562253032188
0.20004440405360313
0.28283371848662986
-0.0051126350366967914
-0.12495767498935127
-0.13403341667580757
-0.027914819832300819
-0.62268085044525368
-0.15132057581588668
0.39502477277165793
-0.26612907165562338
-0.096086391754915554
-0.043640445922832255
-0.35207613739864746
-0.38335137921327112
-0.0892476223037032
0.18680751987969105
0.088413304023204783
-0.12739129576752142
-0.71672268857546306
-0.024908334999822361
-0.17094244728840571
0.25862704102236561
0.24597058095880422
0.29025434925133897
-0.051872734298297821
-0.23956012462322934
0.74120511156549129
0.16716387639448566
0.10235779546151073
-0.62471329133871445
-0.18479184691823639
-0.10143040139402058
-0.42242897733384283
0.29450178423572809
-0.66241780814392948
0.45865527213641127
0.34063784566218441
0.31579453314161243
0.10570413096591491
0.0094893083596577915
0.88102420276776661
-0.075713422872961594
0.17862787874222769
-0.45752654485728633
-0.10368734479166639
-0.1366863579683405
-0.13410529965955453
0.74831715414214883
0.41419591048924609
0.96003552205871467
0.53064060809986813
-0.50153481355345153
-1.0396938372576523
0.076799857389886775
-0.2668533614730601
-0.75886590218307137
-0.25135821735973396
0.54244815048389461
-0.4153059855132894
