0.16428453284848238
0.08922601614120651
-0.25209258645830257
0.38624909214178094
-0.44432241914959081
0.38390261416020471
0.49192243924657569
-0.15250695856515045
0.15661164514291892
0.19104934035520901
0.029836626784196942
-0.22181490190418052
-0.14828426696536398
0.47919138294587449
0.0900357877006807
-0.19693514526984557
-0.08699583630870393
0.1908677873893703
-0.077563519949441856
-0.060608161152235752
-0.56712925984094109
-0.54349151260343964
0.3800018688685276
0.27582156575315536
0.085859050455716443
-0.42097668008316047
0.31747925602770027
0.12166120022348963
-0.024852374050750602
-0.46794175164227014
-0.1734227813840605
0.38812092430901013
0.32994884818530801
-0.085357073534229388
-0.29831358143120928
-0.055470348646976163
0.31320745042766746
0.33892818250482243
0.091921057051187124
0.64844990449843309
0.42987422331617031
-0.20750339714711769
0.58191583635176902
0.22584896257250964
-0.14862138294775498
-0.13896951040198094
0.18930053052490992
-0.2363313336984125
0.17417905922119656
0.026999103529710373
-0.14554378023172379
0.19629009894458813
0.22608042499631892
-0.18108512864461015
-0.28696862899823922
-0.10342894860264401
-0.021622787855058653
-0.35630132789986535
-0.32800412835703352
-0.015153476103727175
-0.59476448056237785
0.12873384695876641
-0.040191579976608723
-0.30372001354468481
-0.36182476835102717
-0.28363497482370253
-0.0056688299688240932
-0.52329949675095355
-0.27321882204048564
0.59454488842821773
-0.076094387248159048
0.25303033117467777
-0.41568993762363038
-0.091540114340114512
-0.36650340740316861
0.069907808533924587
0.49350043358984841
-0.10347833375193534
-0.12854389474904232
0.13178065234678285
0.05956577246409684
-0.27206513942670096
-0.25885289912612136
-0.04162263796583511
0.32097324382013315
0.69118924186157626
0.10712887055643619
0.40974170532672705
-0.23567130263351291
-0.17881696404292902
0.097801847611530032
0.40048314726207357
0.23279317269103492
0.019565588319634244
-0.076407837252628633
0.39033992356632524
0.043832167526089733
0.043453463036410615
0.0077717899835502485
-0.42801411739778766
0.0045519430557232326
-0.25865575955431275
-0.11601817669885137
0.3690766318917284
-0.42189931734455144
0.089794405059773083
0.22339025486822656
0.071315317204277348
0.017286648128838542
0.18700499358513686
-0.051063890871837214
0.080640732803755902
-0.0752997442760618
0.77486578139415907
0.095397918192247882
-0.25270800554832173
0.16647260233612074
-0.42371624227886689
0.51545735460531572
-0.14236211668090309
0.23798924077033687
0.085000376574160291
0.059517569484867631
0.054431677417985755
0.40002766503384612
0.035601759249956955
0.32103540552126392
-0.34296386193436768
-0.030354266927104141
-0.48974082895216642
-0.27177260546656784
-0.51458540426171417
-0.64211007261979736
-0.12360339917682581
0.14032758885486482
-0.14747971842187579
-0.30662135454963252
0.17906929434856
-0.23674719195472055
-0.10910247670049547
0.042952361732205006
0.11450259725277637
0.24349563013175371
-0.0084612715639057461
-0.18884144769463559
0.24494355644416135
-0.0086510108614472492
-0.25245535474997061
-0.434630958833918
0.30484323825994464
0.18516950401218857
-0.21813085672460694
0.1389525107462477
0.31272451324967065
-0.12958828937320002
0.13026501485008107
-0.52384181026902799
0.51002927513910845
0.11824512383632592
-0.1462183854996815
-0.52423053312699885
-0.16079967845817444
0.078591360547973832
-0.10821945844795976
0.62332072679513006
0.051396250847030985
-0.47086881518259116
0.55903031841580242
-0.0026612488071745778
-0.32425302129518807
0.081501560745607229
0.51713801704975548
-0.3131779894628664
-0.038685405484351086
-0.29677066060982948
0.50439586697647343
-0.0040537848891081096
-0.37882424169790613
-0.24679679886421563
0.20339885622812676
0.16221929608842839
0.26258362281188335
-0.16068739441158336
0.28740297161098
-0.06209855171063295
-0.14672476396789191
-0.0099477727629910129
0.17797721001822348
0.66405167117505659
0.08662325742107109
0.54857199120578903
-0.73330217635485495
-0.13695007265304696
0.38838800334796508
0.14479244062348653
-0.11776553970309334
0.90481833831952996
0.38376883783893595
0.26840311075112977
0.64472535761533989
0.013322953588674455
-0.26999215388421705
0.48695490197003327
-0.044184375829972637
0.66483437526444455
-0.021305079086910636
0.19779735768106638
-0.19440278546925169
-0.083434343690921425
0.61207294448682226
