-0.0085652354347784763
-0.2142979322968625
-0.78301039110058057
-0.06459796314857659
-0.14324218560682181
0.5675829252999044
0.46111455949547225
0.1975192253474308
0.77744715673759535
0.50375098419254238
0.15487503444986273
-0.68314721594379679
-0.30999552905335126
0.027851108675467657
-0.39812825681364045
0.33340445476096109
0.29856760684296646
0.41609139664918326
-0.12888543478790396
0.093420189916530935
-0.21231361702528026
-0.16508048778013415
-0.04926236144392139
0.20554923478524001
0.19297374199823999
0.48798274678635173
0.28469006023668336
-0.83208560484622374
-0.16706333096787451
-0.29214551004102896
0.073277122181489809
0.5416474441624991
0.61932493390733712
0.43144073883796874
0.53074573243357459
0.41826539939280571
0.11547072090320244
0.37369994452787919
0.30874110658701848
-0.051961297961450111
0.064062273048978019
-0.083535767605489836
0.40162572320067413
-0.29559870698638308
-0.058795405163484589
0.32127267942502402
-0.52161671001638743
-0.56169178441470669
0.43536840465244725
-0.026476606063255751
-0.21607295548284841
0.11061904315017071
0.53951342567053528
0.028503840904651134
-0.29558150612402961
0.44805483455690026
-0.25453526321332537
-0.22462665771513599
0.24233441932775096
0.2600360518057438
-0.92418211596631428
0.48095267584495699
-0.37023759669098644
-0.050504662970556717
0.13485251881263874
-0.20744477253867502
0.0053425038242272144
0.061378212173310388
0.061364954018901907
-0.43600516808509604
-0.050306266906562244
-0.40388040269701492
0.41217249856401361
0.035739470658992328
-0.33723464864431379
-0.47307816212253356
-0.41987991123839752
-0.23497204993969226
0.83013644409642884
-0.43595729817726697
-0.51429131211030155
0.0057467154757929488
-0.23594518426627545
-0.24750454884240533
-0.19945481375983568
0.0096669248760361606
-0.28896047793034391
-0.32433865824445879
-0.28203509564162477
0.056836322005873484
0.19368044730316894
0.1132509780379598
-0.50267326483162389
0.0093056364889600156
-0.12878012293686003
0.17433422972950735
-0.051664016580971014
0.083316308265763708
-0.24509150911289374
0.16280274873420725
0.32538480440348272
-0.15604265219191804
0.086260973156039297
-0.31016793798414377
0.15042222150711687
0.12971202476811938
-0.29090557754088686
-0.66133923457658161
0.69207604176130422
0.50023096433977343
-0.010612701258604723
-0.17070457095921604
0.10203634856817334
0.30838424643973106
-0.023133786227796826
0.13717928185593242
-0.26224395728340727
0.070831882105138771
0.46702843563356272
-0.39360043800819422
-0.072177398481387225
-0.038749634501128227
0.49099148005217691
-0.2416926374102393
0.35261919924140472
0.025288427343319073
-0.42507840806084385
-0.24765646419321108
-0.091021638902475333
-0.36550207156245496
0.0014344509087279799
-0.084936966494842128
-0.50407572089015462
-0.23637023220396977
-0.14453415697045457
0.4157045867638644
