0.12026551759748752
-0.32049568397862482
-0.73248626763356572
0.29135550817815586
-0.67133846020949339
0.034747518026121832
-0.32119427601764261
-0.055104992410612563
0.67646272635067362
0.047015921419122648
0.096252740779556561
-0.73858345042049567
0.13910093253471889
0.072706094777898286
-0.14591846650671067
0.32017412044868465
0.060078049760093115
0.046562402373886473
0.75949387182517314
0.12878905479769037
0.53949472869658432
-0.31748262435110836
-0.12945566969856187
-0.47519015380451646
0.16986654499331263
0.11684853445570827
0.62098190677939513
0.1042419129541962
-0.32731917878221656
0.50577341811207177
0.42507948895281572
-0.056212814296026072
-0.058572070007660279
-0.21405499943158868
-0.076178731328778296
-0.31499717621392176
-0.099904344133604939
0.17621720934328736
0.41403724339540982
-0.4362672765673164
-0.1687280127130828
0.19832298700030018
0.44792356172830911
-0.13634380249963471
0.34300417292858232
-0.1607500877618239
0.19516652479101917
-0.25594098527822312
-0.14402554215378305
0.17927567698874616
0.20238741831565138
0.69690663430772115
-0.21885913482935357
-0.51075353251985456
-0.60311729591724084
-0.10083946925027226
0.24228770614392281
0.42450737689155688
-0.43694487688656575
-0.39840001282667253
0.46886001853222964
-0.064202301438889733
0.039733379186735591
0.058250901163685365
0.26767206350947242
0.35583033976794604
-0.5932674863050017
-0.20287947534767123
-0.087382479364724819
-0.18002358461441531
0.18943638377436789
0.29153424621999791
-0.48360562739913493
-0.32075981671356102
-0.00057443397090561443
-0.020661425994640732
0.09328292309005938
-0.19906477262550745
-0.14079618671567307
0.44360700059181996
0.11773450615191369
0.029070283508917834
-0.31859789407891154
-0.086464617269767202
-0.45992521897182581
0.079503022926148664
-0.043809293327723479
0.10712255513259557
0.24169335425289643
0.80751504263748386
0.040321984926911851
-0.044033306161517613
-0.086862422903050587
0.86645938109788256
-0.27343119119679832
0.32039501747641341
-0.25537615797365265
0.43844536520011274
-0.070323505043621018
-0.19526320253093679
0.33582315273958635
0.18056712080457785
-0.99720368996037079
0.013918293533378159
-0.025686545634874984
-0.76989015597936306
-0.2454433097820399
0.23631795852588214
0.21573109778163144
0.038671344680394938
0.55833747308761528
0.047995364736263632
0.022404801805548095
0.13489118778922368
0.80273333069414821
-0.42771360760344124
-0.62099636814466364
0.036784146696834601
-0.15761322389728946
-0.14466873849354334
