-0.55954292821171114
-0.23668839038715905
-0.0012992270865544752
-0.13643319188374839
0.32378218598918612
-0.41306107504986911
0.10879705435795579
0.22284093672637956
-0.43768010499674531
-0.033515470406694295
-0.15346752175266087
-0.14698529972893926
0.18155439745723542
-0.050712254437179305
0.28644332959404728
0.24470225802465623
-0.40805094430427036
-0.014632334912581958
0.72543443044798905
0.3212824205801601
0.081297166870976434
-0.27188590184685757
-0.032037776260037093
0.50692151050182122
0.43732170580499613
0.22597103969222784
-0.2862343221500715
-0.33614034219818906
0.056758854875045082
0.5913567885746337
-0.78158799844452409
0.25436731328256956
0.41296665277954547
-0.37704256244344986
-0.39794327698677923
0.37059201763353133
-0.15320969115937094
0.22412615262979022
0.25140821864557017
0.43940835939051931
-0.25596892247326253
0.31214688315764205
0.060497919965487625
0.021494110657729128
-0.016062935754419434
0.13695901302544095
-0.16146106224489179
0.10201981411346134
-0.19212936368981337
0.065938662844729476
0.28137439948272136
-0.2351867019940298
0.3250499325216587
-0.52814607506390898
-0.061307505987313493
-0.49701234616959922
0.62723069375660934
0.45117613325339739
0.95499612963579139
-0.28616257806930812
-0.49617028857149764
-0.13219884912735866
-0.23705625401669003
-0.38879616950786405
0.27319360618809574
-0.47904457470835243
-0.45196754753581536
0.34027288987487686
0.11633834596802732
-0.40025357665072736
-0.039365999628090537
0.57179767218403132
0.33147605754079029
-0.47243710447431386
-0.3268222242926776
-0.054371848451660605
0.022768567813471835
0.39188396916034307
0.29511045911254852
0.082712163770306435
-0.64561752686523821
0.32551505780884871
0.42535247907112678
-0.42174466262285337
-0.53448286648592735
0.71053959534836753
0.60495838942530111
0.33461057891174278
0.666114246948183
-0.17690934739164496
0.048020036424170846
0.25449971368976637
-0.2436859860594856
0.079708364079100258
0.12359060768407058
0.17241396132222714
-0.63547414222352727
0.15031619139133257
0.18513565449633299
-0.56193350309472989
0.062567996066459644
0.24155831364761235
-0.23858551274497217
0.02940585333403839
0.072843193764091624
-0.41972502107154069
-0.31167479496277378
0.2353167355275034
0.5325388325317163
-0.38939183661052379
-0.022559709632822434
0.14133936014486598
-0.61678379979016995
0.13678508496499822
-0.19612060319333285
0.18252590787435674
-0.14373216155809124
-0.61939419178515731
0.1956396406796802
0.075473089812479008
