0.38379074559005344
-0.014630059930696705
0.1856784879591788
0.24410785833123905
0.058136758739923224
-0.031862682508268243
-0.14494864702369367
0.37557837800754723
0.071043663237025628
0.28761805019022357
0.33923050204198935
-0.56279504947492709
0.029544023626435725
0.6931703822745211
-0.38454564868073488
0.34054830925316482
0.030734493660366898
0.13643964669754302
-0.43491818217249961
0.24832154523403091
-0.22300423215108417
-0.44179163609615346
-0.65433948094784222
-0.28391583277119053
0.20816894540546596
-0.028764495915224848
-0.27329414114299916
-0.69367028596989178
0.31637188282342538
-0.35183470987684334
0.0008855841823208569
-0.094885712776029391
0.47702067345421684
-0.17385723156645763
0.41671112253273562
0.16399803217156358
0.31023517515712967
0.27678586495686563
-0.35968562733297071
0.25402786635082825
-0.43512312042355594
-0.16078984480966679
0.28824371509356117
0.021726711004239833
-0.071197542382609044
0.45962525879399496
-0.18521168558806761
0.1117499126003393
0.18699557625509339
0.084174119361343724
0.19834852636583894
-0.73783562391788315
0.052514934592242581
-0.095077393651090483
0.51167360001485052
-0.0097858848012455976
0.29498839568560925
0.12618305752331063
-0.39043377295438414
0.51440104475768678
-0.13537638254750087
-0.80367969388167526
0.23305579435787699
0.17655356071575956
-0.018695002995633998
0.18671607978202945
0.0061028016866556661
-0.4482918664752622
0.60668267975083523
0.053428422887069921
0.053571637044091236
0.43245483800825701
-0.44155619705117877
0.31238740288170541
-0.48497807756371469
-0.17458468262442495
-0.027163582387352891
-0.0064681200055136581
-0.1163269992824205
-0.57848114287398811
-0.16456107604743134
0.53396834819432348
-0.053081459436543466
-0.24490901084532318
-0.16195195869693019
-0.74776807968325965
-0.79328180114786351
-0.23201515606523138
-0.30960408279194546
-0.15030233701828141
-0.6458975554887465
-0.52489620635392165
-0.53541093233025794
0.29644501415569746
0.076227144378119477
-0.15080407002560189
0.12265663310430511
0.0044316873038915882
-0.087196863854829817
0.8264174777544836
0.10482682506545314
-0.31830674739228709
0.38461814679584172
0.31252665477645131
-0.03968766220307867
0.36615754851181204
0.46473980939434228
0.28098354896042954
0.045860202350896356
0.011952383783564181
-0.31388856858840797
0.10967536878670911
-0.093708194287310087
0.66083835003068325
-0.73276744716838382
0.039676787398033021
0.19166391032985983
-0.15584145836964527
-0.02686393276574596
0.63354044001689602
0.049125154284007926
-0.013957760524893705
-0.1724901665015578
0.64430869023009529
-0.013547451554331286
-0.14516881806873969
0.31583540205839278
-0.053355361660884115
-0.60045375245863319
0.0016229427429312504
-0.44693244325386106
0.29590085722425152
-0.057028406297541037
-0.097099700792438765
-0.24149304654087858
0.088501076256476116
