-0.42811636281020682
0.044008465019554528
-0.021396608655178014
0.05852861388888686
-0.80924883133781522
0.62582451802876726
0.14018045521303471
0.035258837850202292
0.39688522205116833
-0.29697160523816901
-0.09227188216586292
0.58947526030464992
-0.16197467618440975
-0.0098238546982359308
0.071781995968831655
0.43964180502975159
-0.16980775361803771
0.84175271348333114
-0.12133739705715831
-0.086326044620191569
0.020724554584946649
0.17001171136443707
0.24037185513369666
-0.00434507446625547
-0.106197762809542
0.077598216456776059
0.092818986953666818
-0.5291976924767865
-0.12860279786790454
0.33571965168424223
-0.22617507912832066
-0.081660929124064113
-0.037088700037116819
-0.29921890058811978
-0.32579878623598829
-0.0049813873945494256
-0.37944698758701129
0.74156665191043614
-0.075848865029954804
-0.60912101708070854
-0.021168843390509385
-0.1452788351957075
0.21979932934065441
0.20904298529093454
0.042319048282095761
-0.48005183535578283
-0.048967355535534371
0.2307747925464248
0.24667842562578465
-0.04408507387611426
-0.53092500275161802
-0.15704902263772461
-0.17913722772945717
0.20703918257597712
-0.080359251216342534
0.37714037521471211
-0.067813965356875658
-0.086202641893239326
-0.35900965941147533
0.25028819263737118
-0.64996504033600466
0.18258029291327471
-0.13922867204483902
-0.062867723632732561
0.27822418276171773
0.089834755882450767
0.0080646772476474192
0.74875592333940599
-0.064346556739684341
0.29524761656732162
0.35306336619234308
-0.040387769800108629
-0.088120750081777374
-0.11616561707041197
-0.11397205338496882
0.6359722013767598
0.35201262397501981
-0.25520586726014977
0.81590526287412568
0.45097546381927511
-0.42623932603592551
-0.88360446473607956
-0.56645383393666193
0.16221471799198914
-0.22679063122021151
-0.64493726448699273
0.66695065810898835
0.099144003835168623
0.25736054339152609
0.060062979420948848
0.28086851507318106
0.42062257653543178
0.0001191109573250913
0.62320527638162448
-0.53785540196021486
0.32620150966543821
-0.14690618831885632
0.77295204255623184
-0.17668066913588842
0.6922600209437868
0.17871686069525794
-0.13018594257169241
-0.78880024052245024
-0.059031922385982899
0.35541448251640329
