-6.9232204571441469e-05
0.12025710837625296
0.1450519979354383
-0.26173902067734506
-0.30263688361238855
0.39471876436827003
0.18795264795030109
-0.19787763410019379
0.088159606798595358
-0.14151075825841516
-0.21702083301608641
-0.13295579760271817
0.028019139358070433
-0.47694425358740355
-0.11015117295598686
0.22989114787957213
0.26732076487824996
-0.030654093262975812
0.56164664223763183
0.51047364137456608
-0.36861242732225324
0.6090202638249298
-0.15265580193858372
0.24880556610115434
-0.1792224265784001
0.07368606181736298
-0.32968047317194171
0.10300224542042277
0.084649481978713192
0.052295148666987604
0.042463763671680463
-0.10481655225433401
-0.12783096702233288
0.26611656871025929
-0.14524918936066494
0.29232297267427726
0.21697718392619361
0.096047956628067324
0.039150160466618143
-0.32945082132103998
0.16150415625059686
0.14361145076284448
-0.10394200955793657
-0.03513596496355087
-0.25974100543347578
-0.60155516871946346
-0.20845407212411743
0.62594834601325766
-0.16323351175954376
-0.079830861193176575
-0.040808553160281001
0.23034756317258048
-0.4235823378272095
0.11809688475337073
0.15445467346099154
0.044654734010025995
-0.48826230814926569
-0.10045497694075563
-0.48977822393414749
0.088905195829817027
0.48038191638789229
0.15311412024306564
0.13642412279589947
0.12152571181534237
0.045142197492519229
0.099704230768642599
-0.0085462703244356727
-0.054086125635494919
0.22374452325527588
0.53557138442911645
0.25741181500888732
0.18204560776461681
0.041680445097468509
0.11878999101683953
0.18083390051031661
0.021566208256277322
0.20734429919772573
0.1789468588849909
0.65282045015818702
0.17787333619909099
-0.24384220468560752
-0.24662579328692061
-0.29075621676775959
-0.014641885446345662
-0.081119144179076424
9.9389515063656825e-05
-0.14905212416983157
-0.0081640668396529368
0.31278370208967543
0.028190276218334254
-0.21621449519191285
0.0003574916600021992
0.11420117998730994
-0.1441445963962498
-0.31761126355275776
0.2037066680674457
0.012626919073638245
-0.053765207605259144
-0.054717135617590153
-0.12355600025815749
-0.23495354281880884
-0.28922439013568735
-0.16961788151990748
0.13237344331649534
-0.43784938042446381
0.29149102799307014
-0.18125417232944252
0.067890998575330902
-0.12226326001926181
-0.11884514461101091
-0.12865023526893243
-0.0046238940882708029
0.05685262367918005
-0.61402889493063628
-0.23834402916204436
-0.29320160750457225
0.43610228949894481
-0.14888334302444967
0.025837614455200532
0.21991667758961994
-0.17011547194246274
0.37459840828291241
0.29825910099951009
-0.17193435682562058
0.057048076735576832
0.044435218215327921
-0.052349131436403372
0.1238147511964937
0.25410730319124253
-0.17785672448882511
-0.32717502148600991
0.51735479825379094
-0.21323373266919635
-0.032302135394294794
-0.23449345358004761
-0.24789214041716834
-0.34024149922878455
0.043055306642687745
0.28649162228895059
-0.095884426563221825
0.095824969888917852
0.21369698008593832
0.46273591880651871
0.11090521638251293
0.0045567725374576424
-0.080658852718104745
-0.20157898963931054
0.59440690301695298
0.34766144185965842
0.16785367320898134
-0.0015395168051890729
-0.16503971964623596
-0.059649240178012021
-0.11434517697198102
0.021161042816253334
0.029476408538233703
0.45378800169800432
-0.16875195373891666
0.1837386652861917
0.16995590975546321
0.033350853897370469
0.18540212088918809
-0.040113649321334773
0.015239989475998521
-0.29843812059902275
0.37165180757510374
0.27373989152923367
-0.10205223668684235
0.59398237863886127
-0.23542589407164816
0.064711276889046307
-0.16031802415041183
0.56810215993092417
0.70451915190556946
0.1897810747523698
-0.43012977128265589
0.31472741588389519
-0.16241385521026536
-0.10852280668764604
-0.78355661888884098
-0.13044171816815187
0.067907285052698135
0.12879691333022608
-0.25178555539132214
-0.24216145871083269
-0.30845264625646568
0.19732947409837359
0.38078246718984965
0.25365664203643051
-0.12646813328973441
-0.37282440474636963
-0.13358456122166862
0.15564809664497489
-0.40135328966053224
-0.23547381632237824
-0.10377261585559462
-0.38969388753698397
-0.037731378723116625
-0.41808333446558532
0.18477332436659025
0.22351118984936907
0.091128895424635634
0.35862082201896212
0.011989155971250642
0.48548485897427135
-0.18329716989572792
-0.65542444346579565
0.1117637736165541
0.057655015760253669
0.54581193334683631
0.14087440043136223
0.039836885141934793
0.23866698698226316
0.47061082154235956
0.31265190558783523
-0.033490070425120325
-0.055060682944258643
-0.062690705916122941
0.51588754738904519
-0.3669784174084561
0.1168269807248638
0.19344850584925091
0.37639233260979826
-0.14643653005503479
-0.049945749399360348
0.02128077442409216
-0.32209881587520689
-0.29551498038839774
-0.12011365183134665
-0.10405460689225317
0.5856288716474376
0.30186010204499553
0.060767006750940225
-0.38276899015885701
-0.3841370891539741
0.16738060452943046
-0.19808434788299195
-0.12891680435120548
0.070807965311320498
-0.16747122484382593
0.13431538733061602
0.032202923714132567
-0.07278780320540526
0.58656033794365947
0.15593880832799256
-0.19983801905860993
-0.31738486215267731
0.46731281149983817
0.20692903513876879
-0.16722072686603415
0.24892044294273968
-0.043979709371120487
0.28061622320902724
0.021769708382186514
0.42584227087320442
-0.18345953349613286
-0.39776718509575398
0.024004359527836309
0.53368708712677926
0.019445100995008072
0.27001769034056455
0.070246275846284428
0.074674455065985815
-0.029645636742695675
-0.037900167935912936
-0.15649328541064886
-0.58983238695106432
-0.44175600317537711
-0.34687057257344428
-0.34253994789018016
0.27518517924438474
0.15714241917268382
-0.21245009969983922
-0.29963337780518995
-0.1986701680400772
-0.21062694831909559
-0.54498050560656863
0.02952712180661449
-0.086669015569707603
0.14117397581368402
-0.50973886589120165
-0.316708230171168
0.23798149792600667
0.52964759681920737
-0.089569457234590727
-0.061127370207962411
0.27117760134662505
-0.029792430075459213
0.12162173005256002
-0.13558046029909904
0.14950730195300957
-0.31373142081408401
-0.21749327043765504
-0.10835097807706508
0.053842581342577633
-0.36614693166655887
-0.19189980414336347
-0.26955857942596478
-0.39197880131808738
-0.12466749316520921
0.12809565181918678
-0.16587336500075228
-0.15685740207552437
-0.021484346590151811
0.37096447727624227
0.45326116431183805
0.3782351619928746
-0.22984002930171515
-0.23816752045689288
0.099470546912404756
-0.13648082844073389
0.26591568297614843
0.49077978746533046
-0.11885546545302585
-0.10840362861805181
-0.017162424875909563
0.19467466532686042
0.21496996985182951
0.1433272959181231
-0.19174356872080883
0.10811366616510738
-0.030572524562903842
0.12508004261773348
0.16270884652210546
-0.53041392727152326
-0.38388690587132668
-0.033999636877629656
0.36700383211884929
-0.55203488061035155
0.28532693836283168
0.311168182405264
-0.0069115861046221156
-0.013126139562542318
-0.24332921007814678
0.13895382454954011
-0.30029260843993449
0.021998788954909216
-0.007772202626801881
-0.18346948708593369
-0.18203165077818781
-0.21827788970453707
0.11305396097638912
0.35736032616262814
-0.40485727820003065
0.13492148017237734
-0.10000821197227479
-0.17958414992008018
-0.047461102434726073
0.12399497721748916
-0.058102129807697508
0.48817874453945814
0.32345974405384875
0.16763031303927978
0.054559113630021104
0.058716178894220837
-0.17656805908533435
0.14062128628930362
0.080840525714187511
0.082997377192355906
0.2287057609504983
0.11086671113379361
-0.043304271368084554
-0.13085166622536884
0.039665266907156757
0.48690340193442305
-0.03856702260798086
-0.52892742408182303
0.13017236846688807
-0.041307528913659693
-0.1503890655658062
-0.25909000500572327
0.1621183803795925
0.0068908479264377948
-0.20553960356642495
-0.41377311606695183
0.35088476721960105
0.013047056779928444
-0.31926764460419005
-0.080971856430928899
0.17083306962057962
0.3931299085868758
0.060304010282038259
0.033267577433451011
-0.22724099571864886
-0.19000806536621787
-0.10616462027751775
0.64296361003054103
-0.055791060709446637
0.061421023703385619
0.35654113606344245
0.33762842576071361
-0.19294553518772728
0.13832692710841293
-0.15710796550062511
0.17818977428587524
-0.073127733969492417
-0.14387090381106388
-0.64819265738633314
-0.26246662617777383
0.33074825764256865
0.13452230287517591
0.21663557891871696
0.014138250426510479
-0.077917227851814819
0.22741723349399645
0.1377147347907115
