-0.25186830142917194
-0.15809375270701095
0.087926519677409304
0.063857475242360823
0.022607392751336938
0.56683938078201246
0.2972173187051273
-0.12769194751717178
0.046368440948874372
-0.40983527118355523
-0.75016767649671923
0.59007861361395186
-0.21287477551024789
-0.092846920922564552
0.12273849508076801
-0.26397697991542379
0.41757575424898524
0.05972682098928922
0.51987039701065552
0.39981906296540815
-0.15636528213756606
0.1876125821427182
0.77869098546040594
-0.036734286833473781
0.15331757179288882
0.11038744445761106
-0.064680762705202746
0.19816571186249796
0.19003425230326892
0.047157384132283008
-0.15573727951309249
-0.086747084554222684
0.20060355079589068
-0.1122644176049908
-0.19649952064465687
-0.032833072294951936
-0.03680447685689512
-0.80000242284694312
-0.21868348807750174
0.31329729832794251
-0.12288409598111477
-0.03286962771394486
-0.093575198736528822
0.36294049182145621
0.00030252384398025728
0.19813763055730399
-0.33350247751612383
0.0083980878612596836
-0.19061384937151787
-0.48794047282612163
-0.68402888292772135
0.18362916978709945
0.34433668550622615
0.6592802705597014
-0.40266744191545989
0.12539756960879261
0.049016675513207396
-0.12519407645377681
0.09518888023023836
-0.4700555223848959
0.22695480044671509
-0.51638967885083142
0.1009434279451199
-0.29132577639331758
-0.67771186122147853
-0.40269524637154441
-0.57283010405609713
0.38123602306278431
0.16326819237400916
0.30555371556909888
-0.31013558185815054
-0.24108071616261825
0.10534070770327407
-0.065865680286087594
-0.19584195144435806
0.067369143427138567
-0.021396791689293315
-0.14582398660481086
-0.58942961988807097
-0.77358566764907777
0.5117815683534116
0.51839886720645334
0.57040698448367144
0.43237523263087219
-0.052317981819369891
0.22918493842552684
-0.26387989670389012
-0.37344878920315472
-0.22340600967019061
0.10108112956590803
0.28446670188130196
0.53794954056864552
-0.11190348174738531
0.10368991097520264
0.19814068841254304
0.28523627394425771
-0.81766081788062084
0.080659139952702533
0.065114541847049401
-0.53587886180366717
0.26764052358614848
-1.1268286889310561
0.20227241706376564
0.13806614816058874
0.29461216773636445
0.16835264170409173
0.048107376628217673
0.096940845314477483
-0.28819255569906144
0.08614153720361846
-0.077994171626029687
0.19328391295528699
0.11005501903554345
0.12942438063668482
-0.27635058032270199
0.27236220882161644
0.11552195169286514
0.10029594961628806
-0.37714956820988421
0.20869225720070944
-0.61673253959309038
-0.008693071127719651
-0.21744049954257197
0.38575546034896202
-0.16647109422760328
-0.020388089373677885
0.085705787110063242
-0.55321311832301356
0.45037622935422422
0.51813694138831701
0.4930777958067582
-0.20246228216938258
0.30142737207974352
0.17120810202297138
0.61990066664494758
0.03748105877393107
