-0.14832216076521271
0.60199355085478223
0.031819901984827689
0.11925307999854368
0.47544127702587058
0.058948577237503755
0.22433719437598346
0.29718162268930992
0.42416580387395769
0.015318340263997537
0.15129093949092723
-0.043784191764340334
0.071001687419840684
0.084958682832388652
0.25992055296077965
0.0043151274754515212
-0.23164453523365738
-0.15959389889676506
-0.012534013662647373
-0.25475619861171139
0.019486110999876648
0.065625665367571542
0.014162273069353902
-0.11444170100484076
0.1823523295909788
-0.046848898271992519
-0.099741771414707206
-0.010742160316682681
-0.52741673377789555
-0.15555452461324376
0.046767846583981316
-0.057119509409781388
-0.82823791769093646
-0.17178439394449213
0.20485005157838374
-0.26846369236719025
-0.60153167648206507
0.12229436435960124
0.035884102181611331
-0.17470784612377979
0.26106802991899791
0.6202088099573535
0.13864426718576145
0.23075553224218334
-0.25639768031456628
-0.21400540075188573
-0.16759644196346185
-0.30249597204981082
-0.25074154920417385
0.23659592771621082
0.83563329607988124
-0.15574811967685956
0.25744735811399649
0.44396467159715758
0.020886023724819996
-0.18042465215251824
-0.26847500802267416
-0.0061386987152179965
-0.23313565117997445
0.36913531303874275
-0.14944988371689316
0.25801714207442727
-0.31671340095611389
0.066096392119178643
-0.1062725666129727
0.4061397043663148
-0.039504568900270806
0.32354507192919352
0.12523552331982363
-0.020700902710752377
-0.099688563272325656
-0.33537350339685945
-0.30533617767684396
-0.12708731980195812
0.17264256260251398
-0.16726598227689765
0.41008445868500154
-0.26113207546613654
0.12487163653207017
0.16485113420814723
0.55101010134738038
0.22473958502708188
0.040657656141273139
-0.38162571116440058
0.0097692368599698147
0.033904151799828072
0.25466200106544029
-0.070036908399707359
0.10628958611425623
-0.37881259902144404
-0.065979888875113524
0.17688481598436831
-0.23579995754586125
-0.23776053993247337
0.17616813668909687
-0.55699341690787818
-0.45605371894083024
0.067747825544418896
-0.088346431148031618
0.2419722322128369
0.14812190233575059
0.13972833167492663
0.012628587736316494
0.21805775864281235
-0.052236137036610147
0.35425862945525255
0.21895057847360624
0.14737729891416376
-0.044282550341876795
-0.054551614959203645
0.38738776807418873
0.10703648299504774
-0.050900227539730614
-0.10339707526309987
-0.31861020889732972
-0.22272017328209778
0.29729318978019759
-0.30124937930894524
0.0044365115807117337
0.03283351031679544
-0.31904336664809257
0.82367225856620796
-0.17536735920520113
-0.59011823915884454
0.04161289081528452
-0.26829198434642465
0.11352283647957445
0.5188738985834227
0.089635360956713359
0.25219422820775372
-0.023882502712731221
-0.067990587073990985
-0.072837015810327158
-0.36614356971837436
0.067340139005474267
-0.48150191384279784
0.10643996299322324
0.29458155585299167
-0.049946280942526219
-0.53097144664713936
0.10182468881958366
0.099797294833329608
-0.31798040173719583
-0.0086068073619535394
0.10091697806824834
-0.37306777087408427
0.084043000112520874
0.032511783880909167
-0.26611301606221571
0.0057238070703420543
0.15255005949965178
0.042141156100753009
-0.064210980664058184
0.42639646420440686
-0.10405848821946306
-0.29517699264394026
0.1379262301031742
0.27181820440625637
-0.34952862662077672
0.24171902775652612
0.68702607660549053
-0.12418187418213997
-0.33155138932335887
-0.098060180865125385
-0.37574856340459922
0.093137503869235014
0.27132124587720108
-0.079203668986956272
-0.19295974850549744
-0.12435507013106883
-0.21935005279111069
0.091091086199928312
0.13150603106464123
-0.30156131550876752
-0.032231575838526018
-0.085810517848354112
0.30580301065601806
0.1074687234960115
0.3582668099664143
-0.2811945399121219
-0.30562468653276464
0.096252085662845321
-0.27277993615953294
0.11973431567450653
0.039730818389477736
-0.15396490396368537
0.025023033745209998
-0.0069849793268538327
0.10502602717587596
0.36997947547003379
-0.24375150677854743
-0.29887368134457909
-0.16848014219445465
0.031865893303196433
0.098838264175306945
0.2406329736839681
-0.13612198571343806
0.026634307197791269
-0.26157591002252845
0.52334047237147241
0.45372418994090674
-0.53851786580968652
0.034025463239096172
-0.02391404630976865
0.20812655112678544
-0.051738569573923157
0.2653497508475603
0.31703395423920017
0.24900187543315269
0.24618381339693968
-0.68857852658078222
0.0062661059097817058
0.30524318624818442
0.55368608081934223
0.085385458125574257
0.094845482599501485
-0.11869756025149954
-0.3213172247509421
-0.36714283084533467
0.054358080124617944
0.2144451013413243
-0.13997989089348667
0.2600102127824529
0.53925294803818524
-0.10445053613333688
0.26523866381703398
-0.025159504957382721
-0.045383627483154977
0.23633289614856953
-0.32681525899243774
0.35164665944573309
0.041301225157268716
0.1007672214279545
-0.023225322239863275
-0.37144506482579587
0.13714845415992907
-0.04516550849308288
0.28242718000152139
-0.33589523019790202
-0.057589648439420979
-0.14449257939745572
-0.24334560369144967
0.12305366739500993
-0.18914821640054266
0.027789715091224056
0.010578128868673977
-0.14439777831498063
-0.072539138582101953
-0.41510880269092726
-0.14397730351910501
0.035766423721160359
0.15273699290747753
-0.0080060880095951265
-0.32447969889934797
0.082864529792188182
0.12604080816851135
0.061681892150213351
-0.09320934499992177
0.17355888743979117
-0.11328325954826755
-0.06156246209760842
-0.067242570610120483
-0.39761408672068782
0.24542831637217505
0.063252037873334541
-0.11911109871781871
0.31532677982931134
0.35337596013699474
-0.22943985005273226
-0.20338525334206556
-0.15370222172879666
0.0071713552711200612
-0.12979835276014648
0.14229339480449754
0.48504141589686511
0.12066192355739518
-0.22798640293566483
0.0085254502989897986
-0.14195328724387571
-0.0054954770037037911
0.28196781194133436
-0.58364132147353176
-0.3355924297213661
-0.064328328400061668
0.31366247400882469
-0.17123069850156719
0.39720869373705409
-0.38027008073754093
-0.40194804671485324
0.047698647881015216
-0.12183229439037885
-0.3882751434041517
-0.11914422590217873
-0.25934070500309098
-0.52930625049502456
0.069130362219293945
0.15774097073369034
0.18137684422054515
0.20269691232657996
-0.00024934514442175531
0.3055897796812585
-0.047972031754409977
0.37212481430633698
0.27094098049944582
0.0082015365644234339
0.18668274633267656
0.24901496932751055
-0.3114890468603006
-0.061979687006928567
0.13151600560393167
-0.20864772819788399
0.11571241506158818
0.26266685811638568
0.22140256851537268
0.16897748753542738
-0.059735499711632278
0.03284993367132024
0.16525715819989012
0.44186839666362188
0.045995969968587104
0.012231118638985647
-0.18737722910247667
-0.11376110758303627
0.02106781030511979
0.41301752042664186
-0.46892794006027327
-0.17436396202460275
0.22653099463621357
-0.36031236677635725
-0.25104722407446506
0.37295248970207034
-0.02491394298209243
0.036825800651022762
-0.23336445496310709
0.24310059293115793
0.024839981409957402
-0.49716434328840864
0.017485279135703604
-0.1782692717198244
-0.075884292522433408
-0.3134382459096467
-0.13860330938672522
-0.36190907118011922
-0.51968762326787976
-0.11794709518630228
-0.0505306446406995
-0.0067525823637080542
-0.039476880798367656
0.053566881024906095
0.57893443244655007
-0.0053352654946052028
0.15134550911011505
-0.30635736243543427
0.2115621552893959
-0.36247385814057631
0.41403079172344931
0.30482898644141371
-0.037597931015644515
-0.25843166370365189
-0.16151992386797179
-0.04522134264514515
0.27820950173882003
-0.052847977916418779
-0.17938732142648897
-0.19267404994685339
-0.017818328304879689
0.27211219217603755
0.16259074378783334
0.073058939001957382
-0.35654933844546466
-0.045593065004905946
0.47199130168366021
-0.37569165609289679
-0.11722906599733696
-0.34250170781454903
-0.2709217697787078
0.6564705309416361
0.054269666431401908
-0.033528931383197548
-0.12318558860080187
0.30808785705947572
0.026040675507426132
-0.20309430296787254
0.21667028185329965
-0.011070916238986216
0.14466285637564119
-0.10842311853947546
-0.17765020185840161
0.14341283922746106
0.050262905901725816
0.24633415998797109
0.0074481658434705474
0.15656067718256345
-0.36736117577825539
0.072413012958455716
0.055511211657945987
-0.28402111039926015
-0.29576831787807756
0.026227139966250916
0.29102859632323969
-0.010064122295275106
-0.018790345674722424
0.29739833218958578
-0.13571171572775662
-0.37285967039691259
0.02981025566021225
0.23960940389275134
-0.15099160142374107
0.18267418184155865
-0.20669475752971767
0.076708094217004766
0.17495778789355634
0.08769636651592079
-0.21851331797944235
-0.048799065607396212
-0.26581287941387244
-0.28392570346996482
-0.17113664770822362
0.21223003329839896
0.0023144081002924831
-0.15657410943122341
-0.17605071194187719
-0.4047164023473378
0.5762192213325884
-0.039524303126875264
-0.63529976951478495
-0.14153205698685736
0.070607296047691531
0.18472707646871406
-0.39586928014260964
0.57844310060090398
0.3247450360565326
-0.0011391554678919791
-0.6079097172091833
-0.20529234684009184
