0.14377209031932048
-0.2199583903682418
-0.15640246679760333
0.29237655659009559
-0.32574075479801445
-0.44185942855362015
0.34544529985890521
0.061197588418264705
-0.36308673050299678
0.24967093109781097
-0.3707450972339052
0.036787682246116345
-0.1260968888331542
0.27021589312545963
0.35970152306068087
0.16965073120989863
0.19567859003215146
0.089472880573981908
-0.056485599359104709
-0.39230014877984271
0.088484973577029793
-0.42643245020717202
-0.052354756195250769
-0.41151046028392296
0.049200315990705838
0.54325401266790774
-0.40352514530146472
-0.70734749806989405
0.10443767197410073
-0.073623221631990823
-0.22295834866976952
-0.29109595124438176
-0.31944736178992855
-0.4138358085913299
-0.14988564656924186
-0.17475412237093504
0.56509041086640999
-0.45788043409490153
-0.21766049397326842
-0.0049445296044992966
-0.31566622390568899
-0.52163520355096149
0.35628776419910529
0.0019533944226498008
0.3211068910828066
-0.025157871565339232
0.10802544729650689
0.21023543550668114
0.32035432173991535
0.098000812729394204
0.42278749158696477
-0.039276711181001928
0.38259174776214
-0.080918656771934397
-0.099753772016139539
-0.12275729511941491
-0.18675127980001255
0.23029952605396756
0.17639674206564956
-0.022403710710585185
0.35840919199183552
0.133378821097522
0.44620840854875388
0.0086384563312795256
-0.17392258881039069
-0.29949227755538782
0.19577010325549857
-0.10459956505377827
-0.32809178467569189
0.28675740306476333
-0.055552191491832999
0.047106985002933706
0.0070053473817115125
0.33030754997053768
-0.15986926901158219
-0.00012225847689399346
0.38730529924612572
0.26868171670392188
0.036471116059307709
-0.11648855678029285
0.167635055160609
0.41101428948608187
-0.10799151836459951
0.092935093950300154
0.33532547275480301
-0.15808778203469662
0.47064421820786889
0.34254398530442542
0.35329497163346885
-0.21261126425120488
-0.32219329177169531
0.018440784054083368
-0.15518887393338865
0.10487551891722022
-0.1185912184585263
-0.012709468166053161
0.04045097975358878
-0.051361030156303784
-0.22871345002278232
0.025273742178372197
0.17408003342912282
0.40421716706180266
0.011962487352991803
-0.2684302064588629
-0.20079699467396911
0.063182977293935474
0.08477031520402549
-0.34886783338144084
0.12473645715864909
-0.095273648278301523
-0.24195341069329401
0.55364547977975809
0.020262391139667196
0.12667496656012056
-0.12217592144784895
0.50224032134066732
0.45849142165985918
-0.012703398378213406
0.16859773191347882
-0.22634903052493899
0.05994521258240891
-0.11471249844328464
-0.17230308084219023
-0.46500686292438997
-0.15292029091686088
0.032979365686991974
0.13619725241302807
0.054218610747061698
-0.055170663987627197
0.063957067186688629
-0.040168720784409293
-0.33663040764106372
-0.096080047151807929
-0.21541342668519239
-0.022475411356570423
0.039407048162168404
0.22005590071875292
0.35512202484615657
0.098577261382973139
-0.45378480125215481
0.12426588437390941
-0.34154992788499094
-0.027106625249996824
0.22912407108212465
0.22793096392828791
-0.510558645614405
0.039232592128572913
0.25669454465835057
-0.34166274750825137
0.14717359092255511
-0.48220883326068725
0.013576415236755126
-0.490724833915271
-0.12915182487632795
0.13540233918694738
-0.28805248250609139
-0.025855274815203909
0.04839823526789646
0.21890391749432889
-0.038339343475109401
-0.12170675981775433
-0.19840473639001427
-0.5227027718609667
0.44836460443148279
-0.39470843489939239
-0.0066049968812035556
0.014936416978906068
-0.066815237674030248
-0.027765690407055649
-0.39205511618342082
0.43305343109085531
-0.62846957613889542
0.32039967056402652
-0.48070808613092408
0.20514432127350937
-0.028853717100079841
0.075471596992836926
-0.43409080358192187
-0.22088569499685026
-0.20782781165930597
-0.44527774175111023
0.072701067865831998
-0.081209812075292431
-0.46758222005687977
-0.19247534693228111
0.15812816901222815
-0.13407824981488303
0.018570424142338924
-0.38570789107454301
-0.08069004617745501
-0.037543154309345218
0.29583682389711841
0.13473851237223752
0.13381719279485521
-0.11993791559331196
0.12335382651504487
0.061770089568780683
0.058498638948689806
0.19945932194968188
-0.015829271892930982
-0.27124813933131026
0.36922803295106105
-0.57225116814119403
0.48649728375371609
0.2113130340546335
0.079901896289260033
0.28171048187280789
-0.22284999699168431
-0.20084436188271171
0.16118749069003876
0.26782218805955493
0.090969234804206697
0.377994946757925
0.45039673018488935
0.54714580078186947
0.095618947677662061
0.13595124456787774
0.079446492603470614
-0.1752391698639188
0.70080192116165796
-0.050225336997221579
0.072398965820390543
0.25638035087297628
-0.42513541927742537
0.3030011896705454
0.059801955691038432
-0.19508966427814448
0.01997377790556519
-0.10527385939188812
-0.18427407065993986
-0.037406893131094521
0.13575245938690805
-0.20160555303796582
-0.23535502171598105
-0.044832539224532793
0.27683134955272409
0.015271573880679193
0.24689093779631135
0.1851103543305726
0.84059038658063689
0.25309375472793094
0.011264683969854033
0.31070343662596228
0.66314511846415602
0.037629319468180759
0.056798711542908685
0.31295545003800279
0.10058281916595142
0.35675652793440416
0.45432112090518423
0.22640861431000553
-0.33505556207539183
0.13722021299500323
0.26051557505032469
-0.021445119605190528
0.040902959321472941
-0.062271128760054799
-0.29671904879263988
0.19254459219183623
0.12584548022216388
0.31625291857813892
-0.037470054128760311
0.28324576333832524
-0.092701380511528458
-0.33483653437046978
-0.55115768305972446
-0.025893559028910929
-0.13278202975231851
0.31432588655205473
0.1582840797756222
-0.28935249699348442
0.22272481866175944
-0.058657586706304818
0.067755420672732339
-0.20919501959782794
0.065054370823393423
0.49944400161495983
-0.26237033848450425
0.21395606763398745
0.7906544144076243
-0.22229835999988565
-0.0011827246260073642
0.20772556546133433
0.38892589849058135
-0.31634892096082706
-0.36724898281018553
0.25931840915020216
-0.0056964271588522859
-0.029616591886868139
0.034987875297382669
-0.15282328543794976
0.12031817144371126
-0.18837985578422226
0.60499777909557817
-0.37235802202675766
-0.087336091519500988
-0.26260083760060055
0.062841765980863537
-0.40122719617201558
-0.16771078651736693
0.22760358946242742
0.044258853869977501
-0.17409099566897543
0.55117955662514229
0.046531215209338804
0.54336009101520011
0.024081531922154092
0.053644430767297462
0.050066813386318201
0.049996442856740674
0.23101699214225649
-0.020402818019467993
0.11366244896886592
-0.32172186210373627
-0.068920382402012717
0.057221700359327936
-0.19268927664023006
-0.18306729005218636
0.46223875523312458
-0.17606772995781544
-0.39746158182992908
-0.39604084587280319
0.051372859536190842
0.26656954990368481
0.51809299623167648
0.052886052352958471
0.12420368390886224
-0.004414824619081938
0.11171616264081162
-0.0386185541483011
0.26067164538577475
-0.095923807722318899
0.058217106201830598
-0.090742805579712302
-0.032129722753116111
0.048969925946138637
0.25121987244699145
0.5864030546292367
0.20026307246799985
0.45900833898486065
-0.21873875956695302
0.43432632725313441
0.17852981279254035
-0.47930096986152693
-0.066264529099939171
0.17644643930482101
0.10559972661617627
0.40530646904337503
-0.24514109011708107
0.59499753871923189
-0.04452260639733327
