0.31172931547988536
0.55453661697134349
1.0053410832175436
-0.35519638655042146
-0.88619552323754314
-0.098875557202250497
0.40282818736652576
0.36816372400893271
0.1136648933401764
-0.12230602561761876
-0.53672980728283892
-0.4823369876627861
-0.59997979725415651
0.1302008020442523
-0.52220389482607399
0.26812805279819524
-0.32698854385555104
-0.39054817694686256
0.26499056759997192
-0.20398524364671608
-0.4442465793651168
0.4564165356676898
-0.98279402348209532
0.51323535686127142
0.89927573122882443
0.41701774739198361
-0.32573502313515196
0.020783171695407894
