0.23660670427657951
-0.36017749178375646
0.34055397597445042
0.53324282025514325
-0.021448993040077108
-0.035144243048635865
-0.16210972017570763
-0.24164802208827485
-0.11131260743885923
-0.093215948626932166
-0.13531983563436165
-0.12240644076512451
-0.50725639064916084
-0.3315380470834679
-0.5467384089941898
-0.13125431881331345
0.099595586047456011
-0.030852091482373795
0.23137907586531581
-0.13071143574962371
-0.29444134527488947
-0.54986475608236152
0.14829191329120484
0.17611869865749646
0.0035002152339266364
0.040575227063118259
-0.30288416659247674
0.4024501660503701
0.1593703684409504
-0.15349292549254362
0.45008686718382224
0.23193851264898865
0.32313052715339652
-0.28070623100815001
0.14036575885186342
0.31796747096982653
-0.12567460030462382
-0.42166094028487777
-0.16922995028250132
-0.015725552491590983
0.33238600442417393
0.81401465185952693
-0.48697328371954068
-0.027356454638315968
-0.28353143542663889
0.15574384053191234
-0.020810854865031651
-0.45180377347902789
-0.082937410259426456
0.099893498552486679
0.13936133483105098
0.17298854205375794
-0.60655618186131799
0.31137653131506421
0.53038111219832851
0.085012454473394478
0.17381940601926668
-0.16372520210926095
-0.064204406905974079
0.24166157592171794
-0.25986058543213392
0.11853352317270698
-0.42008943720279918
0.33413546969175439
-0.0072065052688071131
0.060762574215938468
0.24959899358271787
-0.020090231577597685
0.28980734953356402
-0.45114664698072066
-0.012042965359210962
-0.17061041105047056
0.19700396774657344
0.10718372432481059
0.072562854289728515
-0.39977475150904174
-0.17321245564244037
-0.017543950131739736
0.091681327304091287
0.52673692226819036
-0.20689402480906427
-1.2063639834084621
-0.26886503845487475
-0.39281291656015133
0.31689882793959662
0.36012477790818831
-0.17382479226429526
0.043836743460523804
-0.092089877504092726
0.012741178909324883
0.33034534476285771
0.79112368958898749
-0.25467268060594939
0.28798034693963637
0.50721819484068853
0.20472251200831024
-0.60509686590473943
0.020173262385540382
0.33482092716380568
0.044241169751379011
0.66405226365002168
-0.51698412172281039
-0.0065275961994969529
0.53633828846422127
0.16597797039711623
0.2842896578553209
0.47861661958552204
-0.049789653153978472
-0.24856508727147514
-0.035716003229083568
-0.2848887978793645
-0.066908030595209153
0.093541173838905339
0.1853873159922228
-0.61402429317741081
0.79187141148788298
0.24480517576700511
0.17413613574017525
0.66072652197639414
0.52890089427006859
0.072337961489398764
0.42122444969688272
-0.20347273244813935
0.23164014351458317
0.30203694732462755
0.010129162069106953
0.039198100046889714
0.30907817825378797
0.4942957895614104
-0.11895216830983804
0.12722432337341485
0.21660412834426465
0.40306266478578695
-0.028155387981602727
-0.63272022320068388
-0.33351122298820196
-0.24583990550884616
-0.42781201206529218
0.273743319976473
-0.17764507459015963
-0.0067133737680102647
-0.57897329331662528
0.10973108545110094
-0.18273400971978998
-0.25860307511627911
0.40832082324851787
-0.47012362927442952
-0.25504218205068152
-0.049827727874434027
-0.31542399532753729
0.023075448521278949
-0.75133672861763323
0.24280377217396004
