0.18255620605622641
-0.51900140451951782
0.44865213172699131
0.32425293196753441
-0.47177952521584438
-0.034637196326638892
-0.33319177001795569
0.16649460694062213
-0.15029800579326641
0.35079724266770101
-0.25322414259081549
-0.37776233134817627
-0.58886226061611491
0.39108466335339048
0.98276064766343552
-0.2573214304026058
0.34781919988155591
0.69976240412999025
-0.27232872177334366
0.38593191884620626
-0.0086408678228705148
0.21064954605109182
0.37071141526115264
-0.072726029373416629
0.76418054270266667
0.021564371815387402
-0.40696838970558363
-0.29356431405520855
-0.46043663017754277
0.28330028483550712
0.18944957259851844
-0.012971413669707905
-0.41341133902619792
0.28292194650339764
0.32781683356051333
0.25454430135787953
0.50614297064172709
0.099373134488332973
0.055250132982039957
-0.016216483750846417
-0.70905780451946632
1.0410317047685358
0.087426082728338045
-0.3578055448626753
-0.24201270329840247
0.18701086300972003
-0.032833674900883646
0.97989336857139109
-0.30920903459636667
0.88821180560552426
-0.18961353655925886
-0.25642082252622977
-0.52537099555490485
-0.44051365790401847
0.18112007633624322
