0.3613897494226343
0.046383261680501275
-0.30588894427258218
0.093583575882908013
-0.11677170962696087
0.068981499300254975
-0.18873522174705168
-0.15010255359489325
-0.94403008421944168
0.96284983328997187
0.84614432050430188
0.087742201007129941
-0.23172149070249592
0.11743972475156378
0.40813636989905694
-0.51030924192019134
0.1409694453658189
0.26355508479082834
0.39647962087867034
0.0086002351867339264
0.41665921279984197
0.078632829999362178
-0.12314284647098721
-0.0044802405884531325
0.28788857181266048
0.097965302519479283
-0.54128436437129457
0.0095545750570057691
-0.69423965634724361
0.47294792378396711
-0.3741935532202012
-0.50492583265386037
-0.27888983175798548
-0.21550202275577368
0.42711681591226108
-0.22582768219722393
0.1852809415406623
0.24096721167532914
0.19104932009563014
0.041427528705589252
-0.11179225537211601
-0.38801980502523603
0.21393469765514989
0.20566455861534938
0.29407734762591364
-0.22606640635454622
-0.36391773035983127
-0.58789911625780222
-0.32442035039389022
0.18962624949296775
0.00055536521810191104
-0.42714996276034628
0.039414581619091879
-0.17783742428047178
0.51663074695849975
-0.23741313616708076
0.29084481554780828
-0.19547459661752131
0.094068098320289437
-0.21796222654130007
-0.35456446985219608
-0.15248824902735911
0.23338264750894142
0.29285184577915124
0.45543384881899579
-0.22765935733216094
0.05247617356551007
0.47862609344758239
-0.51856990352521082
-0.061238054279616275
0.382216168363606
-0.16074457285144572
0.16593636645192808
-0.45827062676200936
0.11633733417596985
-0.21069014588545384
0.30472541326447439
-0.43970838718832811
-0.05799796303676711
-0.11323511927556791
-0.54926184369385245
0.33776875912808751
0.15752099938792957
0.13265333101350454
0.10750527891909067
0.40307092626767194
0.12483418936356287
0.23958852136559808
-0.58709760994414584
0.56433514579026489
-0.52371683925896706
-0.17543834221799223
0.012530039770714917
0.43927018738610268
0.19849785201526765
0.49729457941745525
0.13826625703466458
0.099841574136606853
0.79674402501665975
-0.36471491201133016
-0.1656384704555651
0.10134287379224412
-0.061461575567379176
0.45152661770106256
0.40920853435922039
-0.38705461906170202
0.12250583587176632
0.31738606440299194
-0.26897083560910107
-0.41970387866105086
0.38474841020814032
0.10080162042760453
0.3837098624877302
0.23896003122131584
0.40726968971899224
-0.24686677596400619
-0.49551229242625139
-0.53399035315027166
-0.13891032725130292
-0.19675139159551538
-0.18030298578048293
-0.42159684138510356
0.4135612022912365
-0.019616146417685949
-0.28362706728444848
0.058046363467305094
-0.63087221139617167
-0.34899426837512909
-0.20273047803268873
-0.10263220486879324
0.17417431850645068
0.39320991504369768
0.56751425173258374
-0.00037332097286556324
-0.29628140315988666
-0.020833460522996818
