0.36561506920864395
-0.055998067021822667
0.2836328309584597
0.11405789341647671
-0.25619569603570846
0.073343271251490705
-0.30531904412219468
-0.52417299852818122
-0.14693929986492624
-0.092449491648898263
-0.22036352576806237
-0.47380074158807312
0.020020515555954053
0.055008096703178848
-0.12028830610676537
-0.19341898463093696
0.091658558821248265
0.39476697617855916
-0.1948212304628047
-0.065120043046575801
0.052602017361581169
0.13203838316226535
-0.43785534473983229
-0.32864557040032882
-0.049607361289923831
0.40123139353114518
0.088252995235116191
-0.025678248824726389
-0.20103588540941192
-0.26543712801130298
0.16444763271355989
0.48427631470272409
0.26883280188443592
0.092337295707098158
0.19901150083704114
-0.31233394777992296
0.34647955423257659
0.61338851993414956
-0.15282183230861432
-0.044822766242194563
0.0083934139787011121
0.24893698576170648
-0.088587756768639364
0.24905265092130399
0.13116007260715218
-0.56336335163351037
-0.21131027002195074
0.26761515773233152
0.29219394470683463
0.40216811004264535
-0.04389807874409761
0.12981190317968946
0.11164899006884113
0.038795168621727556
0.16259870120166448
-0.0092760232735831401
-0.11553780249688679
-0.41929272178275406
-0.19063403455735858
-0.10114013800411717
-0.18164928914213418
0.41955159120726027
-0.33504538146151852
-0.83450810515306117
-0.31292949179258212
0.26630791241310181
0.32455677511992798
0.40222947274024629
-0.4950903023401475
-0.47179090384619987
0.16712513980848281
-0.15886630926218559
0.2230093806469014
0.34892272075267838
0.42120288905122993
-0.0048322889674959841
0.38115145494496633
0.0743681011729459
0.060371042935438511
-0.47028700083231362
0.26316582927128018
0.41369203917725733
0.050276237762540033
0.1519811619793551
0.31775153897722452
0.16631231116246181
0.4859175229910298
0.2696439034655369
0.21996575381633379
0.1344316988383574
0.12660116398286902
-0.20620451124332087
0.059579398057191917
0.44164372064875701
0.010036116030497623
0.17165872008915253
-0.025931423611002043
0.41302286317212211
0.15431052420887462
0.38278124171269357
-0.42043674827171923
-0.37558307251316336
0.33796055182555002
-0.68258267110097248
0.43921957176149157
0.28659516725026235
0.21387861613373019
0.072493587607095511
0.12589917361759842
-0.6549204748533537
-0.32854618931633389
-0.23721388362342921
-0.25604951121221775
0.14292921979858769
0.16542466712891429
-0.15932365064574053
0.31404754893418885
-0.048122853504249351
0.25383740953955275
-0.13508982474116724
-0.42129975926636681
0.2512995966604204
-0.063606471647383325
0.086294964266596691
-0.2448978091922259
0.53139138841652545
-0.12082738292009054
-0.077335912271437227
0.20573076812331195
0.0014580321147762928
0.44642149124273095
0.079095981642320304
0.10325958515216184
-0.012202593326699212
-0.50364506960122402
0.42860114958620943
0.18057786312334684
-0.026884978877904378
-0.3767687102486158
0.23820343841164049
-0.020210248999482639
0.011314822855561303
-0.19828978639705355
0.2176610002539581
0.10673860685853889
0.24827311451034587
0.040169861507256634
0.27128998300284957
-0.042645302116373754
0.0048643291899900199
0.14724346090279
-0.010195143612037466
-0.030099179506337323
0.14274867791998586
0.09557817958088563
-0.26113732131113188
-0.18870371122369184
0.18325111202350453
-0.0080378859938240038
0.21807671139536094
-0.2161619573520987
-0.33520903054722784
-0.058918873598539166
-0.26350203766704061
-0.39988760198832712
-0.64582853528087703
0.041750481876389703
0.11950435605591135
0.34160408767908301
0.014949956634076993
-0.0033506871156562261
-0.56607312858891778
0.20129213791352757
0.14406538436506791
0.24976156898608445
-0.12707042822647066
0.094638129242022084
0.13083113288366008
-0.19003586905405287
-0.15207550154089547
0.1158847689636556
0.019020862525394651
-0.13131858856055384
0.11571258751466042
0.25381114863139659
0.3085589976777226
-0.10888068895039774
-0.10038408764340484
0.41066777437034163
0.30566384693338811
-0.037921111424055735
0.0010838708996080764
-0.34544460429005441
0.16486499093861637
-0.2739880328418044
0.31293586670660228
0.22023222531574699
-0.43034562740778709
-0.069145066708181033
-0.086684495336735529
0.44268582074656648
0.17377749449165744
-0.3655470856027202
0.11863277630425231
-0.18515032176608631
-0.36384805596761688
-0.11755780043242343
0.34653183496365492
0.26574306591785496
0.24241823560798045
-0.13842538272595989
0.25862849618853712
-0.031527825810910771
0.35498310203433409
-0.24980731457689578
-0.10153871850098234
-0.11754778333790938
0.10685620373514972
0.063309962754816915
-0.044320680806388291
0.31690008098122274
0.35898175420359513
-0.23436587817545085
-0.27788159367711901
0.2719984974825761
0.11529087172689804
-0.21012844363765584
-0.23522018383216611
0.069721308062040258
-0.20045229451070923
-0.12436421979766253
-0.21752364183819115
0.060179044342185822
-0.26982474041415111
0.29405722957033126
-0.10351031242411039
-0.54922664337266724
-0.34396623188084069
-0.041492193622776993
0.48457909732693
-0.18663798039217006
-0.229655470277214
0.14643607172878434
0.31757542282366158
0.26589947662564029
-0.28550770108087048
0.80752468982313041
-0.073842080004659902
-0.2524609669539537
0.075528394502798676
0.11595642778000605
0.099408662280657548
0.26081415001521185
0.36025650139008453
-0.44246869732223892
0.041539330815260102
-0.16034077400206784
0.055452730184718767
-0.040548559457953437
-0.14681144622238046
0.20530962084568616
-0.42950258258299484
0.22205218024299647
0.2866540581901334
-0.19680745812133105
-0.011476034706479609
0.35950955026616788
0.152717042869598
0.14125744910307791
-0.11962262907663906
-0.071566745638964632
-0.27784233968347083
0.060352171667597543
0.51365738202850875
-0.25642430561893587
-0.17269421469656637
0.12471644067410147
0.18350815720091604
-0.044863083721784408
0.5456414859443276
0.46930780855857446
-0.17842736617176777
-0.20261585604390303
-0.23788822601452006
-0.026974582671243794
0.13661359779781215
-0.36631149376777244
-0.55588620033406111
0.018568383719351263
0.40479205080970132
0.0290063288584563
0.22358527501225167
-0.062190953958041847
-0.13676409514894031
0.18812482560776683
-0.1961405413080238
-0.10933062517510282
0.41076231719750228
0.089085728632469635
0.18383405235880096
0.14478003806790707
0.20891576058643369
-0.53342489986926389
-0.58272265613367491
0.2491622973572713
0.20045636198946318
-0.11226210453334658
0.50595230209430575
-0.23556749177329417
0.25422279272118564
-0.42945736172194132
0.19471700286821367
0.053730235850821033
-0.41750663190172604
0.19489068884098501
0.031289004799397765
0.35897417157219069
0.048438762310655921
-0.33910054394950795
-0.2331545256271737
0.17378989359780203
0.15092572693413792
0.10464740213645821
0.21632652511102851
-0.40466408402960125
-0.11845385990693161
0.29599145711654573
-0.36250820294506825
-0.11063448549644538
-0.47048448731499787
-0.16207337891125734
0.012231814245826613
-0.40493305942270963
0.17810049030598743
0.0061770531554463841
-0.34697575800010011
0.10122326129120307
-0.4649867779581508
0.21382908396285907
0.12659457038859406
0.1977556924407565
0.1377103573192498
-0.047370787144312178
-0.20491930216263438
-0.20114491137513671
0.10983916444314583
-0.25430640707267527
0.36698149527253487
0.042212184686823251
-0.057325821587697341
-0.085032179183657103
0.42216574457588169
-0.053593446505789094
-0.17625097364870831
0.27770314083023517
0.28990066227916256
0.21623840938021899
-0.011387055119278027
-0.27986638494849975
0.37828560673536671
0.32527169273971934
0.0013652182504898373
0.20084728152572168
0.035637934310893467
-0.099439691919003315
0.296445639107281
0.13639316264752815
0.39568427605127443
0.44295714659197227
-0.1711522969913708
-0.2113414387910641
-0.44252014275044155
-0.16424623272564243
0.12217603790230175
-0.0014034404323782794
-0.18829782546597054
-0.2620904727288727
0.045670091215684765
