-0.40028296168154781
-0.20526523971571969
-0.1804295916142539
0.012841503921284256
0.0069738236534556478
0.37876567718181353
-0.50039165506972727
-0.045710356848584377
0.55194853370519226
0.52270606690797383
0.18659343424538022
0.19346997734980415
0.23058055120067236
-0.27214374797749824
-0.52085193473008629
-0.16603836505490099
0.36374700810496846
-0.022859450296023341
0.26561870195870046
0.11032749225710385
-0.034329434724072148
-0.24556176306509911
-0.039123815059733114
-0.19987869649804635
0.093413096340709711
0.49863075266481061
0.55625965504603103
0.19670632283921599
0.19335050214102897
0.095442533590156323
0.084276046942736688
0.06770388262939489
0.095822044008890009
-0.13298133897511005
0.1010903984488032
-0.046905212200805749
-0.059306116825028996
-0.1898614204243298
0.48039860058297401
-0.016349198111904998
0.057014663579818776
0.1123323084064934
0.099614191625628554
-0.17064990401575392
-0.19294454842796588
0.020972458059643536
0.14772769487968884
-0.19699526168107745
-0.084397841436363863
-0.11014425442989295
-0.089148439976085778
0.16509428461375894
-0.17721688215594272
-0.043227896691152484
0.14032968934809961
0.69330964939966999
0.11915245685765749
-0.075683990935006759
-0.54912550372098745
-0.23424944402204567
0.52175848213835418
0.16596898954987963
-0.11173215382037807
-0.038247817918112846
-0.0043253851864310149
0.19123255307877293
-0.13246537115919846
0.2456767762635432
0.599764155020025
0.0041878799961637021
-0.24989037714122747
-0.0024213388109908963
-0.067654689744987812
-0.5479282634366478
0.25952353441777642
0.34831803885564605
-0.42035236862974251
-0.19139022831750518
-0.26584013013350655
0.001333975999520754
-0.33345191729046642
-0.038602873200129194
0.24580383545148882
-0.1427035781323413
0.1142502085618592
-0.37134332844712509
-0.40100364020754214
-0.46435918458245351
0.18176607161012986
-0.46339306312780826
-0.16827816078042107
0.20012865593992313
0.018906319915603521
0.18770175377805493
-0.16443215632493069
-0.17186592226887953
-0.093024508232308289
0.48720774834576369
0.38641445955106107
-0.27229611442013929
0.18547991961266513
-0.51270134573067205
0.12640153744765248
0.200890691621356
-0.40879438185228967
-0.036271715500972281
-0.36612791320156945
-0.43487124384150561
0.32147479012307212
0.15485129793361363
-0.15092762908182158
-0.38987848806005398
-0.2107317209065411
0.27324024912599704
-0.3833232838039709
-0.25109104715256475
-0.38040751380847648
-0.46751457151698872
0.097373941261176072
-0.42464409534609826
-0.074077876503674062
-0.095050234200621767
0.4909051745230365
-0.17473419946102831
-0.068891004909062456
-0.55322442530660643
0.15578017398854135
0.082713672408154595
0.1165803108632585
-0.5380418147238949
0.22254056239201789
0.16620795286332721
-0.40606653906465839
0.11754511709508175
0.69776889912507811
0.11077374235967709
-0.065430906169574518
0.20477020089188092
-0.061289707948948897
0.15264970189586491
0.37690747632965249
0.66332851978953156
-0.038993839184942848
-0.20994955168633384
0.12509223962174035
0.031068759988356828
0.2935296096607109
-0.034293807511669015
-0.2533900375959387
0.049191669002013987
-0.23030698562971058
-0.11117134023378906
0.00051435278874588527
0.19940565741372385
0.37244085282497924
-0.21087721217210409
-0.21209263401727579
-0.12082289128715427
0.17492137736755461
0.57634657287913171
-0.093918393508614265
-0.22637568829465279
0.55037284236889772
0.13109169747634319
0.14973373728652689
-0.087502947412104862
-0.26403586483564889
-0.20668623521044568
0.12292730217740028
0.075278565794589178
-0.15616572982697488
0.17321479866369327
0.036750740584207742
-0.26353163803184582
-0.081622082974867338
-0.22345170516595531
-0.40078594832114356
-0.26937798174959349
0.06018924830706928
-0.18158470293441192
-0.46435531812522618
0.31624702252097542
0.1216715000640653
0.10034436548129443
0.45277768240977206
-0.51308894549636686
-0.33092794151357685
0.31788712285888732
-0.2313065928214289
-0.061088770009285517
-0.0013224975847110404
0.081202963297750896
-0.3312267913465668
-0.034741697522158568
0.05600893552113239
0.072245510332387894
-0.16860173018194261
-0.51001697174867644
0.38715102971053039
-0.28460157436150141
-0.093218567448389716
0.29129207051431338
0.1470117130901637
0.22491574586787721
0.22008250915304101
0.28948020718041972
-0.12519471796636256
0.36699214308061245
0.19486154222750893
0.17087180778875319
0.078393685206753203
-0.3879931492400473
-0.46640271802221644
-0.37922026814338045
0.24721788252330817
0.36127123610366413
-0.046891917567710155
-0.34601181953169691
-0.19768913469901164
-0.086458738381234024
-0.051430013805276883
-0.0091637440738028229
0.1763152788359077
0.70987705348632957
-0.1008178183179024
-0.18354953470892729
0.31172803584693221
-0.52117134373478058
0.21167307458386661
0.25490720818497736
0.28849961742527741
0.035637725212976118
0.36059979511083773
0.018488092470956008
-0.075971083927994121
0.031085051267913239
0.40372698031367843
-0.24948876890879854
0.33496199138520494
-0.26674770677996079
0.07955853439166935
0.34867700428800541
-0.10395898699725088
-0.17862379122662936
-0.13319652254323205
0.0048886179563862832
0.053243421437508376
-0.19457269187657711
-0.18224358224483
0.7848842360242233
-0.37457998533010145
-0.13732782970383756
-0.049566288678378173
-0.28172628532608074
-0.19680075913633402
-0.24600404738754728
0.33188544538647202
-0.11303090343967834
-0.32453301602225187
0.16158114582347485
0.19818474098351943
0.41066396928397902
0.14334084945284328
-0.43069897508981736
-0.13027278056917574
0.090347335124608227
0.076500964844439301
0.18079424548533007
-0.27386302074306645
-0.08261035657849955
0.015178033444537638
0.021658694873621317
0.0094344436148659436
-0.063180417045484133
0.2518641439068745
0.059204910361703209
-0.070198659107352054
0.24327574129946661
-0.22150797576376896
0.26630401550009136
0.081549739378328961
-0.28894671644660191
-0.42066448823239488
-0.14810470476344467
-0.33085342573738508
-0.037513369432081972
-0.2494383857134492
0.11444441958072632
0.47111288723571076
-0.080285937399930368
-0.17088747149235575
-0.041993957490757149
-0.092056765328039136
0.36285330570141427
-0.22056458623998498
0.047983797517495159
0.055382121158209674
-0.056254705638875857
-0.11534070894142
-0.37078085177957332
-0.43045310650108093
-0.031842187728775742
-0.077695407275272285
-0.44592615197226232
-0.50916165335075325
-0.13177163076782039
-0.053746030197393831
0.28938846761815368
-0.59904023576020449
0.18977045059809694
0.17778215346163243
-0.48683816502053739
-0.08204073401502622
0.47081073616511016
-0.48518954901384559
-0.069049212707257182
0.22045385704879991
0.34734580316648039
-0.14482919821708556
-0.20712167425708961
-0.37773420487450476
-0.024273310998739556
0.0048393202885431141
0.37737835671753683
-0.38243278852567569
-0.016536782948996912
0.42736788232290951
-0.67523779502671943
-0.47993556853975061
0.080996289542285965
0.22989367742628786
0.18474143025937378
0.25852840217743051
0.25429001788560424
-0.078248810664533583
-0.27813841744304463
-0.077561281958707637
0.11063677583252841
0.12787617187800951
0.084020402372461972
-0.071238290019325703
0.25596612170386324
0.074770017343555303
-0.20577815801264887
-0.11868090714711596
0.070228663932478716
-0.36521058244213911
-0.1229544938985996
0.093028926181375537
-0.34804851310302665
0.012880359037936122
