-0.023013403226154895
0.17067699848300519
0.44244206833678362
0.41670017378148455
0.25035560133513673
-0.80168683481565672
-0.24915206548630167
-0.3593219457468585
-0.022300365443538743
-0.37945059129442593
0.35503601776771299
-0.18129502715275692
-0.23842077431886677
0.37034869333127196
-0.47213277230087336
-0.57798365815936625
-0.15876100840923565
0.84843710109127712
0.59735389253817706
0.17267679452287554
0.65061278063013361
0.15483246395214012
-0.26931480315374556
-0.11296109207546338
0.2886886068316416
0.54429663744703582
-0.22927632913968882
-0.29696777492696774
0.035801683284460456
0.64919879155684068
0.4344417881765284
-0.62724908101699706
0.53423567194548993
-0.16936707321331138
0.66926698639642324
-0.12099157798670769
0.29691537250022693
0.010810276838104666
-0.82467074781018501
-0.43908824348346143
-0.50238843247978304
-0.42736289121557736
-0.041171749250328599
-0.19888083994923544
0.35673062747146755
-0.33835314748862672
-0.32968588631097628
0.49915016884456664
0.3277685183324503
-0.27701213746285397
0.2741373170975499
0.1681133171929011
0.030097170038270008
-0.84650325809963511
-0.14876536044980332
0.61083553096387477
-0.18956542993788908
-0.1087799153444191
-0.50355907217895557
0.39464441973367631
-0.10357736979941021
0.53153609885232223
0.14201476216731521
0.67416791408139087
-0.11513247810814206
0.090638801892386392
