0.33557048533153855
0.79004865847836048
-0.050770179382563528
-0.0020162347425324726
-0.061500457465022404
0.16276407413537067
-1.3133852065291087
-0.46775777342751612
0.05781143764638131
-0.048683044047955149
0.20271495956616728
-0.29714993209592383
0.075160037211414149
-0.038244603667260339
-0.32594548700663817
0.075674060042290062
0.15191793829843878
-0.35146925798223688
0.031195736249960217
0.092095345902962339
1.0583731599105395
0.21747781566707791
0.87348751416371162
-0.66770984744380113
-0.31381493954623119
-0.99577558220645723
0.19299406947747477
0.61055046891025677
