-0.21833047828124016
-0.20027872282648429
-0.34783331232176906
0.37347608196419529
0.5855308396544916
0.036298801006033769
-0.074004232949421489
-0.21611241117732738
-0.0067477198108328402
0.16758115498607612
-0.10749563902464548
0.053961342792915021
-0.016622795521683623
-0.16125380025631289
0.53676155269416448
0.063625875585166317
-0.42742773773709941
0.30525730841734489
0.0028396885802125429
0.37669060603426724
0.41762489618167681
0.38273216361990553
0.021360135802897296
-0.020237394846334623
-0.66219056732138148
0.56513108809719914
0.14753682025791168
0.55572868366226025
0.15875179310028861
0.11560880475209268
0.26371176594196605
-0.16225202554299745
0.020384812723162213
0.1207780970524274
-0.3388228882565909
0.45531027807975238
0.27922345444775887
0.21029256475169444
0.74258455526567679
-0.71866014063821371
-0.45131886283755585
-0.057794760650652234
0.39436424322064467
-0.50666904883638686
0.015151105577882849
-0.36895759468425354
-0.51574081636368818
-0.27487518978632314
0.11775940995267446
-0.73790646149163075
0.26114592587269364
-0.21849886368075219
0.018445683154196754
0.20842069024628307
0.36885347714106376
-0.17885783004508277
-0.33083917855827288
0.18870561834803776
0.2225105144978998
0.6699859173534084
0.27287122222038523
0.37275645525120849
0.17195064357049114
0.21759908303970124
0.56924072657856617
-0.094067399657359316
0.029644431792851655
-0.23495719517717054
0.1841507908897406
-0.02741989903827664
0.40750498078326713
0.11264696925629181
0.49089159477091704
0.28959945840001311
0.20057423437588234
-0.12313926104349622
-0.11637618449023424
-0.23082836936169515
0.02173591141272203
0.29306011728651782
-0.31730304838262308
-0.40287167711086713
-0.24968735605775916
-0.21922074686995882
-0.11105838786582023
-0.3329022730747182
0.020306241207940234
0.031281659158091266
-0.33781439561338517
-0.090070978707102178
0.028352371662303234
0.17617649452582276
-0.33347686872678656
0.10255185508571843
0.26711353841162766
-0.073720113288031311
0.054886434652442202
-0.07038780727662404
-0.73548388331465242
0.23906152427620322
0.19869579791883857
-0.12460379389313125
0.31898015448585143
0.57357490221657037
0.27480498835481931
0.29240399376611115
0.33843907636782644
0.56724312193177828
0.0023540825133601148
-0.25814228712650794
-0.046707622892519896
-0.17481218423875694
0.41716121622890628
0.047249386164418448
-0.10491110553275093
-0.16956107644147606
-0.19639445197269612
-0.29150722001694052
0.058414549318902949
-0.31556096565948238
-0.21089328869084314
-0.17380605101157201
-0.066101896290283416
-0.44969500211843288
-0.25595390617260394
0.091960452996536518
0.068755343716377954
-0.0033004861037462243
-0.056483042172946328
-0.022990879735915806
-0.14415218566263366
-0.086635575083108554
-0.053965827774224963
-0.28918291573036659
-0.0014762443450524508
0.58048258785074991
0.59146681334421825
-0.16753033294397501
0.63449735062067325
0.36288492253286203
-0.21279600996568004
-0.22639380914139887
-0.25237908496560635
-0.58514427213872522
-0.15370363492917871
-0.79042887965324538
-0.35803364020228567
-0.099925732324620292
0.2564770400089737
0.22855984421446365
0.33574021690749078
0.089426461452330769
-0.14449614661308843
-0.10647249014472002
0.088181157552156525
-0.41755308767565213
0.0017087919026166855
0.21824566804254084
-0.11544156513125375
0.071750224435200738
0.31640621856537798
0.078112953959925013
-0.29468989620479669
-0.065227949352740316
0.48235433085551527
0.22694243922532809
-0.20680787536482531
0.23216012645555401
-0.031310948596752014
0.14052448556393085
0.18280411583748402
-0.4225123314601501
-0.025577470996772926
-0.25559875009164162
-0.65774932883201009
-0.50102029246341362
-0.5249868036843045
-0.16888391193135466
0.30499035220369614
0.57726506362058816
0.19998735698718406
-0.16649829668866531
0.64849132937846476
-0.36911913215328718
0.57064789553871265
-0.38011428357353982
-0.42594441015700568
-0.35439682692971947
0.20247002396353614
0.026715193452059399
