-0.67114037454872966
0.22400132540099174
-0.37353129919247796
-0.01339449190452221
0.66406528171672918
0.29410308110333522
0.074419718385309738
-0.24888533053668621
-0.029327495394119454
0.46403777040438782
0.40032585934319898
0.20685470090022173
-0.2620199259886275
0.31303145417030898
0.11220727159061147
0.33096684847258429
-0.36519081221122918
-0.090895700204261715
0.36018795428250006
-0.29181678598320548
0.22745157125156246
0.80999809529390043
-0.49740822280685004
-0.56294041139751527
-0.32993974142213067
-0.10583036505713198
0.14503337172123693
0.17076946032841545
-0.301502388200173
0.53308678458669001
0.037499397209262632
0.19594372619496245
-0.25963141214871327
0.92816769831369783
-0.20664208321703792
0.40008357453067445
-0.28663323446524996
0.034765773419021304
0.25172599786819322
-0.29604351268065465
-0.37742766119785032
-0.36909333487885271
0.77777637777628839
-0.31287016674927953
0.17179515998659242
0.50760505373834319
-0.2918413103361634
0.41608157530012191
-0.39626680112873602
-0.64737945927789886
-0.1529401660753216
0.020841996649246648
0.30285499340993066
-0.42297226708983943
-0.48937389505993961
0.15161370473522953
0.36508977522637542
0.13643389460768332
0.60295233099835965
-0.40088350387337007
-0.15237445181629994
-0.33146858743238433
0.18037005891042507
-0.0069823321948594566
0.4012713514626372
-0.62943492576929028
0.020977717454788981
0.28060351563749669
0.33509141987870056
0.10616759774049796
-0.3369703854594196
0.39419840014438384
0.18776819928366581
-0.014065004837739592
0.13033953139020729
-0.34717321302433124
0.55548440923884357
0.15293028075402612
0.0442724122262095
-0.090074656042898951
-0.37788094562341812
0.25085283876943032
0.47916480782532161
-0.44104280451687333
-0.58019424012156184
0.13458854164636674
0.79695060806673135
-0.018798141879729894
-0.54495861572950732
0.2175432140080755
0.68318731846143277
