-0.28211141369150305
-0.25819529106708056
-0.95409898302212803
-0.449541952945824
0.080806601114742749
-0.5251609108252393
-0.76110319435216023
-0.36162703108932936
-0.22100802438785086
-1.2214675883425501
-0.087365512840864024
0.37984877507917414
0.489082849534343
0.56406049151805027
0.31289220526170375
-0.11265842463538805
-0.097411911121349323
-1.1113741799515824
0.63419990766796897
0.048751760037254725
-0.52623990833936873
0.05110083246272662
0.17545683204221096
0.062534577720684131
-0.25787147858698911
-0.21842681887996093
0.49148969219508359
0.26275665816284721
