-0.065858096022335166
-0.27761740697525139
0.0052034927481893886
-0.27605552838467012
-0.011446521599776436
-0.18875650715597234
0.30633485164284824
0.052981834671500035
-0.061580599722654797
-0.17395716157759722
-0.2911216604250782
-0.15743106792576458
0.28365838361239221
-0.40481943896793338
-0.037511822704127194
0.11168680845437987
0.25842189665254373
-0.18180958428263924
0.53076425936123317
-0.51444840517606472
-0.35468290109968403
0.19448452756959933
-0.047556096098119359
-0.0025527217008678629
-0.33311370574402843
-0.1290176247366539
0.18935424889260077
0.0083974703426185331
0.021387091397825925
0.096296556137446462
-0.089715766598450278
0.12542197870094152
-0.18606169286644364
-0.093201131040554636
-0.34293262558138243
-0.4193721307270315
0.29475558110394867
-0.092564116610334826
0.12581244877343981
-0.26989767577050044
-0.32230458591675049
0.34748030861350176
-0.18029263835733486
-0.037615485781437669
-0.028622268153418128
0.23155907412827656
-0.37267436956006422
-0.47812521122563068
-0.032992071991165807
-0.0050140808343469541
-0.29519925398421409
0.17506964541022899
-0.15752098499188494
-0.1165866278400372
-0.15291284998390067
0.14676199928551781
-0.14713337265957943
0.033177350740290976
-0.3100815528489107
0.28654908295279424
0.23107328655332748
0.0066332866401707033
-0.33685014025799997
0.35786892185032032
0.4393594005284423
-0.10822090108590197
-0.20658059933519773
-0.29767235184997626
-0.24959367731690441
0.15387108103933497
-0.16803047892335105
-0.21105305713086125
0.026554650827393219
0.024978423161206333
0.10892948716026996
-0.40979784288046878
0.20020007457211156
-0.029767170610003248
0.14254924519830781
-0.11729474881034779
0.27581594184282016
0.13798835900993184
0.0031349515690320957
-0.28619968716130595
0.25611400757457298
-0.24433151874440048
0.17307562714737709
-0.12812921175326186
0.077216889894744428
-0.37857683835088268
-0.018121337610140606
0.15057416221841358
-0.18592072385046615
0.033667242719703568
-0.061955031712834438
0.30168989893362036
-0.24610582453578603
-0.34639042508732487
-0.15608836982992208
-0.34743107646496707
-0.083441488793053742
0.09353049845621815
-0.1542600838375793
-0.10428171441272775
-0.19459439528299363
-0.051134506638927803
-0.28577812758309673
-0.034952766840327547
0.090542476811579328
0.0033120480563249327
0.36404319430503246
0.89025972473709647
-0.19402076001380827
0.39962753437776655
-0.13352833647621468
-0.27861495140537934
0.058883261161166357
0.149669603260533
0.564518917443111
-0.37582557881202494
0.21760222387975428
0.33221279307569523
-0.046057913341904955
-0.015470137392037274
0.041640081706977208
-0.22278728025667696
0.081950610911398991
-0.10787917815315495
0.16426176537948023
-0.18621339974254697
-0.07823185249135696
-0.11560395496199198
0.14655647843683817
-0.093507425510319042
0.17017201644461699
0.070883388144327444
-0.035741258287999747
0.16496748209868609
0.14385064766712097
0.32196583143163715
0.095515809039366475
-0.19033207128061894
-0.40426109907192537
-0.0066748948695345388
0.10539707023725545
0.2032251139721811
-0.060704276327647876
0.44472695396882239
-0.73298822250809315
-0.1183927404913294
-0.37032455478086995
-0.0006006341305685762
-0.51591155275832068
0.29180632800177014
0.034577665700204319
0.048274950628281868
0.51609752634236183
-0.02409483126998074
0.16486347705629467
0.13476352308060791
0.0137268753487562
-0.32100118010253598
-0.47660305353820553
0.24101472116560982
-0.10864417977652421
-0.28902512104728983
-0.024013488497358258
-0.28862553136624802
-0.83590592453156476
0.049554812262334699
-0.08245487988561255
-0.1859313714218577
-0.15087756126860988
-0.27685580118783182
-0.57400926558262577
-0.25106158491499692
0.18426598116211743
0.23159212412594191
-0.53228034262628698
0.12880659004422171
-0.39428189795941565
-0.085490211090207394
0.13794981474975088
0.36180566149240689
0.33542971759725265
-0.30586624828642389
0.29948552214959628
0.1483615955173905
-0.54839772849913904
0.048988302603502197
0.83308627850873196
0.076738825607584216
0.10716565863925309
0.20938052022922829
0.27944357454830682
-0.055118093815591053
0.38447831122711801
-0.56510993012332555
0.29074985426421446
-0.12324738917450284
0.11266316754719076
-0.4153881514239478
0.29022010262001424
0.058971105503042527
-0.30054499617210267
-0.12016236760792558
0.022574951460715455
-0.20725561136379564
-0.19032305865263169
-0.42062444537096427
0.1297688360119903
-0.016327281584749401
0.58558338447150871
0.27871058662589043
-0.045629848291451058
-0.21818178806946101
-0.094612409694051297
-0.21649425163537706
0.46474321436542054
0.25712236289374241
0.21492716910751322
-0.12155268002591142
0.35280434255534515
-0.37057200933690082
-0.16322204497487819
-0.055900009470128478
0.30159040851202928
0.24315074397043215
0.0040064248555732266
0.31508838175665149
-0.041506887958090002
0.010587906627774092
0.11734171716006143
0.1016617016357023
-0.072035960605159377
0.71552643896279533
-0.24802953210166889
-0.1447925699188343
0.26947795672022451
-0.51388828378776397
-0.1007858795578873
0.29977470358603037
0.25029149660759153
0.15033929346971026
-0.27918711527831935
0.20059304393217189
-0.086422334419843858
0.086050735332459896
0.45362076373354571
0.27800570926988805
-0.040379853085099872
0.13438881863198229
-0.11506669424663617
-0.023160088780130733
-0.0050340171605355918
0.3792276587492821
0.46789810259657194
0.10590946788578062
0.32586664733371262
0.12287045933445163
0.23777496979505405
0.12415477511158356
-0.098727680945010624
0.0073887063137083129
0.04733048558439315
-0.38098518781162088
0.46362251573385949
0.14671875650487012
0.015118441787613133
0.092817326881135698
-0.31000866845327846
-0.24221882501232928
-0.24383780180938988
0.06559586922511125
0.27612466288408011
0.18206421113709148
0.022527517628903749
0.15977124553859229
-0.10473417527115444
0.21355050874996376
-0.32713394730597134
0.2617225115439481
0.32738516598564749
-0.19413956459978948
0.43268679848221797
-0.0090566599085425328
-0.10823766919983029
0.0064179084675620784
0.14939757460077893
-0.23214867540308637
0.49761966980789774
0.11712696008927402
-0.12446633356098109
-0.012528754534045609
-0.18619582297074339
-0.21768455531615832
-0.21764046368160447
0.20066264606239217
0.67916699958317883
-0.049009371863666475
0.35434323683515589
0.14016465430281158
-0.27349639429706252
0.25253153291769453
0.24926086941734121
0.09888633194265177
-0.43092033342682051
0.29832842778132435
0.21746487999795394
0.249844798873436
0.42988092603512723
0.1171667016975798
-0.14616093496096066
-0.22284958000493169
-0.3230653696506578
-0.22563538492373961
0.2198095203656435
0.12267176651350856
0.35757427981380757
-0.14043571520713005
-0.10065038541682517
0.022247499685376499
0.46294187212060067
-0.022438907478695279
-0.16295868665395655
-0.035522243341535469
0.14106772341226509
-0.062335442256523099
-0.2335894974107201
0.0016082411116477718
-0.10898100665814874
-0.75539878345083555
-0.32651996206902045
0.075800547822809428
-0.13945437495045146
0.0042320137980375915
0.036695161430568904
-0.34670793036700992
0.22022040330599904
0.097433672171898758
-0.03578202412300685
-0.23947084706070157
0.35992236904044844
0.20363966445114068
-0.069070019280988215
-0.31985636849769172
-0.056150025336356636
0.17897059806765719
-0.1372270614940273
0.43335820060298907
0.35110738385769497
0.054078123190653152
0.19774434060181634
0.16512508657175964
-0.25013019932833447
0.045778748063110886
0.44986810259167959
0.12782989288169305
-0.083887395067252804
-0.2465308341905566
0.16610412037041281
0.36905520316796503
-0.14301569041267373
0.016461468690542585
-0.0047924068271392485
0.12626952772012523
-0.14144420894280574
0.5265250969405243
0.32322259161302236
0.23923708951057426
0.14100025176807221
-0.066080651898069623
0.27057253577835272
-0.35376578421911442
0.2944597030166245
-0.067310390227429739
0.04114123460100233
-0.029043206503001816
0.41733177007529254
-0.18569993600780366
0.0080075707248372808
-0.076519474405517221
-0.73400571320845731
0.6013949968974085
0.088358302746690653
0.29594984155191084
0.28030951757939515
-0.056168235977779216
0.2209210480051704
0.32960637295270268
0.023644245936881279
0.58445127454181067
0.076859382433292683
-0.039166157485060818
0.43264292665016507
-0.11419574163748271
0.53188541628956931
-0.20778886805477392
-0.18721282384941859
0.18824675144832501
0.26588999980408484
0.15650424186652939
-0.12593394812876105
0.090037159900786382
-0.12137434851598243
0.37225955493186791
