-0.41121706118263518
-0.23424646652111572
0.3327505530441387
-0.015449735914546721
0.25940358733789648
0.51627589212542702
-0.29816800602533633
-0.3285587847394818
-0.46429306929294323
0.15304426239221094
-0.21494604070957879
0.086373708159194026
0.32650702926804698
0.012804417208121508
0.46220118381502129
-0.141037613803847
0.20365653352009966
0.0086638091118241521
0.4416698603943689
-0.39946808225477598
0.049481127860908233
0.66734198298844827
0.32580564536331208
0.016918655567266554
-0.24944723339571589
-0.2443975072863743
0.098867457463095207
-0.57313254529800217
0.033321469537787085
-0.38952757390293441
-0.25795761827355029
-0.12015778759347473
0.32865651147776692
0.13570216387365489
0.51655737428081006
0.27635746880230416
-0.22707555991004838
0.090088739186190439
-0.2248058051847176
0.15050066402543466
-0.31873179754036296
0.097276891321369421
0.38749553446877594
0.23538886796794434
0.26209229280203966
0.33815678747443123
-0.2118717401383883
-0.24900024225017167
-0.19480917373324991
-0.021781834928495957
-0.2497114267309189
-0.58837240723033246
0.030380819217613295
-0.26706634941414975
0.17990954794168579
-0.14223550466165974
-0.42335792754668705
-0.1239618361572099
-0.40222863768193023
0.48172588575102981
-0.3594555854767077
0.21323821904841733
0.61387126480116039
0.005971297135645327
-0.56009579410231214
0.2615716524451997
0.21613952351737306
0.56574032194422386
-0.28449642652310891
0.28130505601659572
-0.48833826697989074
0.12659182054981749
0.5337238017885152
0.42558404814824086
0.031486515471859954
0.1014681780199435
-0.29130095044314042
-0.052229082980023475
0.23639428389033654
-0.29106249796979433
0.32950300324270465
0.44095798815651416
-0.09045437317624655
0.20871970325622752
0.079788771645310688
-0.47877555452398973
0.38349049874139124
0.31338120532314018
-0.23603717969134419
0.0046303400715240663
-0.4966529828194125
0.29806251642457027
-0.074192485854347873
0.23163206618582921
0.59080147474859568
0.19838497301600486
-0.062053445295319754
0.06798870503399615
-0.10305312857536296
0.33522596904197793
0.4442612368298936
-0.77253901872189834
-0.17608007516085208
-0.10224531700014151
0.37227078462273172
-0.31307724662388087
-0.1803037097048456
-0.37027398372880743
0.10566993441919585
-0.14051416222282467
0.29603081394683128
0.33145943261055372
0.19452615509979562
0.24914288194132592
-0.04220425774738204
0.60638725557294559
0.34865756365978706
0.069907344485125367
-0.18090255788952705
-0.081704758042054876
0.18073346855726474
0.17833630683035451
0.028904362154029181
0.15732442798089952
0.49109255157856535
0.23848293331838347
0.051714653693139143
-0.50271887283431804
-0.1333862805834429
0.025194972088216659
0.52837959648409938
-0.25804951380563429
0.044152795686319087
-0.34626480986583735
-0.95953359209182554
0.23424351595290496
0.6575256788784738
-0.23229782415506525
-0.072943383138263582
-0.096652182141151316
-0.34464621460125855
0.13657682805298296
-0.48468478247505375
-0.16851359854641909
0.09535724144222904
-0.26437066740172327
0.13385910109977717
0.34828993188033852
0.059469484092177456
0.087625668266603646
-0.22503110230986775
-0.18961916949257146
-0.092510600056041448
-0.14737900276091692
0.14137952404792026
0.25986630544174155
-0.06346157889248244
0.4637364500996905
-0.28281159126714606
0.075886697714974236
0.10314615226340712
0.40495813477949272
-0.20650970512143485
-0.054508321313527376
-0.12713912019052942
0.14088599512042616
0.10301008447745338
0.55230642949052489
0.55558874326293295
-0.073296393539034582
0.044299909771007534
0.54649297059722657
0.050528024312430794
-0.5045582491652767
-0.4906617989137545
0.061541621700777448
0.29378864133244076
-0.053801953793669449
-0.16717266101587119
0.030330793195254394
-0.019000403872798562
-0.37391403970543935
-0.15098552122882222
0.17780428628554051
0.11646276141849005
0.017207530848405577
-0.18919835525851794
0.26912927545198834
0.76909925476994179
-0.15288775335768165
0.35990301385893125
0.081323211575930754
0.31470736823745898
0.37911349279438611
-0.096338696919740396
0.044373570635180229
-0.077416710029900512
-0.19277537924872895
-0.20016930425311819
-0.077661168227852698
-0.020029126704580971
0.0091492386911464999
-0.33376086256902038
-0.16630806461922062
0.095755766196193776
0.12780036654480442
-0.32171223546719291
-0.1250089051077409
-0.92802827145024702
0.21816286726492551
