0.49702928159658905
-0.23665043362631427
0.014113546554317499
0.39124416931925393
0.12569949439945144
-0.52900723763364443
-0.50104292973275022
-0.15569447785003115
0.060209080170734057
0.27388326379189876
0.022194722669731402
-0.20545926704625697
-0.053422295011874052
0.030614149215172019
-0.37556787836262534
-0.01119743668091929
0.42639406036874355
0.48767834800074727
0.64365350981057023
0.55257102201844754
0.53655896817208326
-0.32778502030528012
-0.58432205149451166
-0.041945042534432521
-0.019337710287407904
0.18270902443718404
-0.19228136449897443
-0.15741594533701042
-0.058423739504945608
-0.26558653930772846
0.1844715678811906
0.24637634174928319
-0.13702176715204714
-0.2973408977123706
0.40205751748382129
0.28952291114832962
0.25757083185317164
-0.30930827675666872
0.079501855770837099
0.10604437988462447
-0.33024257078390507
-0.52938968470929548
-0.69168269334796362
-0.20726680491590108
0.17883332241502123
0.82524284432663619
0.5049763599985112
-0.33816167180248352
0.096276477907317845
-0.26081272547072432
0.47095106889427496
0.16002917766059982
0.29473722367822197
0.13769577403788102
-0.26892189797482685
-0.20002204321251357
0.60314230423340975
-0.32816762160224539
-0.0075768567155896421
-0.10598704367534575
0.39562405760011488
0.13686271183517146
0.53745904827668312
-0.28390502752969976
0.12186431726887202
-0.03948692867953451
0.36091766008816983
-0.15394029799626133
0.29560296726610319
-0.043552403946083895
-0.29876713651929693
0.29034036086167042
-0.15511449277822942
0.54305568692485029
0.016830389152169674
0.30548427320864135
0.11536397218938815
0.86532611591516373
-0.01274673168626791
0.27235618780435489
0.36590340950154621
-0.31777427061334806
0.17651373707699072
-0.30159368301266753
-0.56340153902965706
-0.3752455519224227
-0.4555048346942302
-0.34443107841167614
-0.20119597655088672
-0.5274334785484065
0.12983464475688311
-0.40970569836146781
-0.47609915198628933
-0.46962989218373058
0.45522827953799805
-0.13850462695436916
0.36210909136036451
0.58289774720134513
-0.30173568158122099
0.14181666372111787
0.71435127800020337
-0.073422216341833227
0.57928289151334589
0.029517072162944424
0.098815491395792099
-0.047764617943781791
-0.042043334805014966
-0.16925968157578822
-0.16866979588187822
0.079002950943961495
-0.1127269932736109
0.070681956502666649
0.29358941850292991
-0.092538984152203629
0.2524645917233943
-0.079568952407668481
-0.41365507853364142
-0.3790148295920448
0.1929892637457766
-0.25538484655684934
0.036588086166628939
0.47324242207324835
0.18805462379756438
0.36991728077164759
-0.0091258611771665669
-0.069742029269290323
-0.1834016669455843
0.43509419118783094
0.33796734991972255
0.32345765216422856
-0.46863467880784176
0.012830412135710264
-0.2005372118401432
-0.46426045253998049
-0.028520827497024163
0.30693156085184808
-0.08206762432207243
-0.24334198841547183
0.33327105716941957
0.096660912149324638
0.43740603025712771
-0.084141002664896894
-0.25552757760372974
-0.083146983973016036
-0.4254544402744298
-0.24393114253606465
0.01784737225479625
0.040367315412783135
0.72516288205224522
0.57138009756921948
0.2813198825961522
0.095204094756305133
0.54989992800020748
