0.12158770869981472
0.10182328122962177
0.36129777589995071
0.064001704135549856
0.082393617227350446
-0.3169495779548645
-0.034585433100145835
0.051491028268017616
0.3882269902731314
-0.061673834044667419
-0.32327133353987264
0.31189299564621048
-0.74586795522397453
0.082031048336353884
0.24002773768183133
-0.090096229697589639
-0.35090137412116484
-0.32625165248984223
0.18370867199096472
0.65309916437042215
0.56614447551049274
0.2330790752726338
-0.25412151078908779
-0.25600260287616744
0.12697932090072794
-0.13809141724066587
0.010835225988947254
0.041504417994876593
0.12335006325141074
-0.25260311415333297
-0.41161573296573256
-0.12016861448532143
0.34217515618095795
0.025326909780282156
-0.042111513433525281
0.34416463311325779
0.1642407990869944
0.20562789314562957
0.30534219466321438
0.31608551737794388
0.036795123492438263
0.056882118676682469
-0.4035950445187152
-0.14230573249541187
0.21151317987487811
-0.38688282378370553
-0.11644377795097663
0.14614556262980266
-0.47034993660744284
-0.36622364217315495
-0.15719449582623779
0.078075098548845631
0.49000920274520626
0.11277082575251049
0.21476080172971465
0.11573839130770994
0.014422414770731296
0.33169557272243777
-0.17881345598546428
-0.13806322332589763
0.060453380703076647
-0.0042326006511320038
-0.016802442457582265
0.19239661198119559
-0.057578062332572739
0.49164810766541656
-0.33284589402070158
-0.12411292999021188
0.23836962823963806
0.39604903401490399
-0.17960372440281147
0.075550282531002461
-0.073632357525773462
-0.2619612344527168
0.05177569640165465
-0.02013868362889035
0.46348167897352693
0.46040686437925432
0.23498445570646442
0.37428060608457914
0.21598051091072812
0.084180439650475211
-0.70912537597226466
0.0061923048602619529
0.16012187978277423
0.091624670230501096
0.32933197391376973
-0.19573525810345593
0.076819234541841225
-0.28236379564562109
-0.12828384155119438
-0.5647583745464706
0.13632155161945039
-0.19908162245711378
0.070132460917849582
-0.45515364636949629
0.071336332092453741
-0.30803970021963106
-0.091252356062129503
-0.071726027183616287
-0.019568124519209404
-0.12350215162878531
-0.35024748280546802
-0.2697134302568745
-0.031378599042905943
0.17907470457057895
0.46841272984811932
0.72585516967517805
0.45666517237356008
-0.010533491084064182
0.45579919585648221
0.16588858313850682
-0.020775026703403979
0.27678486163157928
-0.12953062947219959
-0.045438696867268362
-0.31274903759563327
0.0093767424195972341
-0.10145442459249725
0.26407241937135023
0.55699543055440415
-0.16053059727033647
0.25255169818913392
0.055310487074818282
0.098721791148046328
-0.032316222854408494
0.29985560451677273
-0.091920876085717723
0.036717072369235999
0.45076231345226742
-0.08405426576260458
-0.21594026734254879
0.28054356567920569
-0.18090196887049675
0.079854703429050544
-0.045092337012362198
-0.34911093635065454
-0.20463238520793764
0.53140658449533951
0.00063600667194962761
0.12052997871545944
-0.085078350052750662
0.0026769726612482754
-0.42183836963262511
-0.64400430202403203
-0.14997123648754551
-0.0085878014854467478
-0.0027640015600614255
-0.30977740338477305
0.40717961853710916
0.68345989851034816
0.12952283479752907
-0.25033184775926737
0.19695883248364901
-0.023588599578527308
-0.46170336578724297
-0.11645075182353677
-0.017377279685284061
0.46236499000190384
0.044717767916708694
-0.035114188940773679
0.6270412256915997
0.12320857069952773
0.12398431217198963
0.52565660406026715
0.28777278727478528
0.46529247673988167
0.2052559914506123
-0.11638148832388591
0.014942113457562439
0.14944542389555082
0.39943079137026699
0.56747514312698044
0.51176176669825746
-0.21125644859844442
-0.12544900105771611
-0.36885847273364081
0.22453079209478544
-0.16061441180192199
0.0090764143685161166
0.31859541007074965
-0.016566183177930117
-0.028329497748161157
0.20480654387678782
0.36328412345417166
0.88188205122579599
0.19152998548124633
0.64361995649441517
0.84835064809163208
-0.075815839698566034
0.023718554868055356
0.17176171869572537
-0.54614742165922991
-0.48608815815641393
-0.14920241918409533
0.10187047489126583
-0.00023068111699918237
-0.13065407856054989
-0.38057254085593201
-0.25495646501394831
-0.13051699682976134
0.36059267266379724
-0.10428585701679061
0.18926109320589485
0.085620634399355869
-0.3156736472401428
-0.70710634832963815
-0.7300901324163297
0.24487815014886075
-0.12202112413791555
-0.17503914622945119
-0.53580572217319133
-0.060070814727669987
-0.36199782825248872
0.17950563234909922
-0.32600759181451361
-0.081998356868280248
0.47293198702483913
-0.48340193504367823
-0.065301043761889541
0.38939323400066705
-0.078775313795019536
0.14059350090787814
0.74520102761948981
-0.010878278991816323
0.10784393804791371
0.16176880238937619
-0.11008287865655079
-0.22465271306239651
-0.37276013337015673
0.070567138038595947
