-0.37059747184523906
-0.017753733185875791
0.34321443904719684
-0.65201511038338256
0.41820333579707647
0.14590774946252319
0.29613234551180406
-0.084032682690291904
-0.29549574191593814
-0.26884538564729915
-0.58353147478014167
0.13350751979211659
0.30706950333604721
0.50269946617471661
-0.80960725661563071
-0.29231130843641706
-0.063562779325425284
-0.21430256784485602
-0.084436948840226941
0.33661329464935474
0.12880849477336281
0.40898061117629653
-0.30253871950281624
0.58492843228148028
-0.08581391680441193
-0.030550865086748601
0.068731043121395427
-0.43939529726424553
-0.032448817910997622
-0.24935872046019109
-0.41995259190205364
-0.60767005272737706
0.44978610267335023
0.33136331462083751
-0.19929292257142581
0.56698636775840416
0.20178733916563849
0.3239025091984023
-0.090554981793599928
0.65744858682366192
-0.26497389190112514
-0.3616090522712791
-0.32622497749218921
-0.072921935092245982
-0.60213137678776985
0.0028498370886289935
-0.49795181843936148
0.02518243423480852
0.047776768905231498
-0.1908493446918858
0.098984973724047409
0.20222010406266058
-0.27746115288357259
0.69265499332398539
0.55893570035569939
-0.32522543912437663
-0.24962054784162385
-0.024104212232161876
0.12566170573096799
0.43144911566282501
-0.25033661855813505
-0.89688143268426967
-0.25092376891792179
-0.12773030398229832
-0.70726268370765111
-0.28352972268353283
0.098707160314921452
0.12372783699638094
0.0077852665698489422
-0.26563489594189049
-0.32310590520957799
-0.30405929521708297
-0.019605974775132633
0.14278204895389635
-0.1294532351296509
-0.22118718484094171
-0.13067920830075822
-0.77792431490880232
-0.13517400198923912
-0.43885711597776145
0.20758404419239215
-0.24488549289198258
-0.3243189736649113
-0.37225703453978337
-0.0095302337371837853
-0.47398597344505428
-0.60889805861402224
-0.026768883954947902
0.51489700103960712
-0.34090549506993328
0.063580276376332803
-0.28781782199610639
-0.60631051607698594
0.82869860261131634
-0.34022342669010414
0.14358458927998338
0.71048002140677002
-0.21585435159189437
0.059791982894532615
0.18811867638067434
-0.23416396076391754
0.092455963010494954
-0.39951770479618393
-0.061936187855842775
0.38622268060690634
