0.074486250223149864
-0.55123583604081006
-0.20696870121467179
0.30192860553265416
0.083771382566089445
0.53472286187445517
0.32674514981400282
0.23231195694003001
0.16877015084628461
-0.1110753758963552
-0.23153369150283901
0.13382932204091821
-0.0063837397399418173
0.0069931789315266354
-0.0097983057826078902
0.17452970327821254
0.15794399002446455
0.32853988686485741
0.11311164410559629
0.26914285096033558
0.15333416694145749
0.097025507377239459
0.21327456834040706
-0.22806315636354949
0.24506057376016424
0.29534279487348652
-0.58316092851934698
-0.20128040725256155
-0.32060293992357985
0.24966797557795992
-0.43015753379040933
0.34656230519082543
-0.14579703503041699
-0.052497513841896562
-0.11610796374860495
0.15066750995652389
0.013171967750437183
0.28823831033130681
-0.1038202318123637
0.091786685653011638
-0.098497892183734254
-0.157291828826048
0.17789392383113353
0.27350014685439294
0.035719449146356955
-0.27139471805339332
-0.13809999772288256
0.23892639868047727
-0.028296579032645663
0.61823136468380224
0.08201063734256081
0.38903223920603885
-0.12194106667144711
-0.19515111851126027
-0.35393564012280027
-0.81979664329515844
-0.25844413843689373
0.13870829939634652
0.026679001417199293
0.12604678055894261
-0.017713399970703182
0.20993085058810079
-0.17339138661210882
0.20768875826708361
-0.21795823255550953
-0.0934674670336713
0.6232489983707562
0.58357135363782542
0.22463176501627827
0.072617607657637667
0.70829293245879466
0.17473243423183416
-0.085257556713316709
-0.079384415610325373
-0.26008150121897672
0.18451355180804607
0.2739678659823816
0.49229267436939389
0.15164252079704543
0.21801428840155346
-0.14130780725255815
-0.11863218926455868
0.12332979119366952
-0.090910072854654425
0.21446847839491631
0.1669632729850633
-0.14835852074678105
0.23952063757479045
-0.52179596317125976
0.50070080873641332
0.21942803798267044
0.26156613228492681
0.35147333576461109
-0.52219848445071471
0.026751322370804936
-0.36983004949233439
0.089540453889203328
0.35611419021917617
0.072439273428169929
-0.27691734199922052
-0.35194884277298538
0.19807214025841616
0.033029023642426027
-0.070255035490221496
-0.24527595817363451
-0.14775922051894458
0.086253671109529931
-0.13600681773012038
0.52864291424486709
-0.28986760519376908
0.023021986216442233
-0.36167178136280281
0.28851688920486884
-0.005477918114564136
0.36103326049588641
-0.20187405674211722
-0.4646375901525126
-0.21287450315918766
0.07833582446658563
-0.065026500513089655
0.050386249896041131
0.17043729788079395
0.008531404320328291
-0.04797362251521263
-0.091255872016915429
0.49546673928036811
-0.44540233009673541
0.27195217272477146
0.064757592843412801
0.0068254486205801927
-0.13277307411382772
0.13925353403138718
-0.21023042063950295
0.18069900303734612
-0.022005613784048188
-0.20728948404258343
-0.022321499755979586
-0.43761554745387132
-0.34768810766836533
0.078008025142369569
-0.3640455255492116
-0.42413498823149659
0.19265900240714695
-0.14382417301543129
0.97671751083570191
-0.76824786643238852
-0.25301808100634399
-0.37726816225610288
-0.27519507729874981
-0.40017455780630662
0.095254230828792308
0.11746120607382338
-0.20666023105283066
-0.32037188456654742
-0.068103767778983373
-0.39722982276563201
-0.17373671016667394
-0.40978319010542408
-0.33273766416948458
-0.18402620326098573
-0.34234979605011201
0.12512382199227873
-0.26236769883151573
0.031584555250555604
0.282491829104067
0.21246620212099857
-0.42891904642146178
-0.11248163575451656
-0.29124031047806503
0.053487796890430254
0.41868677296279694
-0.081245754562124781
0.38902022996096103
-0.15974777702249907
0.5459145657025114
0.38250664433874226
-0.1900576199793528
-0.20421235130727777
-0.024833615555768327
-0.074930642222468688
0.28229653504103663
0.25165400208585853
-0.74482263036484719
0.069886273117509681
0.12220188384912824
-0.063363836044387029
0.17637869525198396
-0.15092967194718118
0.43711208536971874
0.01187052078307195
0.50062274517856509
-0.037603006333486365
-0.28586612635773873
0.088563276868318414
0.072374236504142056
0.051629235798882095
0.26397023259959912
-0.16275679187074388
-0.0070454732835992196
0.42981327937098823
0.28236378943638057
0.40227673136627051
0.17335076295819948
0.020599628767140783
-0.054124278962686193
-0.05880491016351537
0.06551410373970136
-0.0030617211360895237
-0.11159996491605075
-0.058396611907880737
-0.19868751594842457
-0.35648698058462763
0.27433753075238304
-0.13355097735823165
-0.049843129898974291
0.20518602210805417
0.036306052877136431
-0.054976151354677941
-0.12239830740002401
0.4202931771677238
0.18193248276152649
-0.116827020942234
-0.2145739985971695
-0.28615701842386421
-0.10180375513873724
0.078404039705516487
-0.18312855087907778
-0.70294771976557102
-0.10050390144122541
-0.17987862278732783
-0.057524324536845292
0.43425106548839187
0.19858528511491338
-0.066111246330199602
0.12178444832304051
-0.095739331213280016
-0.19046079049852532
-0.43865731347458486
0.15026578486728132
0.006300023173735657
0.21831495431242184
0.006009218016550741
-0.015429337145710929
-0.47048791757635428
-0.32843932166655543
-0.26813408405668143
-0.10526271441277156
-0.4605101950129018
-0.14421527653883895
0.17826330868746854
0.15970953406368768
0.01181051011149315
0.017775936595204853
-0.25050768650113597
0.11484888867626346
0.31692825394616148
-0.034858273467761901
0.29370350650186328
-0.25969623666686731
0.07441083435230883
0.090690409798053359
0.13882226158313141
-0.12979864351131573
-0.22240158232647239
-0.014072657902141336
0.34586816326084469
-0.18750170733371499
-0.083154313149221476
-0.065701077590620188
0.071586360563981752
-0.12265139807428169
0.092012964068566294
0.17787475760574184
-0.21638653780663883
0.0078587224151102468
-0.33925656299938345
0.35392893080827126
-0.059585531876483487
0.16610987001816915
-0.050281796730871249
0.075727714543563085
0.2889680857173102
0.061534827058383069
0.35972245369132783
-0.037710058095158941
-0.18389435018963057
0.26965495092872771
0.0081271177228373678
-0.23411670607345009
-0.62002386501474893
-0.2584523520351531
-0.37261398173808041
0.077451158827650857
0.5418464517896463
-0.46202242686394357
0.43669130796273076
-0.18792144605268135
0.0043010093684258599
-0.52952160146119065
-0.16932731427250144
0.25362450522877145
-0.34185311022690912
0.009436277490228193
-0.41488454324146928
-0.46052921639826838
0.1747936700291926
-0.15857787089422015
0.32864316144331818
-0.061709905105975286
0.25179290572545526
-0.29797751790265847
0.5449595366513188
0.31113216794998061
0.63265312774594351
0.10622366826639597
0.16643152884031159
-0.13664497762013209
0.056974547492331405
-0.088643378840904091
-0.56598060452852905
-0.09080170219518699
0.15093683475107561
0.70703663276623874
-0.42409238753692213
-0.051649965991162963
