0.050450342210243491
0.16665590757627258
-0.20565116823107799
-0.005373401371003588
0.14220586182257519
-0.10749817751576102
-0.49461109333883096
0.1004904427938051
-0.34782920419977142
-0.25141343831866159
-0.0068397265491513138
-0.44744555571374645
-0.39498592690029355
0.15349830046805682
-0.16219740451392053
0.74037206689732671
0.19788836605622284
0.10695967754578953
-0.11199597948610009
0.11073165278880825
-0.010047107222474042
0.55229277494339069
0.27002843142998745
0.44368902535908084
0.035166100568713839
-0.33478292043576369
0.086091370806273437
0.076963300021732156
0.35070002697777597
0.54399964755997809
0.48507577121262546
0.36958047750343864
0.097896803242352587
-0.23592989371315962
-0.047874310374810887
0.21316168202264232
0.1596689541894285
0.9085774018079148
-0.1702603269197735
0.48878471360803705
0.099397357194214733
0.11996276807882982
-0.3798457435894993
0.22906219717128143
-0.39814135355823638
-0.054149182426598046
-0.12162892463891717
-0.18835110727316007
0.13191781203816333
-0.060033085143800291
-0.7035397072483649
-0.016746126467336898
-0.90813928449067871
-0.1803687132613388
0.11308752976003981
-0.29412193146565507
-0.22296012521157363
-0.034982347341791654
0.55442447876706846
0.61157333841400752
-0.27311001159530213
0.36980796615500666
-0.044221881954255839
0.57943565141562681
0.12488112116337083
0.024781699346238247
-0.28973368655874693
0.31314862683817846
0.57266624424673407
-0.48217334985126892
-0.15999165321350195
0.14515573651331171
0.32863061711436126
-0.12647853584307459
0.58715811222962899
0.28998378641143874
-0.067743701460206793
-0.15148050862263251
0.5630808703904101
-0.47612693563624059
0.26394263437886517
-0.41158982007403744
0.92742092480711003
0.27827667517545224
0.86267228109114935
0.2086258341889321
-0.17176436534614878
0.35144545235062691
-0.26078333350577121
-0.20205475093205844
0.446621815034692
0.21567394240323903
0.058182424802584995
-0.31222059837628624
0.63560173384605989
-0.30736398448129892
-0.30527155920410431
0.16168128706983967
0.40376653262520357
0.46948305684687142
-0.37205703868635648
-0.062291497783054879
0.34228766108924941
-0.0017436110364798555
-0.46688299239910885
0.15941252867008193
0.39804141025469425
0.37821488926117897
-0.69171558485170925
-0.14492509044894469
-0.22429558037154498
0.31386219548917199
-0.42365976510955822
-0.054620126037194835
0.54562102365534282
0.054419588934599757
-0.21132012811244757
0.13264564388390887
0.024204431483231148
0.11583168312210027
