-0.27632605172688185
-0.30318753091756129
-0.10711851427183379
0.34801502631952325
0.083183973219218513
0.13840269989818249
-0.45016637273897714
0.41290861012594388
0.68755485726780041
-0.22795694265964017
0.024795010152843647
0.33683220685549287
-0.86230989049978779
0.82679296416981307
-0.22472936149068667
-0.29274916094887493
-0.51389763385081322
0.61082636378761967
0.43836650688782081
0.12909436979037409
0.1612509796188267
0.45905865546703473
-0.43077097790868057
-0.02252781468471992
-0.1728572577036053
0.3302383105638807
0.069024085151344047
0.22704508628057973
-0.74493066448911194
-0.4222717970061699
0.36856923466654884
-0.022951176016584179
-0.31565232741028765
0.96251288402139501
0.33903591555834373
0.72219395802953668
-0.36715094427423112
0.59447854492817109
0.14361427823065631
-0.20350525803633879
0.2347427959031585
0.33796799426267393
0.053100845816955372
0.74624469183813247
0.90677165491417888
