-0.46509720173424196
0.20464549316265496
-0.36871018133685907
-0.093668966788190033
0.21085321947694469
0.57471434247709952
-0.051959827983162059
-0.23809692786809644
-0.22635650360635853
0.26569663896027829
-0.23805254146285645
0.46213396685572106
0.20800374291867268
-0.46233256773713444
-0.11189006429724531
-0.48386253999040046
-0.37711430003301299
0.080785411963615952
0.010784643118163765
0.47336494762616221
0.029973560285417054
-0.074882470556442787
0.46802461881295415
0.067949106164389608
0.39891872657164412
-0.020474558612297258
-0.12472363001790324
-0.082373808969255599
0.59464581609030076
-0.094886497575786197
0.57038748211338064
0.055232892878873133
0.6214006143523092
-0.48880996368139906
0.14443045228553941
-0.15355923154154655
-0.31794775071322162
0.36867490424718524
-0.89187821769465159
-0.4698963734922661
-0.32313946434682661
-0.60618993445207736
-0.14902316336350283
0.16676909271812729
0.16417340395351174
0.47059264563171427
-0.10905735321273891
0.073591115786017042
0.58570662180108279
0.17270843005757414
0.0079700627943637414
-0.3226695684320311
0.51315544469333618
0.33705550289034508
-0.51931653314796833
0.96643598169783362
-0.18135313390587088
-0.26968271545720163
0.096349974751058706
-0.37409790346395111
-0.40078680489006729
-0.25030488710630061
0.30778188286843866
0.58953674046828941
-0.53079342178606448
0.16955728008639631
-0.51309904279664098
-0.73370859342696382
0.29260383530917711
-0.31597517366600425
-0.64245076675981583
0.25551309914339482
-0.022277341770388738
-0.27237872038003796
-0.081529823094376994
0.37286655158850879
0.14840344785891429
0.1242327921532009
0.70862285925362489
-0.11966529269721204
0.0017863713824974681
-0.3018400072641384
0.53618120807240066
0.088317580911502644
0.36568300302631068
0.029973712238972085
0.043832859287663763
-0.53814073096680948
-0.47340187660981325
0.24594035365258995
-0.67506445316994668
