-0.32572519804654509
0.20365290282860926
0.24964906666165004
0.067921626510422897
-0.38399189137485662
0.37484211677255475
0.46038369956637937
0.28240180116540531
0.29827573295472881
-0.011470818032433387
0.020970276991730409
0.76506855907052163
-0.18454038788003177
-0.22703097644532641
-0.033908402956610087
-0.076062424440877283
0.067183430013191492
-0.010318415674909544
-0.087098032332571795
-0.046889617008268082
0.10493326259746548
0.013309386243958006
0.068002594904339478
0.21949086923971201
-0.055777615274600907
-0.29792713289049172
0.16741360886888684
0.14806857851666158
-0.032180673428788761
-0.12684797342468979
0.0063651256076433958
-0.12847016000048939
-0.62698556315381637
0.40978951701883282
-0.32188193055420578
0.10214354685479764
0.43607409070143205
0.092368345933316484
-0.19996541508006846
-0.24375121121338364
0.6950587611769099
-0.14647658629343019
0.1931870831454347
-0.053699892880158182
0.16357290473747541
0.36780900687311974
-0.32266623146152146
-0.20352091845244721
0.25859655985903834
0.052836988597360537
0.2478412030194499
0.31603593601273594
0.0048459679672299694
-0.041825508593256226
-0.26527741943810251
-0.065126354469244779
0.09257806252877529
-0.28113580202698718
0.35390557160609976
-0.43381136091160744
-0.0083796220417213553
-0.21561333463263677
0.15961493291765744
0.063048371763246555
0.026471099929090421
-0.18027851093334737
-0.24035935187929658
-0.053460136166873673
-0.028242225211972397
0.68210675823288724
-0.14757970851378127
0.059225297376765663
-0.099927442213881057
-0.16968130447261728
-0.044467910908370177
0.12771422675924554
0.046876532329628275
-0.13695882778518292
0.0086389223894292686
0.18658873939509385
-0.20211336987416478
0.081868105017178672
0.73639537435444846
-0.070646163556901509
0.12966596737399544
-0.23356330970643202
0.26035496601106778
-0.071130822645820588
0.095989153116157244
0.29653017602658455
0.2435762358461486
0.012370895856801926
0.66085591698317137
-0.069065715781674822
0.1118687732221143
0.090761081650965247
0.16569987899297606
-0.21868161018052373
0.55223265909144892
-0.3941709013336841
-0.35893135962107314
0.11832630680357083
0.015364509850647088
0.19654391994707149
-0.53825359814978668
0.04346551885549288
0.1016674510502688
0.34654436484380202
-0.017676850661338554
0.097481661650096987
-0.0025235715447156117
0.064343953939699064
-0.11556646405628765
-0.10013269706595457
-0.061895797366480085
-0.043769031724064426
-0.25342909352363513
0.22265509342327902
-0.53341796296695299
-0.29500787768596443
-0.16320024631195129
0.15503040665879964
0.013071426379639211
0.087381310278793298
-0.21513205136285848
0.47086901691139504
0.25888594013901284
-0.068112466844661351
-0.024569810692570197
0.45017085149435487
-0.1696711238627597
0.11784659883781758
0.53521143290292861
0.31740975388933967
-0.46661098458448474
-0.11173430504061431
-0.060513597239306806
0.51810300078924421
-0.23949388037136773
0.40369546686800239
-0.10402966592363067
-0.034605998117751578
-0.04525660056953678
-0.0055890683378196594
-0.29886929340712887
0.26530754382081528
-0.12184564641746394
0.034266670948004806
-0.12937629623984284
-0.27665750144638196
-0.0051036244315752237
0.57164767112263648
-0.37095587939029045
-0.68075224451746308
-0.088122429707901892
0.010018855963091369
-0.22932309607874407
0.27638889506932518
-0.011888411431751999
0.026504172065586272
0.32425499234943123
0.05036194523907115
0.0011456198541938095
-0.44479100823452306
-0.26811453044492589
0.30078966678703767
0.15148231528451986
-0.030047260056107233
0.39003355504304693
-0.013665849293140374
0.01868293830293551
0.10445108268616729
-0.065606353130423761
0.34184620248913583
-0.013625248404036857
0.020543230108025584
0.40486736572323823
0.049968955577595231
-0.41461790774108981
-0.049463932839078718
0.0022380544311042926
-0.14180922891238809
0.058077272470053405
0.02349866628823882
-0.07241827346512604
-0.39521404827058609
-0.21881147080191951
0.075964288620266787
0.19328739816409679
-0.007731521609673447
0.10943842756180046
0.017118420053533961
-0.66317933417373121
0.67622215004579223
-0.27091814900222783
-0.33234417260932336
0.36233203377006062
-0.066865612131077404
0.16910433991907695
0.4276584641039905
0.22233831404666055
0.3272186913881231
0.24172236775371048
0.0073304900344581137
-0.1246698741209611
0.26261423715501936
0.16885992202740768
-0.45872519404132722
0.2544407160071594
-0.0075429946011100124
0.32147600033956464
0.11232159654961203
-0.4382126506036777
0.039421600109168307
-0.23796353663398728
-0.081246086415086641
-0.24467694923550276
-0.20842093181134913
0.3707108932623327
0.10454626691329917
0.16060566102791723
0.21443518719550328
-0.11464946861806878
-0.28148886234011211
-0.18010172874922578
-0.05568260332215573
-0.16462380084809361
-0.13715059478339128
0.15798461584955836
-0.24434520275250293
0.073028602768429318
0.33398458310909818
0.48839416711696026
-0.15518203891057059
-0.15218976258459782
0.23281860431148407
0.190705184858455
0.34938217723284704
-0.19708146062164955
0.27487534032893274
0.42243550350346398
-0.062552331444815854
-0.42604508041084432
0.16321169290327464
-0.11644535594791069
0.22521318238976401
-0.16125265757139626
-0.21791931935227293
0.043340199071594782
0.19826253411897785
0.096282662019798265
0.20986699284180915
-0.22987584586371401
0.4577899042715981
0.11387345807442589
-0.0731568235754739
0.3529809403111796
-0.45711473643418293
0.29332030433672418
0.072530477241386809
-0.31322697473883504
0.1839490981845856
0.065944635705495053
-0.04425374041086913
0.0085886935526865889
0.1533005453501658
0.31216215174323675
-0.12980758181069735
0.022423200858012745
-0.395754498680077
0.062883802227745672
-0.46949887645613142
-0.30666598608837786
-0.0082339233622400997
-0.052631178561807046
-0.20321073127152439
0.25227999254353806
0.23687180049825782
-0.16584209606566114
-0.28302697446485919
0.18901614881338147
-0.11050631678322274
0.44035878033779924
-0.030838418892024756
0.29194566181470111
0.056823198408430066
-0.13503187441982459
0.028045436035715209
-0.1783045960795045
-0.033425943981509554
-0.066155808876527139
0.37256304228496362
-0.33779265073069675
0.19061857561206086
0.16810995283191213
0.047063786078216707
0.1096369214982482
-0.095250419371369868
0.1090151569684793
-0.3526818113784686
0.31097120554556701
-0.11530180267822539
-0.36380410578724215
0.083850429210328786
-0.15581568023528616
-0.12814290265241698
0.17974778471712086
0.13927350303309446
0.20578624120663058
0.2973457315087123
-0.036881975803664847
0.52007469937478801
0.018715727332337073
-0.045077190507036659
-0.0071849424196867573
0.20830699602030228
0.012524525596052327
-0.47533899641096483
-0.31890329566634873
-0.095024820112330752
-0.12563101718389649
0.50898849338685526
-0.36570201853475826
0.02913688080740174
0.15418667801589614
-0.10453722866282272
0.074580726734185906
-0.40688482974301848
0.33558455914824931
0.13682343932637783
0.27599279077321082
-0.26718958716944596
0.33344529171242904
0.085865027764458618
0.19704367055014119
-0.3199562998025865
-0.097738559849163673
-0.0099916956396865608
-0.14225587723323016
-0.077680379498408461
0.22142811587432512
-0.16199684599919201
0.64994234022664366
-0.53614032455409055
-0.036021100788605147
0.16828065801689571
-0.02833152464582904
-0.26787703276545488
0.050111437051565573
0.14753781885968886
0.51036738322528652
0.12120320766952321
0.043384363927073434
0.035313534665830267
0.23648314959732719
-0.034243562276592539
-0.0028303433640728556
0.089125436632534638
0.087518147307263275
0.34956477332101304
0.16182061619654664
-0.72995565818156372
0.025369675778417328
0.34458880139562365
-0.41880828037629997
0.34218336765193086
-0.077937725344141368
0.29924044366367275
-0.25848808540430046
-0.45556279499196145
-0.38658278913570326
-0.11347377812853457
0.089779337106774992
0.048017008883263539
-0.1183496778164537
-0.18054996404881127
-0.34005806124455201
0.12311608207596036
0.038745458384566216
-0.20775482120611255
-0.052338060744887949
0.42713146491763826
-0.039454442632009847
-0.42453632055798129
-0.023972281750517944
-0.28449037303061847
0.18294247792461488
0.058544954188001999
-0.28163674271437872
0.38222254157458158
0.070642075629506085
-0.087968624558096925
-0.011212401569420416
-0.25828344875406523
-0.33840420429131568
-0.15625031932802216
0.17858968401208908
0.327372985862174
-0.1081643629159975
-0.25100884031499654
0.24966848469124345
0.1686876497178284
-0.36590813968653368
0.17502335077077072
-0.38249598729500212
-0.18386887571755589
0.042271848973465864
0.42313441823869485
-0.075772295438840981
-0.19246066735102932
0.55888428052176298
-0.061060654412972613
0.16564605600879748
0.02330723653849575
-0.045503178984457625
-0.44329258656256065
-0.17367731424312749
0.20295311008625086
-0.12081966625245946
-0.14385449901773673
-0.15693582018132038
-0.37139100022214944
-0.26587651392660561
0.11752525139048843
-0.069233694672811902
0.11871255897348509
0.06098629087448211
0.29053135207259956
0.12865069427080875
-0.087166365481237407
-0.08752836875164674
-0.14287789986360036
0.037826300834762572
-0.22349651266270887
-0.21989446338773289
-0.32128520564862856
-0.048264298904582149
0.39842293072159196
0.083922319972813963
-0.29193044085666375
-0.10773473539150816
0.37652781755725473
0.010785476608792513
0.05104271687825214
0.33341667883376708
-0.19655305554464036
0.024591588129186156
0.14689360740762666
0.2171929418072843
-0.55940502061416053
-0.034918479882887474
0.3973727866167826
-0.33957906247150055
-0.16049240447591298
-0.36976723905972653
-0.11706711897658317
0.16323041812240649
0.28878774522364375
0.38711418004942932
0.049781180194139282
0.11194936288778339
0.22215120789598714
0.14489411946129857
0.35040200847540104
0.22686745177106823
