-0.088355070261221622
-0.10296033893946105
0.388401935575998
-0.069964134615574616
-0.21348206268402806
0.055601358471436373
0.33801276323816426
-0.10762119023142451
-0.10123870873507833
0.055516534583145601
0.26154479482213766
-0.18908794059298537
-0.10761818237008086
-0.18001605895840811
0.27778888588750789
-0.24771142042552097
-0.32321226129517638
-0.26563778322356923
-0.20581722984546591
-0.13177412353007312
-0.69630928816257243
0.05867164363950466
0.19716368796716183
-0.13421744486816839
-0.37180225752737139
-0.0053640660031652916
0.13269228824533436
-0.35096202442177948
-0.29310085609554298
-0.11604343729857067
0.25777824432661833
0.11019499757697572
0.40289075085068426
-0.030006603355592677
-0.068340309538205662
0.0033361224357572224
-0.39627650311198592
-0.10209888086372362
-0.3599523233211242
0.05504137356983671
0.074654333860870836
-0.10275214462483503
0.096296541088874699
-0.342936102848026
0.14774101213603158
-0.2385562438749827
0.13516070525858062
0.21102327182590444
-0.23387663828192137
-0.26662917991167306
0.46911341750875934
0.61246884242584043
0.3404512127950205
0.24712187090762783
-0.28401516039130886
0.18344006251409414
-0.56246264589630846
-0.038146787879126363
0.33253563495770017
0.20866032353092603
0.17622241206338388
0.078613658849839313
-0.38630677992846513
0.22081389830490908
0.084014389098027484
-0.20620218500014667
-0.032280827909771659
-0.64421138686409973
-0.026781051135943829
0.49436396657968196
0.027732747419390451
0.088774394301040768
-0.10932305186449429
-0.26553060949613894
0.26028743785552844
0.53149458598726496
0.29020168594700918
0.4862786552811027
-0.054483599664896652
-0.29289046182586687
0.021028927591642797
-0.21262408479014766
0.11466410571559883
-0.019672906854406737
0.039877996116394997
0.20824711325433215
0.34241281030516496
-0.33526884745045521
0.67668293942376945
-0.12080599383302561
-0.2714379374579014
-0.0082976020815674362
0.42324417717019186
-0.18734777324676224
-0.074155763687625179
-0.12747424717689795
0.069925905781914072
-0.36249940338050246
0.037212729908669889
-0.31444478135576959
-0.04281425063416857
0.24731369630685202
-0.15705776531527529
0.074326265748198034
-0.3694545603209578
0.048210407775819766
-0.43984750998031957
-0.2234135396709156
-0.15023687067192676
0.19144187239159835
0.22196046231604025
0.019948745222408717
-0.075265441016897888
0.15207981462244524
0.09171511077971381
-0.2142461515498657
-0.57684277080535673
-0.28741294140936258
0.088277355147544589
-0.19209069524559061
-0.12836764307261012
0.27231283496121378
-0.22410044176637953
0.060471613441206336
-0.23726259054655774
-0.2972073160381653
0.10186665974443866
-0.19192006160614977
-0.13064322158482072
-0.42075936979346862
-0.45165622453161364
-0.3264586214064969
0.013552621055587282
0.091624036503002007
-0.0089016516755979127
0.13884530175191787
0.25647911003977075
-0.38862229947147403
0.32179815045835236
0.58920126782125437
0.22990356319626068
0.27917952614487229
-0.21217877643205424
-0.15810023529641784
-0.0021391576084506107
-0.15987149156344735
0.014446266987599947
-0.50452451899288075
0.29592002392400818
-0.049000550988822326
0.057671831468047392
0.19015672941471262
0.15423692603891292
-0.35100180033577583
-0.44429669065427196
0.0118734900806191
0.25585624648349981
0.3978491646128357
-0.41466115090849021
-0.20218745703718388
-0.013766556312978432
-0.52697117607139776
-0.13088884349807739
0.12492599954510943
-0.02064679600104341
-0.29275311051457392
-0.066107683074188919
-0.27432523777649803
0.132184107201757
0.18782779773266664
0.39691490639738047
-0.27157933682582802
0.41412290859954815
-0.27057583478337066
0.31806577567554306
-0.15401260133754982
-0.10244050971918299
0.077040231631058401
0.31558051271544346
-0.088915603352438644
-0.20363958728365328
0.25328563807793542
0.36841460458867609
-0.37579006110990987
0.016180884273855754
0.21597468716916887
-0.011883401516885482
0.096490120401945378
-0.07553968287488691
0.23606932477186324
-0.10726904027368715
0.30016395357912307
0.14387834055558216
0.025854711376746997
0.31973350512352489
-0.0094363655385140931
-0.019808885847161603
0.27274406218779623
0.0092480668097969076
0.083258927339916647
-0.43096437227245177
0.010761017436889272
-0.15772606288828839
-0.31032162257218809
-0.24838423741580445
-0.20603544829887285
-0.10119116897563024
0.12297872671033101
-0.20124566552101719
0.13229297192766354
0.17059347029432029
0.037571281557365575
0.35651197730998652
-0.29354675563778132
0.032127166479668831
0.45087974319041835
-0.017303180802081885
0.032029549919985474
-0.23723074907362346
0.32358925606952188
0.013269552214688295
0.97075453638532616
0.33980945613652702
-0.12706731929642781
-0.25680516693211053
0.42027434919381235
-0.45971016144829774
-0.25572646995008541
0.13223147202932037
0.41293214390644289
0.10765403162541402
0.40993573582397241
0.02962788662250895
-0.081246370978428073
0.023811382715767191
-0.31771820520019156
-0.039372455610473367
0.31634543249647457
0.12511270471945071
0.15208285858548418
0.034472802181298251
-0.23386715250909934
-0.19073956688061822
0.30654344012165624
0.31222545665312623
-0.37746014504808367
-0.26393790939760214
0.033060665498219712
-0.21841123892458741
0.011553634162018584
0.18537058575131354
-0.095962361786596118
0.32004996258465551
-0.11415202673066113
-0.097544278586669655
-0.10590232519780568
0.40693090359109568
-0.19080383337634577
-0.32869873204525113
0.034584025674961098
-0.13179712825706302
0.2139937228694227
-0.12793652198452685
0.10686918456349329
0.14598876757007651
0.55655343125724066
-0.21346929305216725
-0.20491914674779826
-0.11400247404047537
-0.42222361202026748
-0.055425041660184159
0.48234240454102778
-0.23622204014963047
0.36938975541832658
-0.14264064911878499
-0.16438987007047023
0.20167254097459419
-0.069260453875275102
-0.044592224541561525
-0.11169135751018483
0.41400680056014338
0.09815621497235219
-0.018276413458445676
-0.45147136175198105
-0.34093042058488171
0.29325945708208112
-0.061803407499967551
-0.21728015021843095
0.48689776189901701
-0.20422348446320621
-0.23354128595391621
0.57603899151832116
0.064209625741347448
0.15286942722918423
0.30066349412094412
-0.091103557332243415
0.023579649470971863
-0.63216124586679678
-0.088812601720243481
0.64564730594983588
0.45080306345099713
-0.41021774198230121
-0.10358485848628993
-0.33241155904864528
-0.54986677638952641
-0.25857567959266931
-0.10582395324233429
0.14231461611589524
0.63618398307590618
0.072327361903499587
-0.565889359056303
-0.18141251773587555
0.16162917813669039
0.007875962101827531
0.20701758766676182
0.24591625512805787
0.15658206263088623
0.28484094073471961
-0.62686773226389847
-0.1675294041271535
-0.028052299768649838
-0.28489115869217951
0.21179004901468038
0.064988297869150405
-0.11799425117920039
0.027446229817059069
0.50099457413262594
0.38544592036163022
-0.58977909548783469
-0.064613885065100449
0.17697336105668635
-0.20530947403115335
-0.14346309509540719
0.070238751756052875
0.34121911472608629
-0.32344679923593028
0.46132586635872824
-0.24456314997821613
-0.25132594654147034
0.0074821334963869031
-0.13014216341522022
-0.13985743423896821
0.30590237233854883
0.10586269294468494
-0.11693402659995311
-0.60010250137065391
0.13125587138110767
-0.022897562828784603
-0.18051610389659106
-0.37998498978219647
0.43999441493183955
