0.25684081192848879
-0.023362251766632744
0.049071518024850602
0.34316167732023056
0.096128284860979032
0.011385794946351708
-0.29625541831051011
-0.046910290389729749
-0.32562429165580153
-0.44955396086815747
-0.25936317811854687
-0.0049116641689041628
0.21445035147875102
0.048418321242205464
-0.014256422928713814
-0.08192428470811354
-0.27427894455398455
0.034206036228372191
0.44149907253868265
-0.052634630226360231
0.21348367824701925
0.13635161723712783
0.12525653766742306
-0.36264845083667624
-0.025550884941470602
-0.06546843394435603
0.43130482680242921
0.097930165421961368
-0.27444058826343615
-0.082327343491974583
-0.29190639629192394
0.69770259996326678
0.27267392917296751
0.064698732491798319
0.17710514031994293
0.17280125066748542
0.036822812783665226
-0.50694453735192413
0.19561209055064699
-0.096862397974635278
-0.34691295989006782
-0.022901144307719359
-0.15355015464810085
-0.040480015937023148
0.3815723311220946
0.044506924203032254
0.59009737106380167
-0.078435514543773788
0.18763483939353326
0.28631298275866934
-0.076724583852312456
-0.15297771665796034
-0.19492149544645604
-0.086204075311851674
0.21494719069171117
-0.033770714384281773
-0.16008975927227351
-0.049977933245925026
-0.35243155091031264
0.068613594651577306
-0.39928368142428
0.28761555792709159
0.04329786949876379
0.070699768105059596
-0.44434102726358982
-0.5641034838391219
0.12000408065858961
0.49157313952029463
0.12493512884894194
0.40094631187615654
-0.28891830567675175
-0.26136775623599862
-0.26476299093047101
-0.38469635699258614
0.35409097799821326
-0.45388500737457649
-0.17509659710635669
-0.24920139369987615
-0.15293603135985578
0.21934131324511766
-0.56511575658793289
0.44848622382961739
-0.34633023944738023
0.00088810407826451349
0.084007719847741316
0.042394828992305983
-0.036268392991695694
-0.3635967462253642
-0.10918845082729216
0.31345299181403369
0.2722473893916012
0.26707101339103267
0.41764367135043645
0.021625902518356735
0.44818540889651254
-0.53245793303555555
0.14104355659381496
-0.29433402992828778
0.59065983489250584
0.34854522971416441
0.21071643422619452
-0.27958917640629066
-0.38856831333842906
0.11219452931761667
0.19098657050756893
0.081025600274845969
-0.56565753647278616
0.5854731787274331
-0.4566452644610895
0.03413883258939774
0.08152566974799047
0.15422304168877488
0.0008795508324565426
-0.073199485197820741
-0.034148800486420341
-0.16446029022452316
-0.082314605386019743
-0.074322246437667494
-0.18051206999648992
-0.084268385148781808
0.10865843629817225
0.39946064525791208
0.31181814831556498
-0.22570537913891955
0.26998969974527459
0.39331459930145551
-0.40221753280737399
-0.013683562781798358
-0.13179778082758795
0.056745718556868711
0.22014114308805519
0.19003450395988072
0.11298758800250719
0.080106377328472728
0.40331879168028439
-0.50962315050764384
0.048419382503553016
-0.048277264667573233
0.31894635731927201
-0.045639938772334812
0.068332401636074097
-0.091382883041476681
0.36100909048353369
0.28070419209169534
0.35009332863896009
-0.075424720644422724
0.33285796703706688
-0.22699469653548196
-0.39629735827589624
0.33386704836485681
-0.0088273856691188802
-0.11055996828596021
-0.095429027960748591
0.47166043357785981
-0.089646211651401686
0.35620487138125823
-0.04856714560791512
0.41783179008029947
-0.21294472830669603
-0.081866927986073729
0.10348741229075517
0.25694518482199613
-0.39603056689068439
0.23236476135615583
-0.11797275646724914
-0.36390941157088053
0.088862655583698658
-0.47824100953100529
-0.019957312642520819
0.12940110432050914
-0.37250961004059213
0.90522659649587156
-0.41843854693303045
0.13441896460725511
-0.20582349133775427
-0.028809716527879885
0.31580032188947277
-0.60233928890592137
0.28748219592868085
-0.30996563980238584
-0.15958680949499665
0.10388155451462357
0.036748415316231076
-0.083063313238486258
-0.28852007677169339
-0.34680716568759901
-0.045775246471169068
-0.075141818250063136
-0.17649063731654571
-0.070820579913268164
0.60082542623281521
0.44006093622842124
0.15323451258535456
-0.20352508424306609
0.025937019303767871
-0.088346948497848035
0.11162848660739898
-0.38704340845780222
-0.1035572068197442
0.023246809098922697
-0.36446901391345765
-0.06212644972238044
0.57515193345542703
0.27959836048271114
-0.57579315878367432
-0.053548889265793827
0.17454182215458533
0.14211970303366367
-0.29882609207028882
-0.23865195641265524
0.024462568648220242
-0.14136326617972447
-0.059988397616008104
-0.12516524465683221
-0.22280732978312809
-0.25637621368514385
-0.061171248996594249
0.17167787085481084
0.0061737540108652298
0.07735387931432669
0.17415652101411694
0.26219193802035495
-0.25742873215597079
-0.24449771818493402
-0.089654879927067249
0.019475883821727366
-0.21663750175798932
-0.67221633776272194
-0.00062164579112242786
-0.2686201976213437
0.36267810138751011
-0.52893770086568515
-0.55831214252975447
0.030643394884701459
-0.51779399361955081
-0.18253924429450744
0.30234180336017208
0.16442153404702026
-0.012422089794301578
-0.42468491662509389
-0.024301745500581524
0.45335086138182989
-0.11730954679656172
0.22904206463431509
0.15682442802545257
0.90342870596554647
-0.14902828894219011
0.44606065276824503
-0.21932733835668758
0.43999383414400683
0.55664937581558849
0.079931166754789174
-0.16826572211296112
0.076109130639452738
0.15231302502419869
-0.26292986980865923
0.041449998385615902
0.3719513657996078
0.3921780340286033
0.38123015879739519
-0.21539876199126573
-0.22679147623972665
0.34217831361851181
-0.031727892472178755
-0.24256656811272825
-0.60328277873527125
-0.29279030079801477
-0.22888278447000177
0.42756133859364076
0.29612632544303824
-0.45121602905473407
-0.32419336926117731
0.38560772039279495
-0.049631729909273017
-0.00071796777657134327
-0.25024129273006418
