-0.19448687450354712
-0.14050833378467784
-0.25574488678439616
-0.36054399168541007
0.090800232525246966
-0.21161381101153709
0.54584044283803224
0.32338402179297271
0.079329864203365213
0.089467732041837056
0.27846470165472881
0.27083788818680476
0.11776624033525496
-0.028568610940935518
-0.18349080692389019
0.0843663553507525
0.50971537913053389
-0.3533228887322159
0.026316652517820404
0.31822931444774594
0.41014664162353165
0.15434670498043623
-0.48397554686068506
0.57330257655043126
0.18161142390498633
0.13021337318369824
0.1222909256075196
-0.43511172505616352
-0.049015939494235154
0.55165362089557402
0.059301604002977175
0.092148847089251168
0.30768581503978654
-0.22213325592970221
-0.15747922586871443
-0.35949072367316215
-0.40926712843938501
-0.1967582543919445
0.19624466261159787
0.32762061361684253
-0.11520120752634497
0.4030162281932731
-0.71928718897146493
-0.086162600180787752
0.24127727763057971
-0.0098581014536345268
0.078001556647657122
-0.095493668916626903
0.10414009913788953
-0.38105655505425429
-0.12113638025002887
0.026008806619441955
-0.27218521303630039
0.16328792853245058
0.33615138503257974
-0.34480160484803563
0.0066619766312875353
-0.23722511494322426
-0.32706091001454174
0.09972153054700332
0.39895971749168674
0.094912379326810986
0.089650459485345904
0.084245756557626769
-0.4118556550668635
0.43397148952056019
0.043022737241159452
-0.0057413805282829347
0.41981104023710791
0.10189442032234793
-0.46286551359349348
0.081035367848300774
-0.0044438179530981942
-0.140714715825797
0.51463571286835219
-0.28409346723981982
-0.50844527060903222
0.158643269228601
-0.32518183192058769
0.18916577258451639
0.28351258931151935
0.42475548181838929
0.29062933776319905
-0.049007065565843534
-0.1248763113608712
0.49532295640636487
-0.24648451120014955
-0.0082167370377919848
-0.40156088142245938
0.014050315186812466
-0.19766150714565106
0.053999914749823817
-0.1542057511041405
0.10257302122347331
-0.017215886320128548
0.15450441586470384
-0.30934542400568021
0.055858196487694287
-0.27986680633839667
-0.036108346677633608
0.30568487765874086
-0.63678042087723963
0.13119027273230002
-0.098750967766261161
-0.35543388139097437
-0.091517194167192506
-0.053912294448442588
-0.26621100388699437
-0.38379530465659156
0.013445518024839643
0.19446524790362879
0.12145532423082443
0.22747549492210661
-0.0094428493768188276
0.30494029292426483
0.28595148395280529
-0.072162415212477973
0.178389195751496
-0.29406463548608486
0.42145388580100251
0.043748637547658738
-0.42280516835909016
-0.037694603230373949
0.15662421349403896
0.42282364035354875
-0.17916411640799781
-0.28818341448951224
-0.45985009865166238
0.011549824057021514
-0.33200729356425163
-0.31303117898258398
-0.31043042417136962
-0.36566264599422993
-0.34758939831885388
0.23547860410460894
-0.3541697977773533
0.36106887918995861
0.2493902466222585
0.14530743218194817
-0.66631861491953814
0.35326165442477481
0.26505563546317124
0.37212791960872704
-0.19352761571035829
-0.13666603043586578
-0.41465449874140453
-0.29089966280619745
0.15890019896596808
-0.2209112302841959
0.039554720186723534
-0.3650453129745268
0.31519505313797808
-0.27184891025160263
-0.17998091400492841
0.12488452517354866
-0.14524466170994965
0.098509468546078949
-0.22881293350799362
-0.057806206582029292
-0.68811949927732474
0.17907669471749602
0.4942990253309919
0.015628517564895202
0.40200299296420006
0.056558970305810898
0.27118972443175177
-0.041230035241378547
-0.13004464967252952
0.060058391949121236
-0.22240629883061808
-0.22126342438464111
-0.082557922839185297
-0.12465370827149176
0.24567416632157243
-0.27544545641786528
0.31091492239081803
-0.21501738480051386
0.30730481209259047
0.09483140854192347
-0.20015514649835928
0.31943720909084816
0.36023490950405485
-0.020561175624212981
-0.060875170980055585
0.41990001685667033
-0.014149428038924175
0.11928560133154223
-0.6438721005181901
0.1670121631516531
0.61995466736851479
-0.44241328465106722
0.38105815418086963
0.46165811510411553
-0.11649537874804028
0.066618812058581417
0.27023817638299691
-0.027281476962626269
-0.34298750849405579
0.2717651150244364
-0.0079574069033032414
0.24840142468438825
0.073914586144635933
-0.36285126768534909
0.011950773070102786
0.2075126661276214
0.22385749358747967
0.27988061200472075
0.10807150898680316
-0.18244867401036641
0.14226504150255131
0.25689409883870834
0.21471843580464339
0.2568344221062393
0.034374651986808669
0.64388897407865353
0.2144574966382673
0.30785968104629108
0.052799284865727318
0.40951713026768161
-0.042196486346509195
-0.63586336774432073
0.11268302726412367
0.14242688114049898
-0.30693806785100919
-0.22547061210701974
-0.21712734373045994
0.11000199412786964
0.42305999715150988
-0.5066842634085168
0.22892724988294313
0.1751719425136341
-0.34190906193701825
0.30768181662321931
0.71121288233812985
0.040292431697183897
-0.10059066144380562
-0.047708538430043655
-0.024035387255635338
0.13976389974216094
0.10845199458042813
-0.64155200630758391
-0.0048422713278336478
0.19224984261789266
0.11741580482795458
-0.66176889457931642
0.16195569601015231
-0.32287955267065666
-0.00073014409392575406
0.12779643663452955
-0.36908181735952789
0.097500326481318414
-0.10472809342568584
0.015935909252627861
0.50109055674647496
-0.23407580400552214
0.098815105526508587
0.070091120941947652
0.31978139747605455
-0.063547251152318754
-0.0039761949421414887
-0.12230056157290491
-0.61523685137505157
0.051250915644492356
-0.01845531903072618
-0.37504955095689901
-0.45369751722511842
-0.11951445442547746
-0.28094357753127402
-0.17761922793078161
0.5537294533865883
-0.42082365605255923
0.033734668897971491
-0.24691885340883651
-0.069509736514580908
0.0044374751824984701
0.072344522668295386
-0.097012483271594327
0.095452507119466026
-0.041494471626940636
0.026333207013428343
-0.39045032642528432
0.34345264440087592
0.28180424187459013
-0.34303116168471037
0.06700329878218976
-0.06124133172217959
-0.38475600468068966
0.27495482711256658
-0.074223064819852497
0.43153994429882153
-0.22845470740996349
0.15934336028340967
-0.59705033408886399
0.12904052226532101
0.21240397440258943
-0.037759636613775141
0.0076462134189657551
0.058846208682649392
0.13294092385689318
-0.41582872873482324
