-0.69145603601061634
-0.13020173845673005
0.29578753387498413
0.58162529830983378
-0.051296404426498299
-0.6473932786529184
0.40053351066688719
-0.079267753522418813
-0.00068746493738382338
-0.033779224182340147
-0.72604716541398862
-0.18801869579524816
-0.37564056549183095
-0.26322284457987477
1.1257635770218875
-0.44683551552269885
-0.57875658378912997
-0.48196141963010836
-0.33101301803834671
0.26206941007963463
-0.35449845593156998
-0.16872698179056617
0.86310583640155703
-0.15847750724030893
-0.30922753261129599
-0.62542228555675561
-0.0080118836344333349
0.20670094909284212
0.14722439506655255
-0.04248505785525028
0.72211396789430649
0.16068441701730718
0.33721034679865836
-0.017925681059223198
-1.163972536890894
0.10385578150496994
