-0.0090370777469648451
-0.041236080859342071
-0.89409162572971279
-0.14456883276734875
0.058052780355878658
-0.41143177300427397
-0.40525843093164965
-0.48081865182370209
-0.0067541420625613123
0.24775789313855284
0.018743605630408857
-0.48530288958531537
0.091699503973050212
0.20791210652775075
0.31022730676105459
-0.21588199872056471
-0.068759015068222282
-0.1132500632277659
-0.031202627671266359
-0.16686967921097143
0.1891590640944795
-0.1298528401595673
-0.069569964717879684
-0.21163179045392355
0.69107498027549341
-0.10734486901323749
0.1226785353402753
-0.3529608567089304
0.12435752748581642
0.2598152375796362
0.19766050398260121
-0.44053229241482733
0.28172044795024542
0.31100442520037691
0.26257208198116805
0.4602218917882665
0.34536293374241345
-0.095062226350701634
0.31114279088688546
0.49355598431090897
-0.79793482905677282
-0.13787029212326243
-0.4423998193611261
0.19896213869233723
-0.26609512947804503
-0.55355069391373035
0.22005941555964695
0.42664420806130515
0.31604771543535654
-0.045995458874623113
0.52965454803970768
-0.16825382573769598
-0.33478611022664978
0.35495529100296752
-0.25729695392262347
-0.38974091570006192
0.27733574792030863
0.24151086018179718
0.20387568576924497
-0.79923360253308562
-0.35406166961332569
-0.17761775922180442
-0.056115631389179618
-0.05506591445606638
0.15189103075288868
-0.045086789125530082
-0.28447920969160717
0.39934222163352412
-0.80886405006610607
-0.13206605997958926
0.12727725511006552
0.26304497030766982
-0.21939313220682602
0.040262275791567811
0.0045667400095361927
0.56176681296856068
0.25770607543221291
-0.33801947763243817
0.37484796444311264
-0.12843652439333619
0.0019591859399370666
-0.30067753919015583
0.13662900557512159
0.71814604108053348
-0.075736091268728031
0.078829950718644931
0.0092235432734597556
-0.18197786928191106
0.47826639730718307
-0.21072329147609806
-0.28929724918824717
0.16601710116607185
-0.57320032883962335
0.16748787374663529
-0.42205417519356614
1.129469541240306
0.20666665964366812
0.088144126668499787
0.42259510802500072
-0.31181465887791926
0.94433168796955858
0.56226522211501762
0.67636796650530762
-0.33759899126726828
-0.2419870039957483
