0.39260541160737306
0.050389695814170098
-0.33231062879936879
0.10166701846938929
-0.12685806721256793
0.074939895139079199
-0.2050375516660107
-0.163067920248404
-1.0255723090564888
1.0460176463744049
0.91923149386933412
0.095321084775581599
-0.25173683365638261
0.12758378329437067
0.44338985195943276
0.40987778579949502
0.14323193956777291
0.23382099963402661
-0.086801080854536306
0.073406043492041814
0.074839054743436884
-0.10361584327508334
-0.10240909489835828
-0.40535473327868382
-0.27698014975006396
-0.49427100886163078
0.87120950626244387
-0.58016159798350564
-0.23329657677252272
-0.15089461728983974
0.43503348212207449
0.33970239568120342
-0.060345728728224989
-0.27272981782075162
0.062557693678630524
-1.0231903282149108
-0.39621779967932091
0.20760723472587173
-0.11164035551646645
0.20427461023478447
0.24465703710715855
0.06925551445279185
0.093022807312513903
0.47358965699655875
0.083928906419655544
0.32308543270369755
0.20916579337087221
-0.70594477842453451
-0.453056219003593
0.050513374886032636
-0.13225821305792393
-0.47538958542352316
-0.43678242304980947
-0.17793011337698456
0.18025501060007623
0.26883134593082625
-0.55528838131895153
-0.099859631194956097
-0.29134664923369896
0.5075028599088719
-0.056998585804544602
0.15292759663498506
-0.19633562001971672
-0.081339310259873981
0.031263503554763816
0.64663190644833124
0.054940830274218339
-0.19605824784526779
-0.10485264184846269
0.39517511799359928
0.1831882683171499
0.076887264053905183
-0.10081107519654098
0.78516099175798859
0.13311832427429973
0.037094747816686896
0.042206097474956329
-0.34653330991198911
-0.25260913097425514
-0.1739887214356608
-0.13255990321015082
-0.066830622006976786
0.015984683145228853
0.14885889930495147
-0.16172403378027211
-0.2295445702802609
0.10513003615929364
0.48185069605822767
0.66584433509657803
-0.19921818913380512
-0.2984327840373322
0.35421982124792517
-0.092811071391718195
-0.098592820296569711
0.35761126893089878
0.55470140043755645
-0.022783369170756185
0.25968136970689465
-0.14295260645666089
0.17747707456044018
0.6409481405009908
-0.31921034664922349
-0.05689462406716219
0.22550418909809958
0.40505316647657463
0.040655961901647844
-0.0055799982774264057
-0.14243894432125367
-0.012337047727560266
-0.88670000336165067
-0.042790995893276701
-0.43080917508843908
-0.13252111775600392
-0.12755581606587571
0.22667626472979185
-0.10641183435790165
-0.49529580301341508
-0.0589507306439618
0.15911803386889717
0.028661206066113706
