-0.20130129744910627
-0.3281811466423607
0.57351238793210868
0.80705410800050825
-0.13959808842510391
-0.68344083713148829
0.021958555514251799
-0.0097843818263098487
-0.010753934969736969
0.056839378390855178
-1.2742028453639525
0.13373662163995356
-0.61991467109426712
-0.098842488386088195
0.16557779045371349
-0.26311268602056781
-0.61608145964912153
0.079493997478948697
0.23801901296141162
0.04573073244972533
0.39214572551825355
0.21346880997220052
-0.60517138257921987
0.031098006120307088
0.42165805216710001
0.063135488727447703
0.347116290556989
0.16165449168972601
-0.48758314365002892
0.078694804955797504
-0.05552608715266192
0.10888889777278561
0.1270998075799879
0.12726532702380697
1.2148035163712045
-0.53912224964262945
-0.56529192158638475
-0.32773629857477576
0.15880340988104411
0.41527015089727198
-0.16415919153217523
0.069078583704127006
-0.67918380836268444
-0.060308516085860159
0.21064620475027407
0.23532693346943112
0.27949716612653935
-0.63194821109370425
0.26919585403677859
0.06758258816527607
0.24838005514275976
0.024940962075716666
-0.038751114617510476
0.17584943828742561
0.16604238786019726
0.31462579944237629
-0.28224917817391493
0.39258030587841031
-0.051255338487531478
0.034429507682383141
0.24270792816300646
-0.42581086578540056
0.22481417656585381
-0.27215836926312703
0.19486168083473629
0.17802506028087556
-0.19105566874242189
0.12350298640881333
-0.54451184913735784
-0.33213621802624282
-0.14145311626092208
0.18850927939090481
0.35197967650050138
-0.7023930672852351
-0.16624245533403889
-0.22582798766052495
-0.87912366114079221
0.44705464499052433
