0.95454080864361335
0.66666618728197446
0.16484632317411488
0.03383020800500279
-0.14571832785256525
0.17844223330159117
-0.18960174911007607
-0.013401014442617647
0.65469503569539789
-0.15039787083975792
0.33312654715397155
0.14689878492355737
-0.3457247669810381
-0.15606053249778831
0.25134656412372641
-0.60146488552375754
-0.43153185916313769
0.61826554112854848
0.17058177035362893
-0.20170546605890535
-0.34650248509509918
-0.54669264430221454
-0.39911929415743647
-0.36769975217923778
-0.80505187888252239
-0.21509262425522566
-0.029893357688415952
-0.025625994650672605
0.040424119239796989
0.29667546085890956
0.022104694733676884
0.15127773034484193
-0.12571366314623975
-0.18262219365157242
-0.10487130340172079
0.43401501404416154
-0.39160358086622049
-0.087701259364628498
-0.14216146112024911
-0.31856012714086879
-0.046864780904985921
-0.4309482055579904
-0.27494415354656393
0.22233803813491013
0.33495691982307685
-0.82139879112582315
-0.095302680868503908
0.29670976515038466
-0.67637403299553345
-0.3518818821267411
-0.33566864276622621
-0.016908410162874751
0.14180752474543348
0.070534260763492826
0.55854980492662021
-0.58541486859993774
0.50079804207167034
0.54721835505648941
0.56372074607250722
0.033208568376452849
-0.060278374234932548
0.40837156136860858
-0.073889482128339803
-0.38377248743854431
-0.27542106366280789
-0.52637877691406831
-0.51706474609715014
-0.54382742803222395
0.076466004939387114
-0.21845827736086584
-0.21138029801581604
-0.95542625991680841
0.37078503551996544
0.35688374603985501
0.049057929703514906
0.25134895143507169
0.36797201445259725
-0.72536512532669961
