-0.44061932346460075
0.14656393801075529
0.25026272180587111
-0.42415098808342561
-0.034427626429202579
0.23774865696767489
0.30314158371624861
-0.21177658503943528
-0.36318597864948748
-0.22278035748264016
-0.61491257157188361
0.23838066394624524
-0.33860008895109278
0.48978968116952298
0.53567091727708038
-0.16616647173978411
0.115073381776613
0.21210590268309773
0.39228144618744254
-0.24636989039708157
-0.47536488745801447
-0.22081263697746184
0.10942002955309968
0.052858428780663415
0.51937296708662195
0.34135470264117262
0.2741504089597967
-0.0096622673093502646
-0.25122474876381501
-0.033651269830691638
0.148056787677465
-0.04547162057594973
0.10584646636409062
-0.22345927237398314
-0.26667152999402288
0.053634677711558033
-0.39709538405590272
0.20532381761868196
-0.041035116992911742
0.12455227043990076
0.19191287624884851
0.016852378842404914
-0.039282449348899032
-0.051364246734749368
-0.0029736158870540159
0.156011714284853
-0.27416059956690453
-0.61982914791054322
-0.065921952700040046
-0.016600501761903554
-0.035109396758525549
-0.3361976722006968
0.42975387596966913
0.038488100608672825
0.11810034972292691
0.085378333834452036
0.10194486828151436
0.41595522697321929
-0.3585295334529125
-0.019282546916219542
-0.031117366496506624
0.33397973346711657
-0.27995200455525121
-0.064258602136870027
-0.010025356019590752
0.23747527377880617
-0.0099469561713279343
0.22025430211016453
-0.027616235882840789
-9.9302291872399749e-05
0.16413938213080373
-0.26440106601417951
-0.15599092476013793
0.22090187931490513
-0.24913257680127654
-0.31117140189017256
-0.26450884535862046
-0.23470877831255604
-0.12142392397781995
-0.084200650897341786
-0.048608114956535893
0.27497222422196432
0.44045436705332797
-0.041435009458411061
0.1958312211332062
-0.10632733011007917
-0.1663588805384143
0.03849220995101809
0.04715191849091447
0.30440836832873763
-0.36320036561880553
0.24024746379711334
-0.44328086579490356
0.26026718735706511
-0.024084532129120432
-0.054980467533738267
0.22908287977067765
0.091165936888359542
-0.064999748056876458
0.027119965897109622
-0.28941170528051058
-0.11912678168153393
-0.42052916690015379
0.11548433336246117
0.041966147084258193
0.071565238021821284
-0.24912061005230426
-0.012150881840169011
-0.13300159247585644
0.23277438916112919
0.18435552517654055
-0.47496644236582597
-0.301150315477969
-0.11843978464093431
0.12434539788791671
0.16693093178411145
-0.39779359006353621
0.16178243860085975
-0.055693694667081538
0.11171577321067956
0.14647967918979307
-0.3155905924352696
0.33022099855686204
-0.074397734515368102
-0.55805687181049279
-0.13177281888440245
-0.35736978251506174
0.16884018561977107
0.018475582014500259
0.53207302064173834
-0.24748911270204735
-0.57674924373284853
0.15529763764450083
0.16376884518211327
-0.063649479534918965
-0.22849808962819118
-0.12622233512466527
-0.0017463293843192598
0.17235991981388152
-0.18981065780749082
0.15369692930454013
-0.068237225348397254
-0.2296198945497902
0.2092188451461808
-0.28718119058964287
0.54628426247220785
-0.24615010109116445
-0.25699263155688085
-0.26987034370305907
-0.32068784756018259
0.62389665712675124
-0.0774711952958239
0.070806076178248772
-0.21731535768770549
0.3156342850734602
0.083540440448811523
0.57289469468344922
-0.14537251601137782
-0.31068462526481505
-0.21494155642995333
-0.11920167290934339
-0.42210756016758677
-0.049959647959112355
0.17414942190254334
-0.096324331197978091
0.47082955533391668
-0.37865328013038757
-0.61092071302452733
-0.094681288880388986
0.25612891818219419
-0.32054760335047017
-0.55802464572988708
-0.049479342224936398
0.43631028398334576
0.3733820625831874
-0.62871817365110616
-0.23452623812533427
-0.54207452180352977
0.070502081602609123
0.13598988354437144
0.56518566801368431
-0.035114340940368464
-0.22270019201592145
0.03182075034559094
-0.22647852404331009
-0.076512075344807084
-0.20137276799634674
0.13690845703691357
-0.12385666819329122
0.40887350501493647
-0.066809865565780113
0.24204116035460213
-0.1118988535715508
0.10106830981755434
0.066246566090260292
-0.038723927527152029
0.27613138498753481
-0.039150503680682014
0.1798656875913526
-0.006903386673306265
0.13861287429592212
0.045459956099432687
-0.080948897536623363
0.14634079485655233
0.0047612679405972845
0.055593950350003474
-0.15509809577645478
0.090663865527698145
-0.61758652183636698
-0.75149915606082707
-0.14472349157746203
0.029306435842570411
-0.22336862130121282
-0.15214599134283244
-0.40515395514787722
0.1074944511605206
0.61151241600860018
-0.17906415581538138
-0.33000751247900506
0.40939147834058753
0.11304670968899787
-0.11895843286942935
-0.18797130622413238
-0.30423364195297714
-0.14488347882985186
-0.23368520349728919
0.13307770047623316
0.29806814698568274
-0.38383816451104097
-0.069620197661231495
0.042848479718736517
-0.34114619781632749
0.36737350520898598
-0.16554429969671539
-0.16082083563614868
-0.2699125234298661
0.065450383040036614
0.67119088217570066
-0.072597823706220158
0.16493020327161731
-0.30015311398040828
0.12149302346042572
0.37932509213319071
0.61510352939047519
0.087477926486871457
-0.28365566938690706
-0.31674855859793266
-0.16484070449155019
-0.024343514185244684
0.20379571100776966
0.25676068515758149
-0.15893051124187088
0.11339715823358279
0.11878306240318694
-0.14564619231377379
0.25957809392192133
-0.056428619551373072
0.13666648161872844
-0.14505693197722391
0.20395598062962272
0.30684952769746943
-0.023844528894853945
-0.04793770229435592
0.021765004005632499
-0.13137252809704267
0.12742717282858002
0.30589564402937447
0.20089844060019807
-0.099941882997039933
-0.22238626318089319
-0.046211354192619611
-0.29741821061821683
-0.077965055763306521
-0.25976030282883911
0.0042011826548120799
0.16977029681243788
-0.071646816358910487
-0.1754232537701767
0.24610803185090327
-0.03685574752231547
0.32689158328864037
0.0064118097163522909
-0.0026926528085499664
0.24469646339492396
0.047977656200993153
0.079389591825410291
-0.35543572311435956
0.003892268975833813
0.14057679191993838
0.52170117307730779
0.0039468141663919903
0.077602640960808586
0.18808051834482042
0.30473179485878787
0.12380392480295398
0.044162491684251307
-0.68609660836899011
0.14947502964011303
-0.098513459214854632
-0.14049523775051753
0.28527248847262049
-0.17959812794523447
0.41107503224072689
0.22253141943291632
0.19018349667426548
-0.96675449975552474
0.2283327977690793
0.039536150755272594
-0.59951122482245611
0.41495100326676621
-0.44420563939082652
0.097660537887915247
0.41240731749391496
-0.080815383805367763
-0.096704608948390072
0.28048837519634673
0.057535207941521817
0.016497184153468691
-0.028160630694300543
0.05177336172352813
0.34925363330728265
0.40039690674745659
0.074722507311507425
-0.11743282990857068
0.0013720017354951748
0.12803067061745188
-0.032168702930053687
-0.13906477054319685
0.3395659630441592
-0.13615834731251655
-0.7069262025582348
0.086879482491572069
0.85674920482321459
0.025215890670205132
-0.2438840800332745
0.16919109197504331
0.37408656435926557
-0.49594132999715679
-0.058203335907375968
0.0036983064781002327
-0.039516831673080399
-0.0016147313057212761
0.34268805783837464
0.069947546923757126
0.18649684496753424
0.22297306019074045
-0.10500657484544798
0.078146674097332544
0.038589443532469202
0.018286685906943045
0.7689348960405693
