0.27546164304320042
-0.082599102314484862
0.41710540884892028
0.53279364590745593
0.16521521849014889
-0.29250361441382894
-0.16061666641709518
0.90070040449248379
0.62783837742141002
1.2585800138295473
-0.033043992523267125
-0.14914453129013203
-0.1432869025590052
-0.17665880821751762
0.97269659285437871
-0.26808329819278193
-0.065891594645222665
-0.092776620735113155
0.19716915815566019
0.97968498307844842
0.4367249447668764
0.18003064243292155
0.19877820277488803
0.41282724904127116
0.16983830038439471
0.16924561681095793
0.73997496702902299
-0.62330811415596754
