0.20285941598081469
0.23811918176346766
0.42130200201015483
0.096034934024508564
-0.10200638248699644
-0.69059113105923908
0.085159135658827823
0.36857403269132699
-0.2350715711533711
-0.14246933298849565
-0.14205059053332295
-0.29517755478730379
0.011668893134685759
0.48067411570633423
-0.35548421554134274
-0.17807129807907116
-0.10867581377047941
0.18130405411920816
-0.1152199655762292
0.30442520374421456
-0.029727870148958131
0.43317046516997493
-0.063995239111788074
-0.02917520569532641
-0.32091102293299212
-0.34390311497722659
0.27145050223821632
0.41292750092874264
-0.78444760174080674
-0.27308527715326186
-0.28642960250126787
-0.55076954285601953
0.00075911759750928328
0.1226661140932994
-0.059105045604652726
0.030199549704412042
0.096983897996258478
0.50614097048834972
-0.38163852711114032
-0.10692135933516539
-0.45438840163770089
0.45225340304774314
-0.29727030222582124
-0.60126542889960755
0.32579464161618593
-0.3123013824850312
0.98931237740824485
0.49852134090463368
-0.65583596272862632
0.032911570315113846
-0.20155889904203955
0.074594919147564692
-0.17557190784048538
0.18454011478111498
-0.095943280657619964
-0.38052428458463367
0.22194603481403602
-0.16597552389916692
0.18737541677991337
0.34205122187415832
-0.19195095927722808
-0.16149155159958672
0.48715301867478911
-0.59993142075520711
-0.10850313508592883
0.69912417065792376
0.46872748867420572
-0.1491645733542987
-0.11728279483049615
-0.038106863183576312
-0.45817834807802066
-0.2616715259009198
0.3061686914696673
0.44194544130739605
-0.066626775389367399
-0.45168822276898085
-0.055295836151688954
-0.034974972714122365
0.44500000841567405
-0.16597280622193547
0.057610851283585361
0.086429682061803292
0.15411855395623572
-0.36030196527158681
0.35823998821497877
0.2561025937317768
-0.47523612242379309
-0.28154417492502504
-0.026547510364180574
0.42139123989890492
0.23762394686433078
-0.44829806251435805
0.35027237312956355
0.35041916204438284
0.18992247507362056
-0.18623374425175362
-0.33450415648590653
0.116855198165359
0.44568420308156553
-0.18489593334297283
0.10840157162875227
-0.39535221412718219
0.55137781908795913
-0.3067918402398051
-0.84109183507516139
-0.092214855246250102
-0.51646963359703568
0.039098266976474942
0.50560206403582453
0.26818569077066845
0.018100145894371637
-0.20999504646860487
0.40672439835690749
0.010587236791972309
0.23581964369267788
0.025372620370582046
-0.0076573730613758743
-0.19429796208524719
-0.15100566872012236
-0.053909452106212397
-0.15398973821577161
-0.19879979813744789
0.19583741701845794
-0.31534415234132307
0.32130770846570589
0.069916176484922432
0.13898458475865019
0.11355351093325981
0.16509781585413186
-0.068020071378392527
-0.37231561101754801
0.36769674571499333
0.40040152128918849
0.023076876017396296
0.13930474359757175
0.40166570902266735
0.53547855008426193
0.40673847561152821
-0.066039123400167155
-0.22033542795152886
-0.31862459375274937
0.44364698208215375
-0.0006926741832727776
-0.59379186546176554
0.011905500830853245
-0.092747990949859194
0.27600755430468149
-0.26119833398216724
-0.16850852044846401
-0.031966134105840087
0.05134894958630086
-0.11888872738947101
0.35884543839986133
0.15555797162665641
0.20965694989592248
0.4341919040349918
0.54360861745729705
0.0016556031528958831
-0.49074510110120195
0.023360991770707249
0.80830583320321081
0.52151736563652229
-0.019498926092879322
-0.021686461064002061
-0.091372734145067941
0.041481793252584866
0.4961691455668345
-0.21814191839129105
-0.18650151963290737
0.0703024234495402
-0.16646323227995252
