0.14989539932348819
0.36397574942398003
-0.080179162746649421
0.19892381327439798
0.28404156863324359
-0.096073590914672935
-0.29302414721650438
-0.041293628793854988
0.39862261453644598
0.17029667164655152
0.60252769150429986
-0.053100082471643925
0.032192789700427681
-0.10776602062305948
-0.23818313110763267
0.3683881237402124
0.23221995257932554
-0.49377386727290273
0.0070966632943341504
-0.36836571003418883
-0.10860302917927771
0.26096630530450182
0.12420918431282885
0.069540102651428945
-0.0012052314800272931
0.25632148821317408
-0.25946628450920262
0.42081577047785268
-0.018167879691600605
-0.20604095029712235
0.064191439476278089
-0.084571170200847506
-0.098341735710873901
-0.57225819532735867
-0.070688720467656715
-0.03550459066482909
0.18223273384932567
0.062034859816962398
-0.09507565426106751
0.17217575820505474
-0.15707799675580084
-0.24967402501689115
-0.23836614042618356
-0.15938079920133638
0.17090629396037341
0.47078575233988917
-0.23992472345782018
-0.530236832467881
0.13310764389730362
-0.075170827332167151
0.082456411665709287
-0.26746978853472758
0.037102556398095399
-0.069735054303177585
-0.12042973052193487
0.1853151058709703
0.42358142237781682
0.42960808668873895
-0.28746199497678454
0.25113639254786047
-0.20983147421471798
0.014663828187182664
0.78981459902714213
-0.24062041739583478
-0.17811596029873042
0.013688118922426894
-0.058727590168474272
-0.21211772442650806
-0.70190656902458715
0.2311217822969534
0.15336647824600333
-0.32422071538919434
-0.43256130608337112
0.33461420494262428
0.43517123130487451
0.16558580835140932
-0.13463611264818001
-0.4059705225029272
0.307586745001656
0.14760883514542508
0.24493135406078956
0.25265009644747932
-0.23537697053639425
0.048819989793757408
-0.045161874105207028
-0.30980617376025743
-0.10412548343277153
-0.21649242091375351
0.17976613134820049
0.41979622476247713
0.018116577346820362
0.42946414304785285
-0.091882788837859636
-0.53499184513562337
-0.49911773916511282
-0.39701726359395967
-0.054941382847059357
0.18521180515381275
-0.0030499520796958505
-0.092956032098372346
-0.31201829936658726
0.38493726841563086
0.20120299966076965
0.35454959281123638
-0.24835370836558932
0.23081107984126584
0.30491036951078138
-0.43244423531720622
0.26128784334758137
0.13447019331221627
0.067954306620053265
0.23556593006325732
-0.14920126472986725
0.015488262209355202
-0.1830081000573815
-0.031661374961652965
0.14719818209145358
0.30275143978881797
0.20394326677510027
-0.10607612525903962
-0.043630956899502124
0.20390118112283354
0.11361335167614123
-0.47557345938833012
-0.1640173139117366
0.13052308250087608
0.011754569638251633
0.096217901378053083
0.56431851946685863
-0.073100058881228613
0.33174769020404571
-0.22882708851892378
-0.24122377237187614
-0.27724103597977823
0.11804889873330913
0.16233866978083208
-0.19147316929010091
-0.56465639015750169
0.16214151380102348
-0.65912668570266109
0.026864298334171154
-0.39016221840801157
-0.060082744395932086
0.27902768376896808
0.38450415620115191
-0.34143746734818553
-0.2185693175076055
-0.33695732652777455
0.14717113452818073
-0.39939984733649747
0.066482255007987504
0.55938068247945327
-0.12317302357944651
0.1144854098237776
-0.07715878634999182
0.23595453599656918
0.040520818935564695
0.0077633005367534133
0.046601987152290074
-0.55357499256825804
0.034334406669253019
0.34889677011786946
0.14061706677849575
-0.46604089187874581
-0.46514937718735333
-0.18783686190597557
-0.23585500145873775
0.45414559637154583
0.4284800219734668
-0.25123347478359376
-0.15681002988340126
0.083658588256656993
0.27918189617608496
0.12280087930367932
-0.47482204761126579
0.18381531769372855
-0.22124426745096099
-0.50332108137999165
-0.27761471903400242
-0.47265704717542006
0.20520017960351569
0.022245746447403177
-0.024182452938345519
-0.092370781414496367
-0.31601359561994991
0.20237295215956419
-0.28871300699859687
-0.09963524396884664
-0.066989245056370425
-0.096136911865106395
-0.44721388288548042
-0.038729336176923146
0.037604549231198554
-0.22076375361775902
-0.70854502243722695
0.20231669850421224
-0.07915831008460919
-0.22009401762583508
-0.24163977214562743
-0.13730622009808749
-0.059216447748784713
0.16425182782676961
0.35656468398610552
0.24920103337754831
0.049357709647009439
-0.26987358087293639
0.44815227982798739
-0.41939453516430319
-0.031346877426167138
0.54712656979641594
0.36112292980661148
0.29003128921455834
0.033447988912181474
0.1408262898694107
0.089579664520714322
0.47981766573468265
-0.26588127854654559
0.56150843799035066
0.10091754998098433
-0.034665482862859358
0.39151927284018762
-0.13755104186689138
-0.10821449264644696
0.21999394020620805
0.11965482225821582
0.076797336458587773
-0.65108327655048648
-0.85447570627762748
-0.487972615494078
0.46280937946800432
0.54992065574196192
-0.15516399464910774
-0.27545877956500198
-0.27258734643751925
0.37523381688419383
-0.025607577924831593
-0.30882763376747208
-0.38462754509910124
0.14573690370261846
0.14164669996331902
-0.34601380793979841
0.36017569016332834
-0.28114458296753941
0.12674888414090332
-0.060370890185973421
-0.14315259993036503
-0.23879768629944581
0.20820581668206353
-0.31693639454838474
-0.10782811549587823
0.75704079117455503
-0.08625458556229626
-0.10851783843395547
-0.27501796661024447
0.12471943138724653
-0.45013359663818492
0.37089976801262164
-0.080581518850788042
0.39661765214722561
0.13926018548267355
-0.16647407647556919
0.79823268225606137
-0.24597767749780733
0.18244808347104122
0.1131219093528178
-0.13436883027702826
-0.20177929404726294
0.22129820463908381
-0.0370900447174052
0.10896960559411749
-0.045228845773278646
-0.15985044170233378
0.24582188579614442
-0.29947113148075571
-0.022659772291035482
-0.031999865290946394
