0.11178431730531289
-0.022944282830571185
-0.19669359804144548
0.15169548273471645
-0.26317525370934153
-0.29507297036913371
0.16831606296161836
-0.22368550444103069
0.44589437080465738
0.28457064341769767
-0.087827594276373738
-0.0026918829360911391
-0.1991055605565947
0.23819563312150255
-0.056751880058071413
-0.22970035713621825
0.028380603923434947
0.4273055392663031
0.11732907234931671
0.095841836202626582
-0.091471118793977804
-0.2763865337180314
-0.05509725632507749
-0.038196632990046081
-0.22553936529241797
-0.12507025358542237
0.1020019454002684
0.085545363954311046
-0.042478722479501144
-0.39883504770896833
0.53492009815267672
-0.75455769042112664
0.013032079501887448
0.47444001337234432
-0.26745571170466415
-0.11061735203046462
-0.32400658948715672
0.38550977458516811
-0.50000179473035977
-0.091553249065377304
-0.042824768664078534
-0.072357323826730685
-0.44863907285822713
-0.079096347692916319
0.12690738960675974
-0.25965198713935733
-0.10665088645665791
0.40701841819200524
0.42282234446201111
0.10075493224181953
-0.15303035462409401
-0.22304450445018748
0.10376796034231943
-0.071189031831796853
-0.12467338650380401
-0.0022543653876081651
-0.43167802781419401
-0.17946999675744907
-0.25417421970057308
0.24161976764684365
0.3041337232933447
-0.062654766198708106
-0.0099512882256235762
0.47111696714428142
-0.096826418842724332
-0.27309086510553943
0.18519156827865399
0.24710117622733338
0.027733626767627969
0.25187795379544087
-0.17347609281089976
-0.27941139132473081
-0.034614712763116215
-0.20239287727609398
0.14616339667736902
0.51866705372346278
0.39172840170758266
0.27259802661377053
-0.22085932092135166
0.090160224051531124
-0.15074828605645113
-0.41661429928064952
-0.067398680239551118
0.0082745827973977996
-0.14138741468437296
0.25079871573232393
-0.070157854490412855
0.13158552186348171
-0.46480860083328418
-0.050663363099379792
0.1291781735257635
-0.23173029225552561
0.16910600101251841
-0.37580254441403232
0.054410784113352706
0.083407449405116518
0.32184758403871661
0.29718916031058068
0.011775755475411022
0.14414014199006175
-0.54157162586325047
0.30001860265171293
0.28680497305134089
-0.14592244773898583
-0.086133836012391149
-0.18059848300588618
-0.024030861017400072
0.19416412480835521
-0.68826447370137644
-0.47034483738880906
0.37206164202347974
-0.18138165742652243
0.092984822908814699
-0.38537194078670112
0.22711444825812047
0.3734710881225769
0.026430281159541106
-0.16978415448762008
-0.21478339612593125
0.064846844781238491
0.22946566592094111
-0.021455481393153387
-0.018173631387933945
-0.30320481861544718
0.54507781334232175
0.11021579201375231
0.31946166752546951
0.37816708624150763
-0.3028721643345782
-0.12002611493048949
0.26330813782071527
0.032228051910264691
-0.29077758163181089
-0.10655545176587962
0.022781983898511191
-0.26895481225708717
-0.13534958774808412
0.078251969406450544
0.12832441732431829
-0.082646670736406719
-0.23803684668803823
-0.28114312144593789
-0.2735297506575457
0.18694278008458759
-0.041446712965396419
-0.10266170549879194
-0.38252006412159972
-0.028661939406690283
-0.18247594720915214
-0.1788943792497566
0.26809788885304386
-0.31692092102095198
0.17118125026747369
-0.077490388533521221
0.061240207077954419
0.46542978636737276
-0.0071792993580175402
-0.20682798153231821
-0.27129583395544793
0.1399889893918484
-0.085892807149430622
-0.53407702047617622
0.22981790941734748
0.23097532261243997
-0.31373424113639142
-0.031113286233202933
0.054240948427526602
0.2796588594287599
0.1460063464639344
0.16865021765941124
-0.03638575661388712
0.1588040384077945
0.37314285257121665
0.14565129296008744
-0.13730534241917372
0.20559990547346033
0.025913532686366533
0.16181407788057517
-0.036945993301539054
0.05115932286791653
0.079443097526357073
-0.054295140256703428
0.19761377962367077
-0.13789353086302009
0.42312564416587772
0.09184162170526583
-0.26276363073241665
-0.068164744813728764
0.09917232584808601
-0.017950786638758608
0.61534358637731512
-0.23608250358099273
-0.038171000922711973
-0.20963776889784955
-0.036077954783595594
-0.067360851703607671
0.62755777227925669
0.43212888734248955
-0.39561066428418157
0.25747910556885351
-0.1645991140103796
0.12790100337088106
0.37045318617620693
0.3826416607978107
-0.28211643130322928
-0.3581339009971386
-0.1809330400911521
0.42086585680988681
0.19595786337601567
-0.4334285353938106
0.022350161834992166
0.12498142635467505
-0.15349681543365537
0.21068223733145588
-0.246849063348375
0.075589282928199469
-0.29251434284654176
-0.11018831891947051
-0.20269771562088468
0.036902456923270113
0.5855934746640904
-0.20958181095598338
0.12150665394847915
-0.21294743968982632
0.15024811658404055
0.18026156057074763
-0.087645213668799654
0.14974607902752474
-0.25596112865118575
0.19463362505222723
-0.001691018532393809
0.45481608331273338
-0.33764228353122977
-0.2422079903378096
-0.10879958467296767
-0.0078973654706639609
0.12488684926455039
-0.38444036430492656
0.2624094811126107
-0.28437614024312408
-0.27358922314353934
-0.071957508728550085
0.061964615555168537
-0.020279867380446216
0.024800750897690502
0.21560564609209509
-0.12275558246227913
0.079728627587966949
-0.048049861354377096
0.20782117212871365
0.050891403734587642
0.37591595732011773
0.036425475824912013
0.37971357987014215
-0.23703649511441585
-0.20939000658491011
0.035299224896534621
-0.15409754723705935
0.19334277223524426
-0.10062934144268443
0.024792040787191189
-0.061825903069029853
0.14340346778714841
0.30598090891441809
-0.12224918605250104
0.33156939635322519
0.33446130600861396
0.21216746431010094
0.37543007074044188
-0.13897286258662023
0.25887206788662859
0.05474143288873401
-0.37631252359679396
-0.17690482361962942
0.14078951164565329
0.32365695266923611
-0.12491076268075688
-0.18380050114336069
0.15041016000033028
-0.32096952985613159
-0.11332925779406143
-0.25531911196088797
0.14266367172991215
-0.47494424989034695
-0.29112532670733127
0.36804738067013004
0.24431988815526384
-0.014801329538914729
-0.28711375298904812
0.21158774153877632
0.33032099325128345
-0.38294933093814953
0.27841858399772212
0.35021538617489284
0.1383392590416779
0.14039809959909708
-0.26992902407511749
0.058138281449842184
0.33106203523941069
0.44347841578095493
0.21069223202459308
-0.56335371972117021
-0.33881374999491504
0.06362241903998142
0.17964658796219171
-0.21811293752244454
-0.23877385051052785
0.16426646996190836
-0.020311290042234326
-0.15382767092151287
-0.0046337478534123943
-0.20971286645887577
-0.26332061875660151
0.15729918516853914
-0.15116540003894988
-0.3580964809428554
-0.26198703796850914
-0.064916617199506435
-0.45142753868304047
-0.11646223293988144
-0.39150196403760479
-0.044794401151002493
0.47163475861185122
-0.3239340630938376
0.10110123119674044
0.092702174874744234
0.057962732008768995
0.20123077569019104
0.051625738924984059
-0.092432680977394932
-0.45659855862218773
0.17692515933935177
0.56203709249461509
0.1096643654600461
-0.077467439865236451
-0.2213669452750614
-0.1583725321912921
0.39758574983217898
-0.083073986628128579
0.025433739979753185
-0.01680795875441651
-0.03054768024718554
-0.29194607302095649
0.30866488806373787
-0.73256459608815272
-0.00028545383696627951
-0.26083905124239393
0.28043188945223085
0.36432452552505179
0.17185398153387274
-0.24147065212247693
-0.19424354232208507
-0.14637187507764293
0.38878940979306809
0.33449597692052913
-0.14540886417624363
0.15088480879160943
-0.25769866811858427
0.26760146035169868
-0.20375926067574679
0.49843079065411128
0.23480429381092674
0.012741671725291571
-0.018101695748263508
-0.62127434566035933
-0.096839654529897276
0.020442539639646373
0.30321733287350283
-0.080961483383379163
-0.19213994169819545
0.208710918726385
-0.21136937235476022
-0.013570835057976644
0.17334175820094364
-0.2479271318336225
-0.52181327670659117
0.17171695057934666
-0.21659287673286506
-0.14873603829646465
-0.044097436647077368
-0.47696757508650239
0.31725838141898333
-0.15032784821875766
-0.36101185793692286
0.16547325826735504
0.12297664787809183
0.35203063255064382
0.054244703665687226
-0.048890319631268164
0.47798620879231379
-0.32037180841487356
-0.25711190864359224
0.095911758253655846
-0.45735966629871239
-0.34148354370776374
0.061154472469614869
-0.31009988135653793
-0.32303864319323533
-0.15079397141467887
0.10557949596099786
-0.1930424358103526
-0.52840652870125771
-0.066977993248554968
-0.17017091475867152
0.36576555303906988
0.10293862619296486
-0.062340421425119093
0.18048557593269651
0.27982023201455214
0.21575744488240495
0.021548781342830045
-0.24542685619824969
-0.61372999727906241
-0.28615383795562066
-0.19648930200402787
-0.35217506465089143
-0.14599059650593277
-0.14750010552580159
0.20312956372330679
-0.59163652111509624
0.13627219280953565
-0.34366309063894607
0.20508282541445694
0.38285824920421679
-0.48364210027736432
0.35913339307660858
0.24473354613906659
0.10368272200182248
0.14196846800061905
-0.075743470854769845
0.31460047893642107
-0.0059733729023746995
0.034222164063024051
0.3746898667420977
-0.30790883102337019
