-0.093867164225393152
0.92316415904149418
0.2467454611030355
0.1333671881851283
-0.13964691381671482
0.13807043471324135
-0.012527659678874982
0.68864955597523148
0.33669634628845047
0.55323238718075274
0.0042400550244279644
-0.58516726803635888
-0.19414792167233094
-0.23010391129536489
0.45714651619618285
1.1968604147927742
0.31592359940411391
-0.28802326494166058
-0.26807752388394818
0.22504680312948927
-0.52848831327059598
-0.34981709554246265
0.16570481409069071
-0.26766302326291092
0.50320931907036237
-0.25226860686550057
-0.2035974098746286
0.32454377047693916
-0.24688009494011398
0.035099965263896492
0.22816772053596535
0.15184765110633086
0.37977436789815056
-0.61278817382773731
0.17609216235185396
0.092168752240086624
0.41658901315978375
0.39340305985574647
-0.23974355218549645
0.058987058471570097
0.76074491625991059
-0.047304575407330351
0.53049198573838674
0.25699012892670858
-0.096561770070776737
-0.00052266948948255943
0.70420471574101262
-0.012255402944974873
0.63252226054571792
1.044125991900829
0.14834088621175887
0.032712516861127409
0.19193840836919535
0.29536999625183102
0.79158132253253
