0.061644600499627299
-0.1753651302549474
0.33111296780062882
0.10655314191617489
-0.4409139758191894
0.18964754963700892
-0.35729700778050333
-0.39109584962822741
0.042128787599752748
0.17642362198490605
-0.10690986645389805
0.34719376291624443
0.33963844589629466
-0.35317440035340525
-0.52567718771539362
-0.17320503151008973
-0.60957071064641777
0.19205745033662588
0.47078039496139745
0.0044145719658471539
0.19603047719250249
0.03112807013584605
-0.13960542255075956
0.27626463903697163
0.36068257139800608
0.6220137770235451
0.43271642306201807
0.1134978845223627
0.054152896658901779
0.0005043200600111608
0.071697450711071545
-0.27659698381382636
-0.046739220607210329
-0.19966515162484669
-0.041878009536386263
-0.076525878712901299
0.16212556721817389
-0.52730927889100299
0.20404255342492794
0.18665961043502877
0.08096265429672761
-0.034700218775364618
0.4251473307608446
0.30185546017284109
-0.26207289722653565
-0.37084651149677489
-0.21561717373945882
0.1473183087255753
-0.1391146244385873
-0.274088321789214
0.10982048033339117
-0.30391527992768108
0.52044161928976618
-0.64142292828016967
0.074672543883506873
0.19273902949131119
0.53132315577689115
-0.23302748762500577
-0.61536943107668929
0.024168149216506458
-0.23673820985184119
0.52320207134931751
0.070237407177463879
0.51886603987795288
-0.30096209486523617
-0.17433459865575368
-0.26918395479008383
-0.19446677339570506
-0.096906352707802595
-0.16919253961249683
-0.11882928171381818
0.048132850967065856
-0.31037273930659837
-0.26680369421156475
0.30912100753287469
0.46137308495907237
0.028938589083104919
-0.75518575503840857
0.40516394655735966
-0.11577150562302246
0.43226758795523146
-0.17958227638269103
-0.21584002154086337
0.03941111018455179
-0.41604841081895505
-0.30636548912929834
0.071808387769501783
-0.098512771656593848
0.13411749111090296
0.53617387377399162
-0.34678541216757813
-0.18045801706461917
-0.1591867287436905
0.27438223403551232
0.38396395691957863
0.036402405168095883
0.15103941458228753
0.052479247320549344
0.037444668824811435
-0.14326505692584118
-0.31421748969313568
-0.16270400667443552
-0.21644192979246366
0.35358028259655017
-0.43762668300698282
0.11563563564613015
0.15354009965407556
0.13622893944911166
-0.26295387942054438
0.027961357256501701
0.23895140713058466
-0.10084670058101862
0.095203477910884626
0.18040610690504144
0.031197382673547939
-0.20612632503482733
-0.092244720163599234
0.51062223350791591
0.85217770070202092
-0.10331392869357067
-0.32818795394949307
0.27737023269964417
0.57014995287412773
-0.15417320488882075
0.20701849929629021
0.12680582666771928
0.19468628331905857
-0.72098934322826691
0.57958959046136405
-0.91663774758679795
-0.40793569445104805
0.28740413158986722
0.21540970235035314
0.058187441872241452
-0.056398888635729776
-0.63004344166571458
-0.43193378168863567
-0.15954117329156139
0.11194354734333518
-0.12682496299864635
0.43355801700207069
-0.082003458513191019
0.071792718714215206
0.76546726479924065
-0.23372682962396057
-0.18509277179370204
0.092504873886476477
0.46502605812101933
0.1419158261571595
0.55776624765027116
0.21171836655726767
-0.45313040979577512
-0.059125555150825328
0.57353887356151489
-0.11911113492717691
0.47111118465658941
0.53305129408052965
-0.16976368165384617
-0.28233346362433914
-0.26093127903577956
0.013524969173590402
-0.25507272150561844
0.16615179633809182
-0.31305272415921659
0.10007630830069528
-0.16524646861688128
-0.031256059108413212
-0.67831836251450583
0.10479139149971255
-0.23472066645421016
-0.0091079612912788269
0.099385232529021997
-0.22908017128439373
-0.468670961730491
0.089165563195893346
0.025023369288392674
0.37879813405613943
0.25284607256112285
-0.60505315345013155
0.43546258642783364
-0.024748883913169803
-0.32292271043510434
0.32166086443923952
-0.33955858934045513
-0.15561579025621314
0.060031761922146931
-0.0054667212697119332
-0.066059745934688538
0.29564178181336792
0.10659961889643886
