0.1067574202650638
-0.38676479239913197
-0.027250034261010986
-0.06982212444246387
0.45998685893769858
0.10444258071874545
-0.29269105355535335
-0.087802161682984159
-0.31131834839319467
0.74410024531624641
0.29080691056566538
0.069001237377260702
0.18888273938749267
0.18429263846716318
0.039271552129807284
-0.6873123441677137
-0.22471920440666551
0.12895651848346293
0.13038914930745321
-0.51000286880606516
0.32283696318170424
-0.086559002846790425
0.045803684928835388
0.32593240497913767
0.053896407914714228
-0.28755246486438452
-0.061122319196843154
0.89150754819511913
-0.0077171906716829355
0.22766013294524634
0.36447791537770663
-0.15623703563436642
-0.046141600462555221
0.0069242004686149014
0.12613323486095088
0.64313684936766946
0.27074638545241569
0.0310686236000072
-0.59499535945739812
0.26890720853671585
0.26127094769339432
0.38619595268315055
-0.13929401680344047
-0.17752688544808132
0.51631868764155087
0.75959643431654111
0.062792058754276014
-0.35642236914761743
-0.089339269096876339
-0.6080800826195113
0.3651016824290973
0.33236429219566016
-0.14146225731628106
-0.067398549897004251
0.25948338232136309
0.53765798795147779
0.077790964588933142
-0.08393616999270033
0.26714098470626185
0.37881609861518245
0.21182831879038388
-0.59159421029820314
-0.33361455285373087
0.60063885214752122
-0.36203037335657151
-0.040781100839980884
0.13168191697536671
0.54336741430572666
-0.17864640349222474
0.92431873686332011
-0.044323134292481352
-0.1171992181595035
0.11516344400876459
-0.36660833796433756
0.51766672465442043
-0.026821694245019227
0.063235204856235072
-0.19970621952372042
-0.2954482445207644
-0.18005767274819418
-0.11261493634370587
-0.33273119799571482
0.40247368790122812
-0.052463784871373584
0.85029197068547124
-0.35687241106818468
-0.03546658389197517
0.61994763779438744
-0.48328019516869541
-0.047484010635180499
0.077176447854085534
-0.38693575776582423
-0.040090257700705435
-0.073792637620047938
-0.30834676372822034
0.1402766572655183
0.22380630335929599
0.097043514734753672
-0.51097583896749188
-0.083766749886718644
0.51045252625575965
-0.02444349618813672
0.14642768363143999
-0.15281027952134152
0.22134880795772086
0.32848847465467118
-0.098386433794668299
0.82765664606722789
-0.1787989002910397
0.18958184407976825
-0.17747293335479125
0.29620499388410892
0.24658300897123958
0.47857145391103201
0.093673603074602624
-1.0331112253864985
0.087135115433427918
-0.00044098186428382833
0.093712747470344956
0.53356480067990297
