0.23034485852949574
-0.37728884918113326
-0.0030683885243738118
-0.14812415765251652
-0.23729790336606307
0.27211627395523996
0.53028051697951639
-0.46175882369160842
0.53442546325127516
0.19784682023698186
0.045738448790551202
0.30605274033691221
0.17051133769415822
0.22054150468661823
0.048054213222714588
-0.051246498529153167
-0.2772913373153309
0.45008383189176787
0.089987359818681154
0.53786981955528312
0.15268036525956533
-0.0027224287664857081
-0.40952761929274362
-0.050481477482667542
-0.27677724406051213
0.0047985951617030408
-0.1120475484981958
-0.33620468868848219
0.45948364848544992
0.078811295720996946
-0.22564071481207809
-0.14396088851683678
-0.073769528043526336
0.20132922765926856
0.25955104621481256
-0.24729875851332705
-0.0083611425879940044
-0.07696558724482247
0.095705434494872163
-0.18994753176411733
0.36621026372489285
0.52010793420546098
0.032819870940052405
-0.078230470490636389
-0.52730062275796685
0.51909992342791955
-0.27979154171066306
-0.0072291389512513307
0.09611176462260447
-0.34820422980612442
-0.1612784580424807
-0.1960245523830817
-0.0032724206302316727
-0.32705336252675238
0.39587240549661729
-0.5193578911107819
-0.075890738458422327
0.12393098439024175
0.11747711336822241
0.45110249815790732
0.13848682847457339
0.12772688968802973
0.18072617472513525
-0.424615075339628
-0.42156326565322372
-0.27841299986561524
0.11302749264528428
-0.23262798857766701
-0.21149926544849695
-0.14462772470916463
0.13091841926464129
0.085175760000575487
-0.19652875298897088
-0.21927572133580156
-0.10543452536184858
0.089802655920718968
-0.2140684481177747
-0.17586376300730858
0.0013131308519766262
0.24570894403751192
-0.3941982977336439
-0.23907296516096874
0.032999720599355728
-0.040735257225024427
0.23840711670559545
-0.2052995972886458
0.1247582469507053
-0.12252454347523162
0.053616446863927844
0.39177306015873953
-0.20675448952831416
-0.12143963935379984
0.44456368736525731
0.34483230008171845
0.075714738684209221
-0.36564036099332653
-0.21965004000982097
-0.43379337939805396
0.26550947994836932
0.20580696277164456
-0.50046316687184189
0.035531520234115384
-0.34726220185424811
0.10190078639611944
-0.24126359619275067
-0.30298878547020797
-0.28917173739267432
0.2325489114599387
0.18517406277915419
-0.26939787052322262
-0.41880861225612009
0.16180595596630656
-0.032756692785567039
0.37517160815059514
-0.021757168529879405
-0.07011479557174484
0.50596774799072453
0.3122671943150751
-0.0018785523130863541
0.19536782577463435
-0.49607303696871674
-0.074115386553103901
-0.21368683512750666
0.078596564727601792
-0.34904935508068569
-0.11733992469424283
-0.13145352086353415
0.2738363896911451
0.0095642858008642886
0.22543554055935636
-0.21645816680957986
0.35734436763532995
0.22760506675871592
0.24713575757076062
-0.16082177367571771
-0.38915861032136867
-0.43788000486196282
-0.66286024307711544
0.38684305454312679
0.24553816287764652
0.12642954736124901
0.091262938810234756
-0.18630936240875276
0.029752414924904408
0.70412415682051377
0.0048168436817350811
-0.16725253832050069
-0.27063136376855368
0.24118698938353089
0.085887415713447629
0.26615976247923956
0.12113927980964494
-0.15049694924380022
-0.68218096495595371
0.1701708768586763
-0.037898774441565017
-0.10858278896823828
0.070643188976207055
0.21261039445491911
0.15117054555012605
-0.035278085654581383
-0.1913880954232986
-0.30744406208916841
-0.21672546369930323
0.39483001796023132
-0.26001308439553528
-0.073349955564967831
0.15073127021737395
-0.15109589446057678
-0.074703851446653508
0.17587405784165402
-0.0045599879636441382
-0.28461530235091065
-0.014097700322415262
0.18964854945794424
0.21746094344070888
-0.047319267538596763
-0.33536129970011619
0.027603887976745442
0.10089149369889137
0.22135763878473058
-0.20896027607825074
0.054774489508157914
-0.28474931722709257
-0.031222644437824097
0.06007761831588572
-0.13954506460556379
-0.45572586220920763
-0.14817456429538448
-0.21132393424196705
-0.11546643427524633
0.20728454407232991
0.45551895687952387
0.16771483423980454
0.37377213114048868
0.5422665786492249
-0.030837109782585127
0.011381306026237799
-0.031982955260823398
-0.029258457616962406
-0.037284176931392091
0.18378804189471623
0.20950184125508453
0.030567888145418793
-0.24729489358043405
-0.013451993354174933
0.067192133952776165
0.49916505301465897
0.13056823289569047
0.16866526541671392
0.08513979678232772
-0.26706322428442564
0.033301536538602725
-0.14702242075420449
0.14178453818876385
-0.1155353646407225
-0.38204033420228245
-0.11216276653610877
-0.16174959154272381
0.39143590556072988
0.34062455684340964
-0.10233001604174487
-0.045417827932293965
-0.16945312799898618
-0.19392969031782548
-0.15413591563596588
0.016954365455067996
0.063995411265211438
-0.15609241361985784
0.58159398228337567
-0.054732928980361507
0.047381557440704491
0.35997124821828791
0.18962531948698064
0.34802640102026938
-0.1977672656288495
0.64248473756975577
0.11844254347959078
0.4253430423607989
-0.2777117249671453
0.29229003220220368
-0.048000561041892528
0.059834088876259933
0.4080804285581468
-0.22071796122323556
-0.31320168864672343
-0.11467944901332806
0.30609498211195268
-0.38902721898988479
-0.30598644603997227
0.061990604906370456
-0.04580617100159546
-0.34104457265480675
-0.26739984697850366
-0.03530299849099798
0.044091417668650455
-0.33927544348266486
0.02946418872740432
0.0187526898722238
0.20878705609666051
-0.4581415501646014
-0.34750595004469148
-0.074302001876306631
0.0044913285821694569
-0.41827490066686551
-0.17532403109853983
0.41474067791030172
0.30713706686985853
-0.42548838229799263
-0.39951115717801217
-0.46320186928481227
-0.2411340437193944
-0.33723074184657126
-0.078126696962876385
-0.3984016259750453
0.045890040040063501
0.012113743894361187
0.18690593439291581
0.62436593083411751
-0.13136587021570123
0.28178398540478555
0.22917944272529414
-0.10666884685931859
-0.070284658513334444
0.3848893950162614
0.11113832247859912
-0.24448399996987993
0.06477289136324918
0.01847831417318329
0.090690230092285232
-0.15273494369507401
0.34004824043773368
-0.24096734529256922
-0.39621192296914487
-0.55088181110567425
-0.078516013077531172
-0.36257121384139374
0.20177181923839524
-0.010855070197836207
-0.14233366632679345
0.088920756385978975
0.029489348142777573
0.090580965431919333
-0.35544690320737121
-0.48078557777673064
0.050628806782687392
0.20656490291192484
0.058932881848026586
0.52763097526595903
-0.064551840326424179
-0.33711115463591113
0.057419852930471076
-0.062023799631186892
-0.035196588911451027
-0.094055221280678461
0.42808844099503007
-0.15513508610183399
-0.11820231028921008
-0.039794195963219529
0.40616039329559467
-0.23784513456195691
-0.19969682214355072
-0.037383916260599996
0.22908634935947181
-0.058411252118194611
-0.057793058664856789
-0.29469100749560168
-0.43534453167690979
-0.38979131783233079
0.20904853452452993
-0.13559580930716458
0.071571753160601506
0.1097970681299638
0.05420456485044569
-0.13786079786804697
0.12459702435025231
-0.34920733073551624
0.31745839121822883
0.13827874343801205
-0.053726775002107825
0.047976398142529179
0.091161185917249019
-0.50079276071713386
0.17457824457451299
-0.24128283010120261
0.035810037693445089
-0.19014804894263901
-0.024803747987150637
0.045230813769700902
-0.16834521559025589
-0.013746081440142451
-0.31068891930215126
-0.026062035913620045
-0.3186147016646067
-0.047415892054230108
-0.53006410385818392
0.12035018354386637
-0.20882254536932951
-0.36094993212890863
-0.083886182777644897
0.33133364314630431
-0.12756449339928286
-0.30961199393738498
0.24133658830759647
-0.1408483732262118
0.69636923591445632
0.12280657660468923
-0.3059267227147956
-0.45917273667456426
-0.78988510724042627
-0.31165937032648688
0.050237216723150596
0.41894797559228714
0.27375533183539313
-0.045047925230425119
0.2240623153085109
-0.0086377561932013645
0.06496727440389212
-0.22301141918612694
-0.020107163808812875
0.24316439372454723
-0.081686004490908432
-0.030457658175079231
0.456243123116436
-0.10878448523755817
-0.093921501496658857
-0.05978991345444909
0.0060893559791073614
-0.22293311763909404
-0.5356932715510474
-0.33182198659191448
-0.052598867307424725
0.25537197494485125
-0.036145089294877017
0.50598560594745412
0.087356078493953687
0.017214606463512791
-0.14846812699354975
0.015304941907647434
-0.25552921550770663
-0.094753883175584669
-0.1098366498004319
-0.21352608938517126
0.12233292530791284
-0.58603892179206507
0.19980388001594096
