-0.27324860268827494
-0.084774022082651487
0.14596875502359946
0.18677253683074116
0.45402151723905781
-0.36201302939512842
-0.35819036300300056
-0.33435917268356369
0.11221893823746344
-0.82674162020093378
-0.32741514923816378
-0.15046161805861905
0.014384341117080266
0.12861443620141158
0.26639290303890961
0.049459994208441944
0.26723684682992782
-0.0028810171632606871
0.047822498152765222
-0.016773730188323854
0.32426906144419509
-0.61602398919579937
0.39511858407886269
0.13785366695816925
0.27978589131902987
-0.079394093157227758
-0.27918442813141886
-0.254005166913925
-0.55132063841895351
0.12613792781829508
0.29011931992529733
0.47495054269134951
0.27199904511483264
0.10441697050453434
0.33914693808233209
0.49760714288779889
-0.26446151429457099
-0.23980117636470441
-0.29534832856600596
0.18635164898320206
-0.42438676941706349
-0.027070857554667462
-0.14480956767181885
-0.33191376521635541
-0.079420432649304054
-0.34126522767094347
0.10373248303609262
-0.2119876796506589
0.17572653635025207
0.074435081799814298
0.30712071599750446
0.35562149327983228
0.057994933519492135
-0.11845749827284162
0.46756587506294695
0.21862549802593456
-0.64389680327771692
-0.42996150645821435
-0.01177385337904454
0.033249807040296196
-0.096185329587536561
0.23985580835419718
0.08473285035076375
-0.065877358881191131
0.60230995640279761
0.07800167286497206
-0.28825059334798614
-0.38391086687109133
-0.67359378508984236
0.31756511458584563
-0.25534025574703367
-0.46897898462408905
0.34227320379504067
0.01377816061364094
0.51074503445364283
0.0085450980990995594
0.44449260448118383
0.13208374386083011
-0.21494396843326685
0.31399099172978828
-0.26414532054511125
0.040836703270822075
0.025470552383837254
-0.11851539294066944
-0.022953802717570009
0.4230489992064233
-0.64757329898331084
-0.53173770778944207
0.16673759183558365
-0.48449348430353006
-0.061893270807029992
-0.45017115688624421
-0.1844212095765389
0.063179459271050065
-0.0023035867365978728
0.024632979396423147
0.068088825204924125
-0.1704717929400385
0.33483214550840235
-0.48409721092811314
-0.2127380591080103
0.37490633810455204
0.31617672771599259
-0.026520835061148218
-0.84909810375377082
0.40009767202058555
0.090016672133946693
0.35944003773863181
0.36894040278876333
0.30939695498211428
-0.31504446651959078
0.15572794699236264
0.028229505879933486
-0.017096778627613794
0.27456150966228077
0.12471442635180258
-0.61753624731167611
-0.13536348643514276
-0.26368499348400232
-0.49481593847463234
0.043407561463128727
-0.24896196349231867
0.45118583253387456
-0.15167924599791388
0.25516975791258917
-0.03937156455113125
0.49554996793416045
0.24161497188502748
-0.014607866500164848
-0.10940609664099725
-0.19293474421343867
0.28109747971953075
-0.39991411875678906
-0.15053293241077442
-0.41695029702860109
0.74069626531595556
-0.066253502096928346
0.050038782979747426
-0.073777932373635405
0.23034005795184267
0.43002111497759948
0.33707535259922805
0.19945069500949444
-0.34197637539672376
0.49009660032057406
0.15700116026648597
0.26824882651437904
0.46967403347260595
0.013419025567283851
0.06546500968141411
-0.36091889340649397
-0.25635028675376365
-0.63238876979485448
0.050143603381349454
-0.17987511929322983
-0.052722418450020118
0.035417710549119193
0.0026853620803605231
0.63094929139004041
-0.42980939733856194
0.02641732679709383
0.19591305757477578
0.06449965131237842
0.382210704622929
0.47300355956955897
-0.33405229445299239
0.092219072062058441
-0.13843434080183251
-0.18127065897768671
-0.041422602379332735
-0.099368308378851952
-0.082157770374680042
0.25263857455085631
0.39202284651760033
0.55362983822804102
-0.24402640333317135
0.59162856127454988
0.0089919980046851578
-0.50469272558786726
0.48859046180783522
-0.069672095739202022
-0.34183233129268231
-0.04621771425776567
0.22346679400879871
-0.50299705338106482
0.47813121500325662
0.18930620256931677
0.22255362882958005
0.32108505522702735
0.051765926879499699
