0.076848378199638662
-0.034112935702747177
-0.19653841621325016
-0.27712612113860119
0.19633086032409658
0.21932414885187149
0.23076240143434279
-0.27473802858936985
0.16643095434280331
0.18596501905837232
-0.29624679959219818
0.15714782018522591
0.238235671144642
-0.15630563770705827
-0.41897536800648594
-0.018892845318993295
0.21649626150599141
0.24228204113629631
-0.11213916763492295
-0.47489552211078823
0.3720394806507118
-0.34722837865789513
0.3850141946631373
0.30079198588207251
0.16653523700420453
-0.10523974417940678
0.22821132274940145
0.27551095336144676
-0.2351828815623104
-0.28678997559104663
0.28243342342797478
-0.093419265402407206
-0.24381152327158365
0.00061150756115027237
-0.0086913940076842975
-0.5462456560013963
0.55660047195374474
-0.035926375146636845
-0.043509032616355511
0.084652620474893109
0.086827737438847793
-0.15257862164929031
-0.11898523805089264
0.029048905746907654
-0.24431689127499293
0.0072471331139387345
-0.21285541570027361
-0.29202263166418579
0.20131370321005773
-0.18189672829066741
0.16536630441113442
0.086942851523295506
0.25146395310650221
0.10980342920249465
-0.12642008560177936
-0.020549497090107331
0.005204175522681073
0.19601318304989618
-0.14134055656782468
0.34425538716766274
0.37145890606620796
-0.21937195201951648
0.036181086782219575
0.1569645422410052
-0.056307415406090432
-0.21220623992720175
0.13745478109613846
0.080742747784965874
-0.0600778228418479
0.16654422753873541
-0.10664187871465426
0.18988087061296269
0.032778645969686313
-0.093078784367814513
0.10578824185433844
0.29790783140755411
-0.30522162591827945
-0.3559610564261993
-0.39930611667663529
0.14785463903800769
-0.081552977989087297
0.063301014822623944
0.25408943074926676
-0.1703996494841184
-0.42621131100771459
-0.06908997198507745
-0.019876793050852215
0.40448365583386059
0.047062648379947204
0.006659941750273451
0.015074081624583751
0.30675040209414517
-0.13753291083887711
0.088246441323171457
0.065201384481114039
0.0089222246034448942
0.16835846652731506
0.060258401520454745
0.071104493839502805
0.15768883189157917
0.21092212419489462
-0.096269469255399767
-0.40876857345293033
0.019377056701394998
0.3884150017204428
0.19798282212606835
-0.066133457152983244
0.11307357418996965
0.3772311671040528
0.18804214422274623
-0.12311731169716432
-0.34451254903200157
0.022476428579164823
0.26649595735430048
-0.19894268093339332
0.38010136999202904
-0.085556805195926663
0.22346474741344174
-0.47044624623975057
0.42554040102469359
0.19229423071171636
-0.24804487861224411
0.061582472418787886
-0.16355840037389893
0.027816112259487061
-0.044228035178308776
-0.25901652825666566
-0.20789907418249859
-0.089171065797093427
0.14897155628246919
-0.72567130224098164
-0.25325644365645283
-0.24092827140024958
-0.25266130398369957
-0.18854083701998731
-0.28407419376224013
-0.12319891650903132
-0.27086225352782867
0.13346832769531192
0.36749300054838252
-0.1359787619822381
0.48003739064742351
-0.080458847932089073
0.12938082981368698
0.31174884787321244
-0.18004298289363077
-0.24068511616340824
-0.12589192538495392
0.039215452967807242
0.2050755555631377
0.060901101524942741
-0.091428474007759372
0.010987489753652593
-0.045871673545934584
0.11310706384389009
-0.372407448537459
-0.097136542138491808
-0.39321452483266994
-0.4506278847985421
0.12559004427464818
-0.38642248844822352
0.012667211055172144
-0.25615171243611679
0.10839147317343562
-0.37381347757580802
-0.22669495276814397
-0.013931028428158188
-0.24173371364695304
-0.35969983343664003
0.26981822174102926
0.36902410549251125
0.29874026128463177
0.020046117836342848
0.27520069417081516
0.12482014923616723
0.070225272020302848
0.36790797007934067
-0.095547738285875011
-0.26628581660522699
-0.26810395859313635
0.16514986891727246
-0.13836458973699509
0.115582142221607
0.43737913042706605
0.053188303615537516
0.27880637300548072
0.15581940121554355
0.41646252115808002
-0.27305567041020989
0.20589739707299332
-0.027684867531966847
0.37539043720478688
-0.09784983435985542
0.12540970382821448
-0.46864879172238438
-0.047916076769391927
-0.37339293993757861
0.083497210823391899
-0.14870185528721197
0.26883506273584479
-0.25363455093528092
0.38033187631714344
-0.13467616827345605
-0.10567750435565765
-0.54787888551970909
-0.50649419764295089
-0.20164013826345165
-0.0024341827003693498
0.35792967662210373
0.24242028817659514
-0.073030017230152108
-0.016521724538034233
-0.18461307282874403
-0.014196323163566674
-0.18989421164761397
-0.17561149686966201
0.32906862165305695
0.18802923777762132
-0.098213044959550702
-0.41994072135714344
0.24440909206688935
0.51554071959071601
-0.34576749598815387
0.19668213499140047
0.035079955775364983
0.52171550064290384
0.13047751470744773
-0.53946371110688318
-0.010607987902108974
-0.566418471326946
-0.07831599789163779
0.36714444237628907
-0.46942808605686853
0.12731972636397484
0.41365375944168359
0.0080785256223620729
0.065676754592637568
0.076902279215168359
-0.35296006857332191
-0.074158605378801701
-0.17600151187467683
0.30414434741968771
-0.16754433438400862
-0.11129760860172601
-0.24302256060604938
0.20472736704801819
0.44123636848358799
-0.11308327022774652
-0.51241764237836085
0.26938621447033806
-0.18164135179644469
-0.28567940639701794
-0.16953588331608188
-0.48759383946246476
-0.084449439567386445
-0.30119547423924919
-0.11166538059322445
0.24449547951985026
-0.21439268679784423
0.28145747280494376
0.050476367026415454
0.010287888484959814
0.00036065785746289665
0.10056080135829096
-0.15943923625956988
-0.079266174511539708
0.19659465463360348
0.21219456494653521
0.47823640500771936
0.2719275884481705
-0.049652139499402392
0.071469462561321917
-0.11308724891788353
-0.58778552663020711
0.18435508097826547
-0.42529820679000124
0.34831743375903518
0.21195965651594709
-0.29416459964013575
-0.0081044340375252093
0.20807294296233661
0.30800730271025156
0.11049968996214232
0.2503918961620259
-0.17853838959249907
0.0055912628296336409
0.017958625884836491
0.16094146122055544
-0.26962853638196682
-0.21245941533892559
0.071751855044590335
0.25165421761253093
-0.36192026936961597
0.32647395307497029
0.3643869507381769
-0.18924401523929169
0.14568425446968558
0.13826119283319996
0.015678165293778211
-0.47584904471317124
-0.49953981732143121
0.10515534690452163
0.12145460833411247
-0.26502062858239228
-0.32857017346444567
-0.047437542628044858
0.09832336310809324
0.068577576574216634
0.34694854170743039
0.16271898720284408
-0.040130021918922371
-0.57694195100153745
-0.21775537657890762
0.11994059027830878
-0.23114628495032916
0.30413797889697819
0.14656715138731691
0.22388113793455139
0.094220992976599818
0.11172530845706256
0.1145785382600167
-0.14879314750946362
0.46268505206431287
-0.020999817617037477
-0.23236462134626773
0.43823522363885442
-0.43979494460220786
-0.48257613955937356
-0.039843946260262629
-0.14184195284421877
0.19062069262178175
0.40442485600032041
0.15173198159261966
0.10246167943081104
0.61954728775484702
-0.1821065961817892
0.23381541941369427
0.1251775337167356
-0.31740783572999237
-0.3302905246076106
-0.022938078713789424
-0.54304118185901329
-0.43992871913719112
0.28950415928506895
-0.14888438232490511
-0.22175831613277142
0.11567307581050182
0.28199295903317845
-0.20324178945802621
-0.020428562842645021
-0.25180840929381304
0.19175649241290862
0.4197312604906801
-0.2142072887129205
-0.10343964317301819
-0.14371558387592007
0.24421629344046492
0.25817543695308048
0.25132192105035328
0.33699254481422297
0.28267044971206801
-0.26309733362912702
0.14421029183240194
-0.27089966973269142
-0.047328382990851209
-0.31858122450192972
0.29569476914750037
-0.064951886032861172
0.42461975800515711
-0.57342956106322196
-0.20534968456386601
-0.11453169371577898
0.16310813705907437
0.037255162239923936
0.082019120053564182
-0.38559132839588567
0.014127618305054431
-0.0095087311554104392
-0.031034848464380562
0.12203696819060282
-0.010785885401573558
-0.25013542311601022
-0.068234293658123529
-0.42002772241699832
0.027099000979993796
-0.41685631092699094
0.091774598964698653
0.10072256527996863
-0.094603583928186838
0.28578603311440837
-0.34110057640361885
0.322864333238014
-0.01889962189390005
-0.21516995650334972
-0.21943617089046769
0.23844364449686931
0.060755680885613332
0.11524428424788447
-0.044265816560430035
-0.36562353164263411
0.34709710305851843
0.25910839479884723
-0.27532521816220651
0.599852533307071
-0.38050917843375726
0.37113535842570666
-0.031220864620073823
0.11814251083206793
-0.21236717451552847
-0.32255913786045165
-0.19178204452050771
0.15262711545020985
0.16999397913823522
0.026552713773709328
-0.0060874980563835768
-0.26092504447857612
-0.46053428499846466
0.067319755888021721
-0.13113311514783671
-0.46661942737921042
-0.0092039012668726043
0.30678204932862224
-0.14177042035788259
0.11413765068019181
0.23818334349373854
-0.043560307213702382
0.23669091991692401
-0.14234339143110766
0.033095921101695173
-0.12842359133691064
-0.18041408909653714
-0.22534034037776612
-0.3877067558820147
0.6767721333716622
-0.16555088226279185
-0.29027822966809136
-0.055422693758461192
0.41215996745530808
0.30588415017985993
-0.27212712917386023
0.18070307468352226
0.061026633756542742
0.1742078948108301
-0.18544916806054826
-0.064057889607939483
0.22647523121909985
0.057945919547368774
-0.2570668237220009
-0.24332718106495141
-0.0055375684560854087
0.21846642247927556
0.40644735800341497
-0.13158722153360444
-0.13621771574045305
-0.23922331033407315
0.089625680360912313
0.052129069912749584
-0.16708377777235073
0.5140327995765821
-0.25737679985231421
-0.013869169005679754
0.15978078450700919
-0.045515212285047464
0.63149579728851279
-0.18896891607384173
