0.052727705801792292
0.27361034083997837
0.19751303140534462
-0.47241851728109113
0.059804992933056557
-0.10369445111339518
-0.15237317610445225
-0.062513869918253681
-0.15441818046186151
0.50655856908444363
-0.12838340889268934
0.48579032529703753
0.041997570100930796
0.32734387559807981
-0.11771687464845504
0.19212927221920095
0.038396510822966669
0.36697042549178871
0.092471403752690876
-0.0023021772038672693
0.077173731865593537
-0.12503146233448717
-0.40180963186062996
-0.0092139997702719682
0.10788872307389259
-0.12031612790583172
-0.18237050333070431
0.64338166749698833
0.35708364437906748
-0.061510473611161839
-0.05719889749844554
-0.39365299926937647
-0.14961535188010236
-0.23055935772616379
0.28881425913383457
-0.036591820083295062
-0.71424038792417244
0.44362345267598097
0.051157829011200716
-0.24623077063594842
-0.053910073918394454
-0.12083624952076659
-0.11707772949066823
-0.072920390245744329
0.14702726905967675
0.12132514284211857
-0.541960040043312
0.06865736930449641
-0.28921140237386156
-0.27832849502529367
-0.16723971777656968
0.057184318541584039
0.14885236080673392
0.24857885688274808
-0.29125888364899749
-0.05771348327738917
0.040765422352202381
-0.14634098076818008
-0.415843937146264
0.35715200408152081
-0.086044300659082501
0.6025082556666157
-0.087534773648553832
-0.1000025388972738
0.092626754991979726
0.55169183646109321
-0.66301541859815516
0.42652265886230784
-0.14972054259500969
-0.020438997211428545
0.43240633612854701
-0.44361775266470121
-0.12290404254919352
-0.1897785066605325
0.14675312689990586
-0.0051110103143259351
0.15465801721229852
-0.064191195878080073
-0.077237929841447006
-0.10809657213684555
-0.32909472817759966
0.022409551690783874
0.05822678167218967
-0.36892405960111946
-0.26368390550056303
-0.040049304937097435
-0.0063243908932685512
-0.477575924761103
-0.11768423519754379
0.092655356143226786
0.33147469022177739
-0.009101041861470963
0.11869023266920962
-0.66687342695135488
0.032338239887959683
-0.23307283223128761
0.48785742076254129
-0.30196069221195099
-0.069707523963129167
0.38804685133602107
0.26756551496509551
-0.43456280087519761
0.034942466666060518
0.42457771738131961
0.36901173517025088
-0.19541782303725497
-0.55174127474830037
0.044815310713219599
0.27422864870898284
0.24731805051285133
0.12880683071555357
-0.12509078076275881
0.16497318400423702
0.47856857581227707
0.14851673637502738
0.21426860557381103
-0.033104698397507008
0.36124565977673651
-0.18221930478997911
-0.37859503455061527
0.51225742478705738
0.37968157349246495
0.4023564716115996
0.27107468898102288
-0.0047281292962598675
0.0020588916700444546
-0.12490187243867984
0.27471170447260873
-0.18891153851198722
0.042608296082594997
0.15886059059831914
-0.29357165906370225
-0.13075618504512884
0.21745043758040355
-0.077501928645548529
0.54967721804263103
0.18655006634659946
0.22083966932285198
-0.078945580667594467
0.23598492804480853
-0.02473997469200323
0.22387366002573589
0.013718175783843864
0.080389639740534702
-0.010489523511137806
0.022021673885729176
-0.097784100540601215
-0.11708573955002635
0.32107607188635073
0.083934422666425798
0.14379060920774961
-0.17224820685916825
-0.25187085326499492
-0.034653908968052614
-0.20059684689245177
0.0055716067137564175
0.011758388817105185
0.18656459821767574
-0.018165530156873291
-0.23964512508559552
-0.22900072424630341
-0.071704788847505876
0.062428481554709134
0.30247588951359505
-0.0053754561394708583
-0.15904197230230532
0.21172207588574835
0.022703848593173391
-0.062122688314039005
-0.27680155825303532
-0.72991001897315455
0.05331599778567174
-0.43283047856917478
0.16485062743706086
0.62766211563436258
0.32589993413132989
-0.044441057893757463
-0.082581194720158069
0.023908770134781116
0.10646315030670304
-0.43072723104414223
0.012359319488479178
-0.020849384877716145
0.26223842829582161
-0.090665384568508242
-0.26951449407924566
0.010676604732359497
-0.11112946973851562
0.17449560060275443
0.17673784735043985
0.30214020685891346
0.083986108564499798
0.18851566522086544
0.21058696234776103
-0.050575006741000031
0.093279431320290637
0.099036576676763799
-0.14385967794643986
0.84579310895105908
-0.30793891401807166
-0.25148608050447741
0.085969364702720402
0.22812550582174132
-0.075833150284075196
-0.17876515179442787
-0.096805968771727174
-0.069429301540481353
-0.27080836992198631
0.31494035531509085
-0.25427837413400051
-0.30253635861758604
-0.019405569887885953
0.43708463614787246
-0.14788506614964117
0.037832881445970523
0.099068186249470155
0.28330359670713112
0.11706449155465024
-0.15324462995362029
-0.094841186721864493
-0.10901281699341284
0.10762573169997042
0.18858598349879799
0.12643920096708719
0.33745570780387529
-0.041443931873959387
0.21671928916450378
0.2685936624311171
0.19653294847779693
-0.0034877421067566264
-0.47330410753959518
0.19574667671098264
-0.096260921032541386
-0.10825439677013464
-0.10003247332974255
-0.4469341807392111
0.21554387810369915
-0.17360295675445461
-0.21952215102226483
-0.21821255169181325
-0.15179378579042957
-0.048904048140638777
0.53985558615000062
-0.094523465427017547
0.034978857480987662
0.040277715781286916
-0.15349860546470173
0.031177970441521641
-0.27996541188307938
-0.031385542921430129
-0.16218485920721279
-0.00032791882755405156
-0.22329604478467155
-0.43662317010768348
0.21109072837641976
-0.12129800914472208
0.33726267781513819
0.60900831496058083
-0.40798340493796564
0.057623275814580849
-0.080364578629336478
0.071607672254969251
0.2084980811997032
0.47382652043165702
0.38925633670211862
0.41314437485045158
0.42806037206995745
0.05039591896877893
-0.26304921420792493
0.18148774077550373
0.53599513970938639
0.093351356735083157
-0.662607383679085
0.080151186439822331
0.28325038887993403
-0.1656909668761368
-0.083491054341103002
0.57657904193364951
-0.3977082836994954
-0.062888566704884741
-0.48442292477613191
0.17858405659820761
-0.026152899908710447
0.1879591730132274
-0.1088320573387155
0.58377608403657699
0.22407044072306767
0.35420095797633971
-0.31863635103065802
-0.043962113176367459
0.1045315687098176
-0.46779696033181195
-0.2726512265790188
-0.15328973237419394
-0.19334229212902973
0.38212825492520319
0.35264795225201884
0.46517045496002435
0.22823628984680136
0.23824585714360441
0.095096890305451418
0.24213288434856375
0.0070142286680296064
-0.064212973477766416
0.23655434575032699
-0.66127842181258589
0.52016126701715304
-0.065064610107642792
-0.3627945901069034
0.43191516875753549
0.46405486882267905
0.23686239402363002
0.22656698127706815
0.099967846414604183
-0.30669070695369455
-0.008574840839912853
0.72459648603764371
0.31327462185623606
-0.18712021748200591
0.020120356728921821
0.44654858348584103
0.12147939271820754
-0.40055872296635153
0.2639855122986951
0.4106285534940155
-0.28339053086223437
-0.045687653720347485
-0.30867108321399628
0.11797176141221077
0.21661255384211234
0.013812948817029323
-0.045702738494581577
-0.11307324788677581
-0.17076982439687488
0.34336405673714626
0.30469027328359627
-0.021348711080717526
-0.31292935935893612
0.28318354443403615
0.3631691667368091
-0.038243929630843665
0.058075173588526541
-0.0053453803256599862
-0.36971320151705656
-0.26910773153142853
0.10728237666452829
-0.42175275493503422
-0.26350977875203063
0.21514378441769536
0.32751499544919532
-0.19480693684148567
