0.31245772555424972
-0.22072168673780032
0.77868012794043229
0.43217572389382647
-0.074445676463792451
-0.069227407419639814
-0.47643534673242433
-0.18107836643386524
-0.27904430486887244
0.34954978609863518
-0.044286812297409543
-0.8644399191738269
0.53691422112011944
0.061915946400171569
-0.2980113013284903
-0.23092173415068637
0.49787159406858483
-0.33142031092340923
-0.36403408347570843
0.42316901089424419
-0.22540325189830226
0.18816467519549435
0.59132717024761228
-0.56165580181808639
0.012537565842048397
-0.083252516448073216
0.38092208162890778
0.58918117777647749
-0.31756829335129888
-0.11926326215930315
-0.29156340102246636
0.56967563174139946
-0.07254445732940229
0.90815508968337733
0.14420973493603906
-0.15188321346120642
0.16916706840410708
0.77766274036272676
0.31152598734975018
0.038783060800527465
0.25480333367192792
-0.13256649529720027
-0.028583306728828681
-0.34544457525407746
-0.49419422258925316
0.55186987011609667
0.30278774563867084
-0.20957635742576333
-0.55706195455235064
-0.19619868421437922
-0.35515665008089636
0.64931450002396385
-0.21591422135103178
0.011501011098105878
0.35714865006426777
-0.1540160447723796
-0.21598682668711183
0.063318279211916517
0.217769795162952
0.19726228315562638
-0.13425965134040188
0.39183773840118125
0.29181276107758519
0.23391991015412247
0.56566048198618801
-0.33658726598851479
0.070621685119684516
-0.10372508818557079
0.22905494568684168
-0.59144675382833767
0.014379333098483733
0.32152640255609605
-0.30940882156209992
-0.52528390338337827
0.013463830625764187
-0.49134197267980367
0.030564408361616013
-0.35063391357257639
0.51595999511539581
0.095874788334112018
-0.24154438644032442
-0.098388880235532522
0.093188417107303634
0.64307384308322335
-0.5419405832197427
-0.49129883163619648
0.11621206508235267
0.37559631770913915
0.79712896662859745
-0.10259075733019729
0.0097417727921091605
0.39663486535813369
0.34537687637945202
-0.26478383902841024
0.02460175174220321
0.39753068361986843
-0.19135766467748125
-0.52358510180927309
-0.20926088453032698
0.11493438958837625
-0.071642885153698738
-0.16083383590697903
-0.16454803598176923
0.17297858914215467
-0.031918526625918535
0.50636347694567352
0.16236471644947553
0.07503010611370875
0.060849395097937888
0.58230647384390433
0.11038023033602429
0.34310249238140639
-0.31636483281163369
-0.24561245081378083
-0.13074921838433737
0.054880355724497148
-0.32457259784992276
-0.18892421781675806
0.2414320834455454
0.17336992114940986
