0.34236621344596502
0.4267256610498889
0.15296137658440359
0.45117525832794664
-0.49782949500467066
-0.1239093619491453
0.49100958017395807
-0.32973303369700946
0.7489496836242846
-0.37807336552848431
0.78422213256473239
-0.73618154521286372
-0.33662369864239455
0.13838013308772074
-0.50876676606325444
0.26786416480165404
-0.7547100473020466
-0.63531048865401818
-0.55487498237038202
-0.21470767850729972
-0.03626292789998873
0.67784408503237148
0.49266230223116464
-0.7715825139318232
-0.26282935171720645
0.77572189836176964
-0.37755596093952032
0.31214144215298584
