-0.11885186626215015
0.49411781530743404
0.13541064985801951
-0.048952984190673468
0.15811561100125182
-0.43399490403784913
-0.18420227583773735
-0.50860472900054798
0.393702046285554
-0.12421996044742087
-0.10350814611610769
0.00070778431575777316
-0.47467727963122053
0.35849033794473861
-0.13056377847488254
-0.34006209604164328
-0.37783603831472784
0.28327128214857927
0.30635647373246405
0.028840259715166499
0.1195039955061208
-0.54714208087545591
-0.49340102177058831
0.41397010350139324
-0.43295364421486449
0.58209224155712325
-0.19543764837574865
-0.0017365991742089044
-0.055518363823466574
0.51011512920611524
0.10854873978939651
0.042411728014045337
0.32924471327712024
0.065563026974216579
0.39678947219665667
0.69131039899464464
0.13549125727988776
0.19495235940768837
-0.0821620410028506
0.42311521904974492
0.068117656798043838
-0.76937637532757308
0.17598716029461231
0.19163834319085349
-0.36388678063248586
0.59203502371923966
0.03749490610867711
-0.40975296998947375
-0.12822384054384614
0.06855560617580532
0.46237198541807978
0.32559887211564814
-0.044088732572851612
0.13523420067803643
-0.15108955505004512
0.26151120667488742
0.23204555638350083
-0.12365382682394675
-0.56801499489599339
-0.019093613174060241
-0.049769415427343658
-0.19301123557102412
0.46704743444773145
0.15366075585149533
0.084917942454804746
-0.15141265691078887
-0.022157999843273841
0.38159982296949219
0.17890578460949988
0.46371364379997293
-0.16235959899196584
0.20028714237385256
0.39602054383445479
0.028849093929772973
-0.051252614964123235
0.084526676861851599
-0.69544571342664485
0.3974101059760724
-0.48956192468247955
-0.06183215801092317
0.27284627004956696
-0.0018619968271709701
0.051101878148611279
0.58210508854138854
-0.38532563311308615
-0.20075992525610581
0.29323487067500847
0.093983542553184946
-0.063684731729698019
0.077363371783268423
0.69371498100776474
-0.19790813554419426
0.36201427161425342
-0.050836273390599436
-0.11035015817022427
0.41037948923341361
0.42081041074424091
-0.14862522727127744
-0.062222588612318462
0.068616181454168979
-0.25541262275062537
0.16684981925217013
0.13849773936891691
-0.19598910500798478
0.42432419219636419
0.41227057213864976
0.019999269505553762
-0.27650613337531782
0.10795894426789077
-0.50738336441491272
0.26831777080431013
-0.2832880235813921
-0.72032057216623002
-0.31295731291680562
0.28373145104960118
0.1245778937042345
-0.37282987447624355
-0.24891196252002229
-0.4601631168243871
0.0912585028498821
-0.019754066944086632
-0.072082557077755724
-0.32491470333418154
-0.33467571246740591
0.1117959391870421
0.40589072941649951
0.11032922745403134
0.50618877646445426
-0.055651494624677285
0.038773615921050678
-0.52786420299972647
0.17103632180384873
-0.061291783179479954
0.10999069171752633
0.029490935357959616
0.27402570279954019
-0.21165974323969719
-0.2436403312094905
-0.76259214730262548
0.17652222735221368
0.49479802603021333
0.28502182287368433
-0.19523351240484901
-0.18852749473270675
0.29903803559551345
-0.39482758969917775
0.085137640739102835
0.40740404080816389
-0.44099667231864903
-0.33642360933166449
-0.22566154625471982
0.71842580151039126
-0.33151732398273515
-0.062267603453355476
0.10720147966763956
-0.25483500522896124
0.21009551368450177
0.24936910341508881
-0.15754786863256232
-0.4522571663106435
-0.6041654907592795
-0.23439095575144719
-0.090056808308464575
0.32134685061811274
-0.18386552838748788
-0.13554173917842499
-0.11873138492528193
-0.029310703056428963
-0.02737180778608013
-0.13106958805071331
-0.19059321490876394
-0.0053240738999807344
-0.16767532124246026
0.2620516324922727
-0.32195667313047094
0.092136780611355343
-0.065813894368108181
0.23737473989642358
-0.19183944121306079
-0.17499260588634549
-0.1442801231718453
-0.27102370080954363
-0.30225149960458253
0.041897305839711171
0.0044191546946914708
-0.030469810321694504
-0.095596585975205803
0.18268874540424915
0.084555658161675373
-0.50347491339740447
-0.60987157322768315
-0.31676612691891465
0.04148356974926843
0.14722596530056534
0.14490444016424553
0.22774343235704914
-0.26410363032321527
-0.48448670841140634
-0.021024657153279943
-0.10180881361853605
0.46371198397224617
-0.18750637490662261
-0.17744247666009663
-0.054001799449677972
0.30664812553452153
0.28369447880796145
0.71239210831429778
0.43888215062165753
-0.40916937045785368
-0.31559962976590694
