-0.14122916164907751
-0.52121506505066917
-0.20695723016311884
0.43294137987863857
0.1240864146626388
0.11105379041145559
0.5100742767743075
-0.22282642773366187
0.11657052821719215
-0.23070255082794125
-0.17359034110164548
-0.11063686567936823
-0.11403962096533755
-0.12449483569684018
-0.044138717597811898
-0.055421385601822311
-0.38492729704462325
-0.36770991094503724
0.088984450127669701
0.16690195389951509
-0.32967574202401717
0.25136990293240224
0.35231537178243472
0.076566105062960702
-0.0023583485907924737
0.53287773088084689
-0.85242832832276694
0.13708736855412892
-0.31663042869048719
0.19670074053787728
0.24688687135238507
0.486710443029572
0.57589633877036983
0.5710219683201635
0.48213916531061468
0.52298743140650739
0.16187595903665583
0.82720645625625788
-0.59005036282668111
-0.20891889153216861
-0.039825123189920389
-0.24597084008883247
-0.54661928822821515
-0.31252070107031515
-0.20872361727303795
-0.33446432652442687
-0.33480876956900529
0.11597276675153524
0.31359878470054381
-0.1686309635481674
-0.26285539396711194
0.50878231629246606
0.14624336232826562
-0.0096961444545285748
-0.53057913538176338
0.9447635746705626
0.79849137767655376
0.17572521002513469
0.13004038767256676
0.031543595812649004
-0.39953774312956553
0.19398061349414208
0.41759040734835556
-0.72732820540285748
-0.35356486662427672
-0.42783111807297192
0.45754823258015881
0.16320196427267494
-0.08128628557131011
0.22624800900798261
0.25347938637232126
-0.23921147056482644
0.34945597369791787
0.033873635489288595
0.12398446802354358
0.27020713922874084
-0.10379370741541806
0.39424322300127917
0.042556568481346549
-0.19391844908339653
0.092826749800636169
-0.29886472403226527
-0.23880231329613971
-0.17197440351866722
-0.28816881758478158
0.12504601342879598
0.54747916188364221
0.024746891317957136
0.1663412877972488
-0.75526914919525601
0.013395595228179532
0.2579146525888274
-0.24903541498598242
0.049883167229207798
0.37792734428303365
0.83263959315481983
0.6235964607031288
0.55833577962636138
-0.22548570986638922
-0.12060013224937992
0.26964345889155877
-0.6019770777532617
-0.072126032804202114
-0.41082245296845371
-0.056642747815780846
