0.34601477253001373
0.46752780015529172
-0.43811978475231672
-0.055041679384360442
-0.038399952669146441
-0.064730879836493935
0.34204281821679033
-0.53300683685083428
-0.33111178193179236
-0.13012912785297351
0.64164896635939339
0.00063550524198470275
-0.031506382111207328
-0.28709438291582368
0.04431826553834458
-0.47282961657401906
-0.32227734299160121
0.31444925163393556
0.37338433738850002
-0.68839538807635903
0.11286945952298755
0.2431814853568105
-0.51618943450100585
0.43303518718796336
-0.2813412517237775
-0.28157036369905158
-0.098390584960691058
0.023541011976661894
0.034822210959204007
-0.031761649546685207
-0.051627314152879307
0.12619932395538014
-0.10281440791270899
0.059023267136266974
0.13215836147445328
-0.14493363790449532
-0.25107304174576339
-0.25190772467409134
-0.095478245243414153
-0.21585416014563538
0.073217744512345362
-0.40600231492575667
0.080246708704605749
0.13820779751226103
0.35470607510434321
0.29580043640317105
0.14591132852972111
-0.024468048038648212
0.13193004720123283
0.3899640718329937
0.31302803704071192
0.03056927978773424
0.23160067596084297
0.45322485722971051
0.21283103109517454
-0.206057363556121
0.18014034723938196
0.75160045055576674
0.1859785910758433
0.51312709568067372
0.11362696669194117
-0.028289271945162876
0.23097163604703896
-0.2803448477353373
0.21622810358775724
0.02716634204081473
-0.40600919976821481
-0.13197973474441285
0.1262214365762741
-0.079029095161356269
0.1177640198990975
0.2490780540627561
0.17202394820735603
0.28995698982033685
-0.34618267021628019
0.05668657689209957
-0.24380093533257471
-0.37503117677966707
-0.15404046655640216
-0.16041085121290186
0.19466395064233089
-0.01342794488874575
0.24075689018530136
-0.048851826110395145
0.35880891061909165
-0.28184876035602618
-0.50939682953434096
0.30095615406730608
0.701392088237487
0.22897217177008111
-0.10381669796624537
-0.058020509399417483
0.33779529173217937
-0.18733534312837383
0.12311342440131889
-0.53553990152573583
-0.0091214345674376987
0.33349582122352539
-0.36752396518078428
-0.12933242436697828
0.65659468285008948
-0.62103121383748749
-0.33989023744338964
0.58749809942450637
0.014222127823096157
0.47966674919283975
-0.40904303489847493
0.11129585207776563
0.59176171302605796
-0.10752974301606293
-0.3036764371692619
0.0086273950044039299
-0.29797704515351803
-0.66934660746168828
-0.1983131470987651
0.0035306582819226101
0.014438628750822169
0.25174362156524094
-0.01966018519919048
-0.0083609369315968633
0.063644562235277036
-0.18375562744166668
-0.24094673959778767
-0.10857632272832016
-0.037598387660027578
-0.70949760042155319
0.11105217998711697
0.11338544053154313
-0.24596328753732549
-0.067479221840974837
0.38318185932117343
-0.063676664978397746
0.22984294544253861
-0.27954722651417718
-0.018507247859683631
0.11047937664100629
-0.080435468274650562
0.22982647143154078
-0.15407618255829122
0.39859704053077544
0.39563665687162047
-0.36722492688520059
0.19044594551367372
-0.10456966834740551
-0.063944569988088229
-0.0075878698210102586
0.025267315657197011
-0.43391579768863531
-0.30661638486996723
0.05938351475488076
0.11114098462103772
0.16707494207476942
-0.11585415182103928
0.16036585590502972
0.28576788399832365
-0.76099159682610362
0.10046513133099426
0.11648233196645261
-0.33867525040149904
-0.20369230930683574
-0.068455694376094833
-0.30342053635169008
0.070779491664590896
-0.3094809293815638
0.26266892397906205
0.22952723352844628
0.60716434641637196
-0.15661563028052619
0.66098167388950169
0.7467174943156244
-0.20941093309098141
0.078850772207372813
0.33515976185824442
0.27080739971312423
-0.65536008017124003
-0.3179471434856822
-0.09992305074569631
-0.355905268951903
0.43103396015385631
-0.22855735426707577
-0.11621171457914573
-0.13421547777521894
-0.39345468165248076
-0.44400731553926848
-0.47823037621716336
0.36613498503707442
-0.047458561271339759
-0.059465110236178356
0.17549761929867697
-0.19518055909560669
0.47815927397528274
0.62373365206455156
0.071774427162970569
0.72443100557526996
-0.1845836657901733
-0.1854150642062205
0.36327281232550301
0.27321314002815528
-0.12766560573429017
-0.10504420768090096
-0.12622139066008137
-0.044475182308548418
-0.096874249816272351
-0.092117235106966622
0.036153808571745216
-0.15318098921099443
-0.67730504036995121
-0.54972886115245123
-0.28078203775185262
-0.16407700117780194
