0.0099034534704084843
0.62864274588665625
-0.045992874364537278
-0.3615200147655428
-0.22619935902807106
0.21667051508373183
0.085809986986836673
-0.023775260532458455
-0.5936891614702392
-0.06270937520855277
-0.13737534355862752
-0.32616473907327642
-0.33260609866452934
0.0042221455198771587
0.34640117686565475
-0.42288902526803701
-0.12464696941773042
-0.025777845722338818
-0.09033933419468923
-0.038671177268845731
-0.83847870681801384
-0.13557658349167998
0.054441870160969692
-0.38584052354915355
-0.38005116625193619
-0.45091150592768686
-0.0063340312550847775
0.23234723585876635
0.017577744559753989
-0.45511682199510145
0.085995751771440934
0.19497987588343449
-0.03436300069692283
-0.11027555849109166
-0.15732991088752851
0.38883527275738566
-0.16542073006664584
0.11833299524220744
-0.12009251288044433
-0.021832225467212599
0.0046093913456365853
-0.35044408481830197
0.25393266752997939
-0.30268548984353644
-0.37692938529236791
0.19439378260575646
-0.49244028523874805
0.073418012157101739
-0.36398004725530536
0.34879542297559596
-0.30880181684763691
-0.088058838986416407
-0.44347835668202101
0.14407492503040614
-0.34847465283895807
-0.09812250745900189
-0.07440792599932633
-0.11345346012519929
0.21543691229466896
-0.16520327727418743
0.79318662535538265
-0.42914065215046215
0.15425783989490066
-0.56649605618516086
-0.13557711643092946
-0.17175763965653534
0.14695276166815688
-0.73056458280968539
-0.57630209188200598
0.13785343167405059
-0.30663322940212784
0.15193437628935183
0.066345079995065184
-0.27506060620315509
-0.45617928102634714
-0.80437404188458528
-0.38880516887661998
-0.054238440401156114
0.006750571535277485
0.17742596538791686
-0.010097939221919103
-0.49497587888667427
-0.1684531717273299
0.17844841115336252
-0.23675338052739814
-0.29363995111069757
0.13883721950825853
0.011725612214345218
0.51557843987038221
0.38777722715829394
-0.2365604449538789
0.28367550230662303
0.16988003967573106
0.31817298688876683
0.12999711664496547
-0.22687115729892679
-0.31508239854283571
0.12347430922419915
0.47324937471906342
0.16577767837021562
-0.17621986455295094
-0.08216049180297641
0.24663468558105836
0.11619183732074767
-0.38954943745803178
-0.10113285051405152
-0.56243107419106375
-0.12519380786431328
-0.069350770337645001
-0.2040774182863235
-0.16215915072366699
-0.30937247840711213
0.72157779469324879
0.28685811768417263
0.11621470591780018
0.0091619628278741105
-0.10443200427692846
0.15832571599496018
-0.016487883743684026
-0.061132328716266539
-0.476326301750506
-0.34717616159909548
-0.16783923448567092
-0.044154699871547971
0.14214525566035494
0.23942720437653581
-0.50274508381847849
0.087596128242307308
-0.15824362767706346
-0.81281500932606965
-0.012895080343284571
0.19107533591793735
-0.2850134224160647
-0.12126242269459146
0.20374523495138436
-0.041429104798333991
0.15488304139646905
-0.26769143072824647
0.23330060342439607
-0.40177700359757285
0.19396795843372655
-0.14349164355139218
-0.03660395362207889
0.61399627493142617
0.30293772037417904
-0.0075442687153617445
-0.24867063945026965
-0.099035340907736594
-0.26030504047863323
0.02794024888187565
-0.50663595892954383
-0.56447915554732919
-0.1690752088435048
-0.067068196661856455
-0.21450479731521491
-0.53854148345598729
0.47724467172406343
-0.3040138300520755
0.19446069734857174
-0.10726857101710358
0.4724681565234054
0.19773493739766509
-0.38179308518533728
-0.9223023178662545
-0.017810509049282192
0.032725445347474152
-0.16979745451184594
-0.34477148560444132
-0.75033583802523862
-0.084347172815145019
0.31389274323200733
-0.20161713421850827
0.47524545810097357
0.22988593399366605
0.081224859595469948
-0.19480412446826015
-0.34851638998960183
-0.39382930784459436
-0.89992873134669782
-0.059063904931161489
-0.0083908536529553827
-0.1713385969544082
-0.11496077524568686
-0.19292380479722715
0.3501292303230702
0.26276714686317271
-0.16662298545211293
0.24199331880092359
-0.20221854348314702
0.073191112147020509
