0.013301173404361662
-0.061503523144379707
-0.063716328380977558
-0.1355796789731922
-0.035179084329662907
-0.4421827301041677
-0.042638056013244295
0.3113250452813352
0.0053326546047991856
-0.21906907382271293
-0.12795615736470795
0.043871869029303207
0.27972941471327423
0.49181601338684283
-0.1549902313700961
-0.13903659264116211
0.15687721468904112
0.61971785461276585
0.092437575766411331
-0.18189153801595881
0.040566454809549637
-0.1163346673258381
0.20078950952961383
0.42773369232235492
0.0018526081415347186
-0.33487864929005928
-0.0059916685524139387
0.3350587622975057
-0.15147501238199895
-0.32389285804708867
-0.30209316931514085
-0.098187984989244192
-0.16170228601131659
-0.23092960861002765
-0.31821630845261073
0.18261435873706783
-0.081205438354451084
-0.37397967722307035
-0.040931342878801666
-0.00076463890774670017
0.042674597119454143
0.072613810261300343
0.39831097807509791
0.49508620172142914
0.17179540484974279
0.029416674581376007
-0.084011645382263994
0.177863847346552
-0.46030019592909116
-0.23317585221276796
-0.58222452238765865
0.072171134925806388
0.22128866032485697
0.015510184973194995
-0.18934930606367828
-0.0028569043050319484
-0.54363435912410873
-0.16423092320141941
0.20500543510792904
0.14237655345364958
-0.36373325889622382
-0.23146933963975871
0.51884542932690925
-0.32904000091844005
0.16798489938476779
-0.33104047002278159
-0.13899116722383792
0.015936701124260037
-0.53723641632889096
0.1628707379289385
0.43230652345526038
-0.53167490899164793
0.32877022104557824
-0.093903756157040025
0.16290706544738257
0.28798037546264049
-0.23570933337456126
-0.0076285272839560153
0.50387023510113504
-0.13032391246602779
-0.16970453748613401
0.11765756388724137
-0.36370241924656183
-0.23755482899073568
-0.26740767216613243
-0.17056629647581642
0.68797917252995955
0.14836592609521512
-0.1547237973466116
-0.11682818110523138
0.085696573116821315
0.45030130990481909
0.10368667918739222
0.22832655949758002
0.366785833054879
-0.48887930568536514
-0.50363524538467119
-0.25541302071318339
0.3667852938417247
0.12905520472137977
0.010212502234081322
-0.025799076364792565
0.18166814504148238
0.23722232874177762
-0.20818507586759086
0.2483688444085258
0.069657150338847729
-0.4530155698115641
-0.016540211445431968
-0.14447683942066786
0.11051217625680343
-0.026986172591386422
-0.32050710223012013
-0.14745714493221473
0.042398834448721522
0.31004325926681459
-0.12648056972413688
-0.095358033477565052
0.21573892846460493
-0.11619324673543117
0.32139043363933428
0.48522317649846597
0.10750727727438146
-0.38837934927744394
-0.018147979367628301
-0.060706481709612542
0.18475682985837527
-0.14148837300837436
-0.030867280675498709
0.1873433921905284
0.033596913574673044
0.009229563425851621
0.14409568834065861
-0.43054486449069862
-0.43947816963444086
0.26108474484875743
0.018284873934363382
0.042050289824284742
0.35215834448147904
-0.13481105945213301
0.072097784180536154
0.26586847082143122
-0.18044288792419652
0.08889131388162351
-0.1482285371794009
0.11760075248092265
-0.067034410799579822
-0.56888318667438631
-0.32781444489840766
0.30177256230246918
0.38833916801583074
-0.33483905856214807
0.25957416853295329
-0.17232949222914221
0.34145558901850515
0.022898298371693493
-0.10522274820424145
-0.21060647861012138
0.013918082403943752
0.33607201321368568
0.10841995647840336
-0.014303716925691407
-0.03371529556997109
1.0632085055068015
0.076882153461185695
0.14105610218972162
0.62749288977746787
0.005444406065622312
0.11204115907931088
0.24545118790057471
0.029014228250323824
0.20257823949529596
0.20540801817505966
-0.0702371870697832
-0.064187237009887169
-0.065222494238186712
-0.0045024171189521111
0.038422926617303066
0.23200274736723123
0.49891833240088818
-0.31510293718090687
-0.32837701655454477
0.49730014685550794
-0.31368139889297619
0.40980317286503298
-0.22630241995109177
0.084262806967456985
0.6407013399317939
-0.029216056006778655
0.14739885785820703
0.083164386841111312
0.48364684698399707
0.22782820519674687
0.14966658684777781
-0.56190738814549368
0.16497782335805919
-0.20671398829464177
-0.10034073458031853
0.13985901797048686
-0.52351519669700564
-0.13255559507504588
-0.36525458619020923
0.13292758046222511
0.20346206676217168
-0.38577277099149709
-0.0096514170688346279
-0.0136857937574321
-0.10753674797609038
-0.3968304409324066
-0.095652649458189853
-0.23542792981609217
-0.11053499807078911
-0.27671942491147644
-0.50030897544842046
-0.42471136946253141
0.11358879940630763
0.27578153970549735
-0.22437594841888012
0.22856149451423644
0.084544433434279365
0.44169780782692475
-0.31201220167175153
0.035195789637571952
0.13606104016973194
-0.34282098294401997
-0.00017895319341613099
0.44693914676298491
-0.39926441851038869
-0.057806109200317986
0.56462663318969886
0.039009045396949105
0.60072276223069365
-0.19902081560906121
0.018872826301829935
-0.13809035692712618
0.46501040345008665
-0.13309826614719525
0.33294614737882644
0.33062678055606753
-0.089839077235641523
-0.4733173614357839
0.5890533062810821
0.14255929422358285
-0.058151930754764283
-0.44773426130637023
-0.4773453936644983
-0.4164257651401515
-0.48481771960517256
-0.05299580936426309
-0.13860004345394794
-0.20018716219149685
-0.34527627404326428
0.42469932741594768
-0.33544894768653688
-0.14478056179202245
-0.1266191012531557
0.41298813336619949
0.19587694826339738
0.54146855227191371
0.12406954928996691
0.13982336774165313
0.3315121523901533
-0.30522577394063827
-0.15943261184338356
0.045820400493246677
-0.31135588348470511
-0.07864913397056314
-0.20824863808491853
-0.25252093937154457
-0.35714172977982084
-0.2235637023616692
-0.56168468849455599
-0.0046856947220256405
0.23270328638687815
0.1985346544846531
-0.16826275344547201
-0.024096124699051272
0.27337805920520813
-0.26041754141002216
-0.39633061021720611
0.079896663092746553
-0.15099044390256147
-0.018451752568789243
0.21309999627801138
-0.0086829781813821377
0.49015338309588741
-0.1081986519585507
-0.11575890049075643
-0.077875513672367433
-0.01433393089989206
-0.56145267239466157
0.078738194075493401
0.36805926812918416
-0.14033644028603154
-0.04876447325988597
0.051670886588266796
0.12731857620276055
-0.3952281219640264
-0.31953755972048992
-0.6051903731073478
