-0.33987297259600929
-0.0047861482566781176
-0.21680899721969951
-0.47959371096397679
-0.23448717591191218
-0.20596474026745251
-0.53829061457212291
0.27085201561234179
0.25163499076530044
0.082496090925771787
0.13423525436180489
0.15984938576242549
-0.46928668499553372
-0.22107432349427647
-0.074534841895476142
0.32168818784103176
0.17201343466598693
-0.24714912496830047
-0.03701558312164116
-0.16582362839456352
0.048218818060602645
0.17898224007818186
-0.084375864324745073
-0.7581617446696588
-0.23857682962642232
-0.13298546603615169
0.056683794929483625
-0.31665739640875828
-0.10331463463104235
0.044992042002389397
0.2868416272982241
0.036324735159099501
0.025975923858458417
-0.13403170113171722
-0.1182853814647432
0.62592444900937827
-0.22742770882116087
0.16712872960514352
0.29606896560392004
0.20195083968292507
0.33833853463272029
0.24157739353317997
-0.14210050463620652
0.4963622928595659
0.3029659775204267
-0.11333029093690844
0.38875150095291161
-0.15614273478044788
-0.24164765428169191
0.058623023885767185
0.078782008977793083
0.307353353758059
-0.25035975936931665
0.26236454461639536
-0.21096404395003088
0.2080370137906046
-0.48973287946371385
-0.15306658646205104
0.27033966248021229
-0.33552691636642129
0.18573206842074258
0.031997236777982066
0.29406073618032602
-0.34233752227895825
0.2063505196558405
-0.050008584637414928
0.14406335190159694
0.15759462903611987
-0.048588081111520513
0.08669314457045138
-0.12448385412479175
-0.34190341110516881
0.32878301046708275
-0.33669240854074062
-0.287101541761899
0.19186485437507556
0.10460472861674416
0.38977242924007083
0.14763946902451822
0.23128246648412334
0.30099141921624084
-0.023826482426939129
0.31189515762057929
-0.2067098133642038
-0.31463164460662252
-0.20112181026529857
0.47281667431739072
-0.25173692119315327
0.073056917601424826
-0.16958816197588708
-0.22340930115912
0.41797832253763284
0.17503754689880557
-0.2451587759230433
-0.29753949833504012
0.28056331763379683
0.23124055341157496
0.018557998233264903
-0.074462081209883013
0.041441319987552343
-0.059358790411335113
-0.46524594649892553
-0.15290953474987595
0.24992667597168419
0.41415711561637264
0.44335607324206133
-0.18200775966897309
0.042726614558657908
0.45862404536336859
0.13920101761510534
0.031594240664088988
0.14646029828159193
-0.10694775265395223
0.227546058329022
-0.29440289526582863
0.161856335327795
-0.14209364920567913
0.091690800178314213
0.025470508511176587
0.06636669910900718
0.15314503707183696
0.50599197588655465
0.082651901102523254
0.093069518931332251
-0.0491625926204972
-0.20211877487391092
-0.31096691691010947
-0.31780341331175138
-0.06816105680101199
-0.12260022586847587
0.42712363042083673
-0.030048750219766589
-0.45267391699554294
-0.38959878062738545
0.027490457785580822
-0.13669961352008586
0.29441680118112645
-0.098762826257642697
-0.20656572226097003
0.49968060148168492
-0.3035370636467809
0.089941171864500596
-0.28692798078755033
0.11415932771945604
-0.16174171747756028
0.17611990452826817
-0.15123101021847218
0.15232802530990452
-0.0088520587535776164
-0.036153093205305839
0.25375643839304346
0.34943881770958701
-0.0028580246651650032
-0.19615061391501876
-0.12051012081704035
-0.34662579306714963
-0.24083732604737157
-0.30956040618774938
-0.1419544881690461
0.54055745274046663
-0.1233782894317438
-0.23427737685312869
0.27696149961697447
-0.077865415458171078
0.36410568397074633
-0.063304600953218076
-0.12593125925239135
-0.15208372292858885
-0.63285309887956809
0.16479740963045153
-0.53277963442061627
0.45344312109588913
0.053779328384341067
0.085138862780360036
-0.51125879078677716
0.19239547991051559
0.047718770617407369
0.21173781437134911
0.023085925938230823
-0.20032160261794713
-0.48980063634918858
0.22805041945951315
-0.14431117308511565
-0.32055579883550434
-0.1049414998858364
0.092950308875325183
0.15361674284312407
0.050822549382063362
-0.056320546775177352
-0.31815681417722819
0.30341585935827209
-0.22558899871522775
0.069388979461652969
0.28201509288961896
-0.15158208491846922
-0.048448319410168215
0.17448851404372442
0.35375356146671172
-0.069953552255699117
0.56493778299746289
-0.52070333268173208
-0.78227470306701163
-0.19680807083868948
-0.045767028368269062
-0.49255839418243108
0.084677888736343174
0.088112162900514157
-0.13035494577668205
-0.21430056954786203
0.73877038230703906
-0.03512098183002043
-0.24895132416785176
0.14593347236132645
0.23681606839395836
-0.36990333317753271
0.010882366175296148
0.25162631343483
-0.23659191537303126
0.69160906368061403
0.066324350135756813
-0.064272199501582111
0.1761909549160314
0.085961940947523921
0.60686104111125017
0.073844409202090122
0.11666870839043703
0.47464402203921979
-0.28240127819271649
-0.11274783095706238
-0.019106514688445809
0.61652925323717478
0.13854550849169067
-0.44535979588859737
-0.20498794741284565
0.18541641626462224
-0.0071407054466287364
0.53049416741188749
-0.35489130730099172
-0.37146960170766524
0.029709639362308339
-0.13267043988749103
0.107351737447146
0.19941699581336284
0.13214526502627874
-0.31465156502880609
-0.30435655939262335
-0.038577810900467698
-0.27409960033123248
-0.22464932427076861
-0.52267956569681306
0.15184242073584592
-0.22465738136493746
-0.44089656046203002
0.14269353402149551
0.15401991214894806
-0.032935023886029084
-0.10693467231317708
-0.31376696221456341
0.35061797206825823
-0.08894297781438941
-0.12932259615564234
0.11174180752155861
-0.25868348980824657
-0.40403092882585778
-0.057323774909759879
0.064129387511362254
-0.090807812898143159
-0.071491513264557605
-0.11916309926229371
-0.23700401406810009
-0.047236209021942345
-0.069658503582764056
-0.092069111216737637
-0.055531248320053787
-0.068655001751796452
0.38384730710449938
-0.46170201488407164
-0.37237129809443548
-0.23485465020485907
-0.2254742667998475
0.47301374065895302
0.23777659486561178
0.15038817459727088
-0.49424217024483469
-0.54101064982244129
0.49678631870159257
0.07732734730424104
0.25461836706682228
-0.98420477025892705
-0.051245457843904683
-0.34448906238304555
-0.29452632883948432
0.25279953324474769
0.29839953746805969
0.63133086248812775
-0.058377945742742757
0.22292724279788062
0.45151543541339845
-0.047002856025650984
0.32377318869802962
0.25000267187005099
0.043807773422577932
0.54060038509083153
-0.08547466114534609
-0.1583676480618702
-0.046331658380250912
0.34522563313427046
-0.18353874119732497
0.069657243691798904
0.17889449063133681
0.14853132766003846
0.51113749400501629
-0.160279348245599
-0.20622027086025707
-0.12149616114481514
-0.095180341805468804
0.13402482552693923
-0.41535689678983834
0.03813161307177023
-0.040747479558236072
0.087871494320509544
-0.34782406799336396
0.070010469465340452
-0.22956043210378491
-0.011359241367422585
