-0.18146592645178722
0.23835224587572534
0.77464809032393045
-0.39223062972464218
0.16390308376112095
0.16633380020393218
0.50693116997235121
0.90781198236150962
0.079485949978253853
-0.94840442053725493
-0.34242447165433992
-0.074459832716750773
-0.25104209604810807
-0.098912620758250261
0.39432148618774376
0.15089112016668238
0.47909528525604284
-0.10052565287166081
-0.035788433543235437
0.080514131502424591
-0.68174219198062591
0.11170656469489787
-0.5147241935932102
-0.038011766935791134
0.52689637424303837
0.38817146193080715
-0.23345923249087636
0.66418917712557779
0.23638128599926767
0.37943159357416117
0.77016002626512792
-0.31040039272436531
-0.42360245770769839
-0.38215222036991492
-0.085423500136006122
-0.22356810747850733
-0.27277209221387994
-0.90430950723869319
-0.47746186837455268
-0.38098132349518476
-0.29241490746953952
-0.028236581685437849
-0.29325373966552976
-1.0506406760869509
-0.1119008898570939
