0.27508298287389887
0.12969374128055675
-0.48325250129613312
0.69580937889890104
0.24661120769172076
-0.12459472324861241
0.41546608639424459
-0.03854266506931843
0.093534725300344748
-0.29738615083613429
0.46100973116795951
0.15278322406627742
0.41093933776054131
-0.5923976019491759
-0.020220553194503735
-0.064757241744020866
-0.044254932795872434
0.18863206589994327
-0.21276718109032747
-0.14060523959943294
-0.52538542071502703
-1.0238245864238034
-0.22251765421980796
0.13329893378618418
1.0754569180048046
0.32288950742794115
0.35328599703535746
0.74396668120097298
-0.3910208186232963
0.71748808127393626
0.25576816432135574
0.40001066361139875
-0.1548612761374612
-0.20095252640799541
-0.22744604602667362
-0.58774002506284051
-0.13638628630481542
0.46178022610009001
-0.45296982482202941
0.052181791117542758
0.26223100653917275
-0.037064176845143786
-0.57767539758886755
0.37619635859323924
0.079083261086942788
0.032481808427713428
-0.050116108818770572
-0.099293695402800919
-0.46404980678845037
-0.32832702605173958
-0.084836686401411732
-0.23136519767768218
0.66647979540668867
0.12592423898531188
-0.61184266949079325
-0.26602757307174496
-0.69195921297994023
-0.39839765997894572
-0.67136003169390202
-0.24825113494301915
-0.49610492057595934
0.16836756750570525
-0.17529374775668111
0.038792571700548915
-0.6505047417625488
-0.34701737243330749
