0.62347813052339029
-0.45416786917604601
-0.014172414175521515
0.51496367919281916
-0.60598403627027542
0.30914325361824385
0.032615612903917172
-0.47040010431152784
-0.6156958553795373
-0.41144488787295119
0.38509488598401515
-0.55805054895109241
-0.089068823510225381
-0.33278938196316971
0.17430183460330739
-0.23976043416882703
-0.28509021325145517
0.16157054857823946
0.19528210958950548
0.6346695526704299
-0.32135474342534437
0.13428587529141825
0.13627736244112848
0.41532895117125007
0.7437707934105996
0.065122877015274458
0.17908780848080216
0.33063696275073812
-0.26155401811108031
-0.23434874436776948
-0.29661049096402414
0.065706275796647326
-0.079714061387055141
-0.049156022476572241
0.22482420579503046
-0.26703344958586089
-0.4730086302989131
-0.36162907260899141
0.48842236368629871
-0.44035385788470555
0.069555850930177798
0.1018381279568176
0.29216656382603429
-0.080354646047712891
-0.023128244215624597
-0.54166283042924213
0.084231049144831302
-0.23981549882411726
0.65467144359880414
0.34235280732956197
-0.12329390895582386
0.10154756032947861
0.37122491849433942
-0.091941159065174929
-0.72198753187936848
-0.46812050631404695
0.10666219062635532
-0.13541008135121896
-0.46409584160119716
-0.15149778057943741
-0.47222527360474725
-0.029007378329505264
-0.53060581972556475
0.07048990726265815
-0.12430210195401602
0.052509045234284471
-0.42424382709297381
-0.13621975429181174
0.26096926683513405
-0.47728386844725795
0.086314643233308577
0.55391514352983917
0.50287768027977819
-0.0084073361319324143
0.30673964177336616
-0.15137334234575212
0.15360709048739166
0.19677314946812718
0.059614052302421977
0.25351369565092824
-0.29026119620870161
0.16447303936189145
0.0064792342607461386
0.044254601208249422
0.27391811887044198
-0.28115188527908347
-0.089085768509855806
-0.095427802836529893
-0.21863108600945474
-0.22858469662359265
0.24316519736177161
0.69084910669635147
0.12002690997740768
0.24748665347095614
-0.23426080325328935
0.19415188635681699
-0.19216615188751388
0.060745355441433495
0.046769044328059901
-0.24308489529600427
-0.30528256092446898
0.47929363447137141
0.54377792638534128
0.21028447821290114
0.22614289945078575
-0.22779133070264235
-0.51428136285332182
-0.1765879202095631
0.34080459476586022
0.1411953396609637
-0.010106100641645016
0.20355384411174474
0.26378408634535683
0.19685944181858819
0.38818443546503872
-0.31984239646007134
0.062047364282253194
0.26189785288238465
0.62262982995709837
0.027500930111658987
0.41155763732476514
0.44722605957913109
-0.29485875823318047
0.0057995143422267794
0.26150769242786798
-0.098351968831540793
0.23950753136789779
0.20468778389629885
-0.091037810257515464
-0.1475793698311953
0.10205990381596634
0.072340274883148148
0.35450222576080964
0.41074264094045893
-0.65772098493693576
-0.49799648000660468
0.087396368344085582
0.033165346065921197
0.036585246880113546
0.28908147056373029
-0.069147991048962992
0.69579814017449182
-0.40571800816630099
0.025145650897753259
0.39937127742457229
-0.3554099928450834
-0.039732514120580521
-0.16111884214141234
-0.16147565252928464
0.52606687754358261
0.13385781536161173
-0.22450351063054724
-0.5901574115413305
0.027185757426252045
-0.40793714179112162
0.048269556614567673
-0.67269205249771846
0.27766883297540967
0.094529792487516306
-0.50898071879700213
0.33827423737667006
-0.39136072469099487
-0.085541980183644437
0.3175895670737981
0.046931821983691023
-0.29626595235368952
-0.18574692940011325
-0.55638367032577074
-0.23181936720462215
-0.012813256397831711
0.0053713765969351035
