-0.75785276141090907
-0.48966846095357092
0.19739353566908821
-0.037081570446777984
0.41070964169169633
-0.11669218521845953
-0.62837607924133532
0.45345952897649261
0.0822316590461485
-0.29137084982628697
0.16477152440658402
-0.33534910210979324
-0.043495684601695297
-0.41552977402574159
0.16245429253762997
0.21445735288960782
-0.38073826833182345
-0.18045829617486045
0.53376622475234892
0.13198419428423294
0.027086153091156296
-0.11666936649689574
0.14286975854301512
-0.15180462390261037
-0.010729521045683803
0.52418152327775258
-0.12041604218180442
0.26671774094934436
0.11761449934791759
0.17707990622628395
-0.23106515826698346
-0.11597274695457242
0.28099445140374413
-0.23549875193952821
0.26468944979749121
0.1132920836341034
0.036619907098625462
-0.063649765384352838
0.44507451918966151
-0.24671374722015033
0.31890869591944876
-0.18236046197963243
0.080282172094482698
-0.324381408512043
-0.65593285947896951
-0.044694384234426003
0.26904510394928116
0.1220822457985643
-0.35882589437369189
0.35077934017591761
-0.18236130966760156
0.35166229216126038
-0.48795506432516306
-0.23879282360636225
-0.10934373337471798
0.012890925918986587
0.44477892320866114
-0.060212799300341381
0.0072786417692997452
-0.15321035337496067
-0.53896359539778937
-0.3658626637234465
0.3889905396659929
0.44574352922046401
-0.095135783391073411
-0.22982307190111712
-0.019007314221218659
-0.071396847104906472
-0.12545199542836488
0.2671917581794877
0.35891268563357176
0.23230786733508813
-0.13445710318231618
0.15278422147765022
0.16008529915246436
0.31230793434585613
0.076583870070851212
-0.032296909627145418
0.31060869441648725
-0.33010481118219032
0.83093228470024805
0.5033090275272607
-0.27164998346862534
0.39020508189528175
-0.15735772166667589
0.10236266567269242
0.027127346971385465
0.36722763381907403
0.017131161673040404
0.21684918971413145
-0.2710712456102996
-0.79620361506168202
0.1927524249060317
0.70489859164838053
-0.1525976499573557
-0.28943234764859566
0.22754685731271049
-0.029954241605825493
-0.42669320774073383
-0.13243642205291861
0.51461559590043693
0.5762519336185995
0.13164779214150013
0.46424585567585147
0.064655415529344812
-0.066556766923049918
0.34071595800212257
-0.072014146013448882
0.65240895067015403
0.93471076983843782
0.12488768148318197
0.30821242296495766
0.5193415507823288
-0.30689020740425843
-0.19767779801967345
0.13079407780780403
0.067638298208900952
0.38516196709361072
0.10740766695431969
0.41443600474810444
-0.31000395345458481
-0.56524536392904623
0.16200889824224904
-0.2081561200380406
-0.17608054612347832
0.11700463533480078
-0.42025038954640676
0.061557563234623712
-0.099030048077476035
-0.20547513141849538
-0.3125547591893329
0.57788594878672528
0.21682535541190778
-0.55161548158223372
-0.12427726259608561
-0.40497915014596142
0.56182871121060307
0.026193583630447197
0.22052465269370405
-0.66971201918314327
0.10739662235786987
-0.20765233513009512
0.44300231334318119
-0.20029160670722038
0.11861889878731634
-0.17606641479978569
-0.20963448435926488
0.039989842479231923
-0.4522782506108341
0.24094703405492157
-0.24153195523603468
-0.27343380664435879
-0.041044335823495703
0.20603855385885869
-0.48696603939557204
-0.67167712823491232
-0.23572959186789064
-0.2979831174074451
0.091263025442637646
0.14534320715453597
0.030483391904348005
-0.14169389994119794
0.26981833577174169
-0.24425276362911982
0.015196340742777058
-0.25034111182183932
0.2788670364513538
-0.3983855780607557
-0.44912134299068573
-0.18823766615333573
-0.41314308508968167
