0.19713775909322065
-0.022021439074804243
0.26036109869099811
0.18242503153710798
-0.07316117013428601
-0.23508101988351723
-0.33261513839938051
0.1081227894300069
0.48813830553194604
0.34461637864786837
0.31609238260319339
-0.83111764514418807
0.82583161048681697
0.23400156743680203
0.65438689990148735
-0.076427843960358025
0.12931567699052651
0.18098994748908759
-0.27361393392412903
0.44787477774123258
-0.56493592821037086
-0.64279526606133053
-0.48094173296580939
0.28732721075790357
-0.6362819872199782
-0.036577711921304587
-0.38074079766965985
-0.26947602803416965
0.47157959977726355
0.28392772757823309
0.044919568008276602
0.52929189047742564
0.3199067802953704
-0.48379017661377793
-0.99977714668602657
0.066688197813456265
-0.79521174398194583
0.16660828051432539
-0.90944747757527789
-0.4836741606286592
0.63047875134397047
0.021432993299989555
0.090649969921052689
0.13745046401320801
-0.097319193014746438
-0.21848532531815332
0.44161541590779346
0.0056423184240255173
0.31904316880853079
0.077771032900579337
-0.55225409652016832
0.56062606567881867
0.18006808569012844
-0.10500598923185182
0.51824465959736665
