0.24080544948083138
-0.48907830576160466
-0.67085931338057037
0.76755310824993395
-0.14897013537876233
0.3428284482054566
0.20247275309154639
0.31713313375761892
-0.10052641297607388
0.60115830699369255
-0.19453073600527312
0.48526938289334759
0.27034640612757194
-0.15496134396027283
-0.2037893934364248
0.31655435978499824
-0.40355397537620902
-0.49402968113396656
-0.13570046359216545
0.72519889550022254
0.51058632694663331
0.14759493721507611
0.55610919101066203
-0.1842270053326934
0.26476395831265348
-0.096553131755151636
0.2467556623213738
0.4652358080444316
-0.19597320819962583
-0.25383225474132892
0.030601374152008351
0.55490058837779455
-0.20247617781943542
0.025939332879423634
0.034100618886659433
0.37133772738076598
0.57205381365946795
-0.10341716387453198
0.25378746393486246
0.0092400495133483519
0.20926213979821676
-0.20909375196592558
0.18250738445709064
-0.3753328037885369
-0.70488468113200642
-0.37530927017662546
0.30491436159576657
-0.099908099082237939
0.18513398607492443
-0.16062104180370396
-0.072821507381313655
-0.34609670349122523
-0.28920626942430006
-0.28179795568488492
0.42664700856343885
0.11123043268630681
-0.56113985604364547
0.21259992707790454
-0.35751145657155586
0.14369431957933018
0.025725459720422637
-0.72354594939519512
-0.12715671550445712
-0.28347417305717038
-0.24759223516948459
-0.16203044425940577
-0.092979284332231904
-0.43041550457139705
0.33732105413362706
0.42876392133690611
-0.08853242518595307
0.45432877853927245
0.12138666323761337
0.016721784750610202
-0.1560632609906486
0.459078868228808
-0.019756085366058551
-0.3346264054865582
0.16695129206952047
-0.37772184149929122
0.18163678383412193
-0.0096364427458659977
0.38035834407516966
0.03251085214790627
-0.14112504684480714
0.47398230091288013
-0.26091661106769765
-0.13629983106297355
-0.038623195070911803
-0.44294987054622925
1.6916871194008825
