0.18519654412948383
-0.20925234329226988
-0.50988072911757121
0.10766852550430729
-0.33867260560870688
0.17968512276342433
0.070158815598917484
-0.030294332196981247
0.21924590080557801
0.37946170451683148
0.24907130836854532
0.011459725964861795
0.3156208340497027
-0.35829494575402487
-0.024288055148769486
-0.34247483848268084
-0.15697241677131246
-0.25456367160891125
0.26131048403515067
-0.11482559490300448
0.048360180340625732
-0.34251070355493191
0.2716486933679722
0.083105571950825616
0.053368321807936638
0.52783236590957283
-0.19658598130783608
-0.38593862088137437
-0.11801358334617726
0.16948033688317554
0.12151551856899416
0.11412226623233214
-0.40604759413657987
-0.045741824823059704
0.51480484818575623
0.055340438437371325
0.085993586263896499
0.28713334473055535
-0.20729543460668245
-0.14696009578282163
-0.3354778440940977
-0.38192933743752461
-0.18361540547327176
0.18313612005123184
0.30573655980311187
-0.10750611961022956
0.37609597818756674
-0.67124100720895896
-0.080407202319001989
0.2251606942770267
-0.0091996104620851987
0.072791291504730432
0.067585159069779049
0.13053356441701522
-0.089114984235063865
0.09718385939295654
-0.35560314397361092
-0.25400407423789018
0.15238079489489534
0.31369750180954048
-0.32176991342833805
0.0062169769913216046
-0.22137920364944522
-0.3052142426876297
0.093060437654263514
0.3723104299797913
0.088572523009936163
0.083662083301857398
0.078618397980483881
-0.38434495841236832
0.40498352284334821
0.040148950129275711
-0.0053578738891280732
0.39176894821266761
0.19945476334040196
-0.16405262565764236
0.26528212573746207
0.095088185046013921
-0.43194751458184844
0.07562245340671539
-0.0041469845208229068
-0.13131540367776176
0.4802596230657426
-0.26511689352374546
0.17653007820236452
0.26457481646240444
0.39638311623622302
0.27121618790902952
-0.045733543645912637
-0.11653495613382331
0.46223689959966408
-0.23002010058872319
-0.0076678841633553031
-0.37473784412476469
0.013111797154465206
0.63802124234592428
-0.44952386538681305
-0.17323262740308162
-0.35819752585505965
-0.18445832370879495
0.050392885792530949
-0.14390527910912598
0.095721457484823302
-0.016065917829069618
0.14418399397819659
-0.28868209689925789
0.052127040000379168
-0.2611725606284816
-0.033696419683496653
0.28526606383968378
-0.085404125822907115
-0.050311118258988201
-0.24842892396670105
-0.35815895348857635
0.012547398591020387
0.16858070121539495
0.018881986240591838
0.38356245461438288
0.1696590979667966
-0.053552222176151278
0.1814755647971788
0.11334248046898483
0.2122808283923554
-0.008812095952496957
0.28457121508554872
0.2668508004095595
-0.067342186837942464
0.16647334370386047
-0.27442201826292451
0.39330205672329493
0.040826362518011021
-0.39456307774413596
-0.035176719155639032
0.14616219561672253
0.39458031586592601
0.27183608907506768
-0.36726935548212791
-0.030965258756033832
0.40638513023595713
0.12460368324967649
-0.30983022296206891
-0.29212165472950374
-0.2896946223761549
-0.3412375009025736
-0.32437149083154243
0.21974935438702489
-0.33051233975542849
0.33695058365469183
0.23273174178201092
0.13560134064424129
-0.6218105717136756
0.32966485759806297
0.24735073061584567
0.34727091403632082
-0.18060056356338453
-0.12753715807478405
-0.38695684789952267
-0.27146845606689218
-0.019327628774063785
0.14828615222820513
-0.20615503653244766
0.03691258599499142
-0.34066140383831001
0.29414098871711042
-0.25369023544944952
-0.16795874005181244
0.11654262128896464
-0.13554276304756879
0.091929337683661294
-0.21352893017594846
-0.053944928985228756
-0.64215522375077339
0.16711491984405677
0.46128136398484415
0.014584580446155191
0.37515042396926468
-0.2375648256617128
0.16161306357949395
0.14029298721959546
0.063725794679196354
-0.12970944815021093
-0.071212254654963419
-0.20755023907787581
-0.20648370514540312
-0.077043306386279445
-0.11632722224920269
0.22926388426675515
-0.25704654334444726
0.29014675759808001
-0.2006548818800927
0.28677779161359912
0.0884969608255462
-0.18678539558827781
-0.087847711747641832
0.27013954503929788
-0.49023496689720841
-0.2535413139061955
-0.10957827253176693
0.388703177282271
0.14440348724012589
-0.50199804212479471
-0.086923971034865308
0.29809978164183049
0.33617232059018731
-0.4128614319079541
0.35560463628346495
0.43082076661450103
-0.10871384415707404
0.062168879400187019
-0.047483499751034941
-0.14102435894472051
-0.043670839976338853
-0.15594479385486151
-0.34613933793848806
0.53089312856358706
0.400627490223048
-0.011449292413398402
-0.38896023691241827
0.37376286733696018
0.25218709367119191
-0.025459157837534829
-0.32007699315603239
0.25361203748687661
-0.0074258764877803045
0.23180897012181292
0.32635659281896073
0.055605644297180998
0.29579022590272253
0.070786756642118573
-0.14292260265279635
0.53738934947225181
0.12044696321429536
0.29513726139351254
0.091370980134287183
-0.52031288777451257
0.13276217234641347
0.239734359647233
0.20037590176176315
0.23967866913776248
0.03207853048943745
0.60087916220129534
0.20013239253270401
0.28729559702020391
0.049272454308357687
0.3821626399091978
0.081248580256548519
0.24563166228052746
-0.17641695280818709
-0.041059403844671952
0.17128959580991543
0.13291320159209996
-0.28643554476438293
-0.21040986561035566
-0.20262390201422267
0.10265419774675626
0.39480088475350905
-0.47283930608244817
0.21363561056708863
0.16347099313104305
-0.31907058352679646
0.28712961339597165
0.66370603953516538
-0.27980386822596048
-0.23779961940954766
0.03760102063542918
-0.093871513268442341
-0.044521754146687936
-0.022429896983428798
0.13042809919710921
0.10120773342297788
-0.59869829672152675
-0.0045188224301921575
0.17940814180094833
0.10957278859319909
-0.61756475876091532
-0.37327779634689945
0.45922719087165892
-0.29083986214132496
0.28400214024304499
-0.062733461115688796
0.15811105284603463
-0.017358733938335084
0.090987603218828969
-0.097732577462769352
0.014871439310382116
0.46761924189747434
-0.21844025703917655
0.15901605172230904
0.19566030018481734
-0.0061719744257864454
-0.18782710255013163
-0.21256297933166682
0.17876295810229206
0.13031046505479718
-0.060793847505869678
-0.1630733534665389
0.0064781515931333173
-0.24929122469625986
0.10764808634847597
0.22441614641672847
0.17871812388684991
-0.25868943487147361
-0.090880432239559064
-0.11506080122698857
0.36711925233513548
0.056027873588790085
-0.16994190882839366
-0.1085786890886586
0.13883466427615063
0.033247743418781207
-0.17063903304772637
-0.31584565930953284
-0.22364088801142287
-0.32632521199519576
-0.34999738935648395
0.034242910130863773
-0.13412997434363158
0.28399725447216528
-0.23585777204445516
0.056124534579610065
0.23893911823935454
-0.68066112007281698
-0.15544695986209331
0.081029228045072302
-0.060442514993375766
-0.23042543006782776
-0.064866698954550148
0.004141065427877651
0.067512130073325155
-0.090532346441736217
0.006492969232517156
0.15389551049317243
0.022237648319938338
-0.083154530658812634
0.41261422947083204
0.024574229417336235
-0.36436944018082873
0.32051105940852531
0.26298058140329417
-0.32011773044721753
0.062527683587958488
0.12034019804048951
0.1390898093651633
0.26411859195083004
-0.057150598284386504
-0.35905548169273277
0.25658868657443323
-0.069265191361263245
0.40271439739701864
-0.10799532872399886
0.082245017235392265
0.51426657301909029
0.20614908773831678
-0.077866563067537295
0.23255362344677943
-0.10866849297547115
0.36858183924308113
0.051396289802986155
0.19317825815277381
-0.098471886648559548
0.1468628062836739
0.37203519125950413
-0.33191532876027657
-0.40120358683549134
-0.4159060364655664
0.12426933163400397
-0.2634344819877914
-0.065704858514682482
0.069562837391320173
0.026681963301166546
-0.12546050371022413
0.71038459986138724
0.090587855344527693
0.12683259466552962
0.16186039091089227
-0.17059895268920974
0.25465760497802453
-0.13789238797808978
0.15191640699503145
-0.042691343727845756
-0.060031505426371458
-0.034434051170337834
-0.72640735015016433
-0.12232563530968084
0.016774094296658788
-0.20672704552807247
0.46098374779283202
0.19452494824773778
-0.20561808697940334
-0.26021881444361916
0.5315295277450941
0.15485580742240393
0.19402332970715744
0.27225756323946115
-0.31496691676309385
-0.38774358856036584
-0.45059990234929381
0.31651654819083258
0.12340578229533916
-0.10607625354552067
0.19966776938484238
0.012635090100635217
0.080997578849335838
-0.076615756422917985
0.054646299957574945
-0.32526258675961373
-0.12384751971030108
-0.27969265622859646
-0.20417895028908123
0.092118912681339468
0.11818890249779014
-0.17998253808932826
0.18475958554486699
0.035259068757423621
-0.07236400497876834
0.087260121702881027
-0.3303696696151287
-0.3658633611971287
0.041773208635696474
-0.0040445906881193929
0.047061212186925445
0.17251387720121417
-0.049850749711160512
-0.47194665352191117
-0.01888711424557862
0.1587590711537665
0.19302813287057824
0.35680019286225506
-0.22024548827142565
0.079259531914485482
0.34609841787548712
-0.11169771763866483
-0.31014998624970697
-0.6647554285635604
0.11908957217709976
