-0.1723206177951031
-0.24850675645879336
0.23488243005078152
0.71221012132065309
0.12195739670955769
-0.41400949252807306
-0.21301085832637298
-0.006377999643756291
0.62552817119091275
0.35207965560159771
0.21090943838865545
-0.19215719072472931
0.1567683354065568
0.54006312135424761
0.10724510046477756
0.52568209008219668
-0.036762058873249313
0.23697593669441713
-0.19563471992088693
-0.038749123533154073
-0.17318892907942188
0.28748584974580077
0.19635860391015175
0.20069085981242635
0.10334564782246941
-0.47316202742452912
-0.42668739246076598
0.35799646986108485
-0.37441321228621516
0.50338651474689089
-0.16901217649461134
-0.0015017905125807485
-0.048011627151711707
0.4411415557160055
0.09387167170718802
0.03667716287073762
0.2847269502717541
0.056698133540693293
0.34313886225836621
0.59783709095192639
0.11717124351004392
0.16859250431065731
-0.071052765373196158
0.042325628830270454
0.078636226854741073
0.36590505807818202
0.058907347324482703
0.16572658211807734
-0.31468500211418404
0.51198491565683346
0.032425153196199479
-0.35434954246842842
-0.11088646711071752
0.059286080788301401
0.39985384727613904
0.28157406977521154
-0.038127416661810173
0.11694894398831783
-0.13066046770842754
0.22615181151217406
0.20067026417999539
0.25179793641264253
-0.019995136193453066
0.24512698658132268
-0.1069343730703439
-0.49121267763299575
-0.016511931792638896
-0.043040004288567864
-0.16691384327883074
-0.13093988239217758
-0.019161977292516751
0.33000303250699203
0.15471561541813852
0.40101409764304907
-0.14040666897335377
0.1732059617879203
0.34247390206699957
0.024948356652317569
0.41938901853483085
-0.17959182405478338
0.30184449327714541
0.33500211644214839
-0.044322657779183754
0.073097674613910063
-0.60141326216791546
0.34367557904111962
-0.42336738651499295
-0.053471722002574024
0.23595424081676583
-0.0016102329259569451
0.25358606250528787
0.081275860682934617
-0.055073805935373255
0.066902932749749996
0.074714258398166228
-0.045441289279822841
0.30303960954316861
-0.020857792795113919
0.047300633367387775
0.59991654515624582
-0.17114862470104
0.31306567836920735
-0.043962610489977932
-0.095429517106226699
0.35489134893158464
0.36391188700109683
-0.12852934606964847
-0.053809361788256724
0.059338465575588265
-0.22087782796222422
-0.41557289249444151
-0.024669797738615183
-0.76650489624689333
0.39058811905520574
0.10432582549048355
0.35652673515528305
0.017295132721497592
-0.23911924751582675
0.093361623486669057
-0.43877915769868592
0.23203804800511493
-0.24498414629045989
-0.62292474703540834
-0.27064179826949808
0.24536761714237793
0.10773349522496452
-0.32241888434051463
-0.21525613355811513
-0.39794364373187191
-0.21765194920718364
0.078919278442424023
-0.017083084434281526
-0.062336146388672374
-0.28098240867098551
-0.28942361440642428
0.096679811501486593
0.35100952230952248
0.095411416469380311
0.43774609210871801
-0.048126757100614044
0.033530966381583115
-0.45649074568811504
0.14791019666857722
-0.42063216076987048
-0.15144237396536928
0.12876023163540298
-0.052533509081213181
0.23697420036784861
-0.18304085307276349
-0.21069728888885703
-0.65948070734824338
0.15265434317503956
0.42789550529088727
0.24648351549813544
-0.16883564211124497
-0.16303635701034661
-0.37872048325451596
0.0083509686609830516
0.054339144167578277
0.30390988532760849
0.024816481788922828
0.15544495264736832
-0.081229813785643645
0.044809760576350686
0.62128617168842226
-0.28669227724367136
-0.053848290092610836
0.092706577021619788
-0.60565413385927214
-0.20081571978874116
0.47187344669849823
0.2519670608102822
-0.25771363678786885
0.003070986446878381
0.34966569258835967
-0.18443694066644728
0.046070288263846314
-0.41895816824342097
-0.22037831113253856
0.18168812577657495
0.3677246549330182
0.11890334845790164
0.072463890124653096
-0.12835481640332272
-0.43508978512727953
-0.047832937788405673
0.041383697660187006
-0.13341336202001736
0.00029913055556525644
-0.51395341143404227
-0.11721489966133446
-0.10267750329179388
-0.02534755078832103
-0.023670816994396465
-0.11334743603808115
-0.13880889684758546
-0.14801566199391766
0.54239610817643769
0.0054601349107376001
-0.38761648668604159
0.13561248773326903
-0.2784243389898321
0.07967880270638783
-0.056915080708270921
0.20527887931604427
-0.16590048931919485
-0.1513315445468949
-0.12477175122011992
-0.23437810440380491
-0.16983636764300461
0.32982899618427963
-0.26138353700775269
0.036232296633122288
0.0038216329321575332
-0.026349933099617584
-0.082670801636235053
0.15798707535857495
0.073122737300662419
-0.1228276581639996
-0.35882825123744411
0.23606805118198723
0.0076433568009165497
-0.27393561575916592
0.035874502534998173
0.12731928079756993
0.12531165320208229
0.34618646560696903
0.079473034153716829
0.025365250879908444
0.30338073614880157
-0.46685287433959638
0.42037279436219815
-0.32469259117380628
0.007885421956425236
0.28404245324243915
-0.42651971359842611
-0.8255883382260818
-0.34262188067946331
0.31709528073568094
0.38076644773802393
-0.52594784755686186
-0.14042717962117054
0.34166428839296914
-0.17627755934436543
-0.66481710259631355
-0.35544730868515023
0.10763854113418211
-0.31431074994919173
-0.55990814979045778
-0.18810434788162445
0.45849193119129333
-0.21526716738030982
-0.2927156244914581
0.34936131679591276
-0.11757545966011801
0.098060822032421377
-0.28405314532225573
-0.22997588096245947
-0.10295846767394766
-0.016682994955705004
-0.26146025871517242
0.032795425749888446
0.37954011480219257
-0.3538448524669876
0.25539736625471915
0.059772334529857599
0.47948276671736145
-0.27292684275998641
-0.48789464047515579
-0.20151327182180856
0.13318114899078232
0.55022826672993741
-0.097123689913323402
0.40374917200231147
-0.035982760709956742
0.45007492498813761
0.12046990079873428
-0.05011076490445706
0.29041478450524738
0.30125949571088623
0.13948032157506166
0.28431834860972205
0.2211074273471508
0.57817229433652961
-0.055620478807992896
-0.35754566695607659
0.028715215885004929
-0.3381944241805514
-0.71452105490332629
0.27208120940923375
0.12950845562496949
-0.15317871962644344
-0.16009150581456788
0.31711461184575951
0.18983115534483361
0.1531226313994751
0.33067843544558301
0.17214578180630991
0.0097461576741129357
0.056956836416688021
