0.29381052944734276
-0.08724122877049087
-0.482953000849901
0.26776123005115793
-0.3820008710481832
-0.042100353840587308
-0.23976432489331989
-0.3458780563313964
-0.33378483178679497
0.023859140912171457
0.42768320120511777
0.08422711118058504
0.13815764103557127
0.19116570715781342
-0.0040331689921405183
0.55882328609046594
-0.022600488488742423
-0.56587070865275413
0.32542820487035978
0.20668018999163537
0.14917690236125689
0.20129290647849554
-0.4485136360856723
0.42118674446256693
-0.32658710798387863
-0.33436711071775949
0.21465013682077747
0.30453619952025868
-0.16621453431077687
0.24503742298901973
0.1927179996287709
0.056022272432323612
-0.61893702399167683
-0.13356767990262242
-0.36113092803414804
0.0097829700627567202
0.024241967846245199
0.11189071082679536
-0.019264610653200582
-0.21674656413755933
-0.2583327719037169
0.48373150040841539
0.029458964353775773
0.56556003574814484
0.042487988063736354
0.54515058395655469
-0.2323847615968451
0.17083947179086201
0.12616592240938795
-0.10653800802730923
-0.2575567096868332
-0.21703230653865491
0.19106070924172713
0.025827733220304079
-0.18204564637287263
-0.38164709262499075
-0.23578452857288512
-0.55665044501327843
0.46276013734020932
-0.13766395167895185
-0.16493792024669301
0.058154999568987453
-0.20755259173264543
0.31301764000489435
0.48547255581391141
0.086318108520496012
0.24427590532505686
-0.20971825266816665
0.48206174336551716
-0.43503967432721563
0.14952717917626576
0.13085413923273176
-0.084626947739440725
0.047927307110708584
0.67129743892912852
0.058224297640759662
0.3633658516536391
0.19311727436160178
0.15702879142726428
-0.11009565029912786
0.32435559210726966
-0.31243849429325316
-0.022018968883571102
-0.27613530200797487
-0.31371510848175904
-0.0033023033679572705
-0.51019504919699987
-0.037763317305352741
-0.083107083459778575
0.054745394801133003
0.22507954392331381
0.016443664291749975
-0.31601483751577947
-0.22365200740035421
-0.0294252651762224
0.014143064605780966
0.20893226150277106
0.30102208868026525
-0.45816875029960236
0.078760329525748074
0.31268244194053157
-0.21141039142950999
-0.055274270754932624
-0.25212393765733554
-0.20420789215471793
-0.037375742140839732
-0.56422834993620552
-0.10399672297866715
-0.021364757134520771
0.09828588611948251
0.31486626732554279
0.3337399788424929
0.15122504385931068
-0.0045251484360795376
-0.024191420351814305
0.0011621775663831898
-0.058446976852687904
-0.017167950482512833
0.016087888951010269
0.14096912801314421
0.15458400263930741
0.4849209468123068
-0.054283920942849166
-0.39837172729114662
-0.31311861843941058
-0.27222027561757461
0.32948479197048286
0.058817949429334437
0.11741418551060151
0.06622585001287605
0.055920641370830623
-0.088743777812027094
0.059293112624483085
-0.15941698248705036
-0.1132631595901971
0.30212888994516668
-0.40648094442055049
-0.3046426127798752
-0.52902990458101573
-0.24155009421405918
0.23526635433913934
0.40592968125788059
0.044022423800156509
-0.34248103390536755
-0.35508445397762661
0.51283742856137593
-0.038716638972020087
-0.10348558516127976
0.27658134803004009
-0.18082856343412596
0.29652860227218703
0.16506944418538877
0.055255508065033106
0.51336647575646555
0.0075497377614197163
-0.29288104927817404
0.21944317139274255
-0.11831055471139276
-0.020455536301922008
0.12386422558963803
-0.091587331714150705
0.12556082561260762
-0.64026046307546691
0.15949578780374118
-0.29596298076212579
0.006173083852374135
0.083536181718555702
0.29598056443302517
0.1988960001283408
0.29343196206404631
-0.79857309808536314
-0.12655944806906205
0.39750407569857521
-0.11340537341039221
0.52985117837580065
-0.20032927455982519
-0.1703853597493323
0.40714211230547442
-0.31138979179926346
0.22588864231770828
0.065384268881302207
-0.099572431936155406
-0.55184657597413689
-0.074252073120451567
-0.12572382586943537
-0.073634030340010745
-0.22831872902093522
0.3499909213779297
-0.25011755219723208
-0.80101436091970746
0.12616041927188409
0.2512033805504244
0.2158460601826295
-0.3255372894830233
0.14680100270332372
0.27306278740482531
-0.24835784759718427
-0.031061320051617339
-0.21321559815587174
0.13990853747538043
0.16245752666771029
-0.59336603414115752
-0.18505130093462971
-0.095019915619667591
0.12917673387476425
0.27657439244376331
0.17124386607274461
0.10695496254984016
-0.3547989033126599
0.019952426966743042
-0.32414263108361863
0.60390618126234763
-0.24650672010557217
0.10812067443320841
0.65969440275101521
0.2666135118495101
0.53353973350537387
-0.36173106498345448
-0.25586227492633767
0.20916435969066202
0.73690392648637115
-0.12380050462442758
-0.19894932717279615
-0.25430839016438112
-0.28826828698575785
-0.092506642377190057
-0.25502318474574232
-0.25146230853411455
-0.27307220949719596
0.0020940911427251682
-0.20186268065415217
0.55190087705701973
-0.28163508834533463
0.61849128282580967
0.28833802572194883
-0.26027843209421792
0.38710162490805122
0.30992630219311873
-0.20740993091192489
0.15664947785967223
-0.29612030480214052
0.069741726134174661
0.14770888037267868
0.064198475914478317
0.29636015988500347
-0.37021012200429271
0.29380769070863921
0.1554603870654116
0.097927922593839367
-0.052200602990093978
0.34735809160391895
-0.40420903231965205
-0.064089290497518214
-0.21421170977024312
-0.19964814606583942
0.041729725759606526
-0.027163791016925284
0.32374482476910615
0.40031567726906392
-0.12120922889177455
0.19549226482715412
-0.24139707151305223
0.13473819376964144
-0.21505427638581062
-0.25187895140761851
0.096816866211248964
-0.097354407760407047
0.10262523878394188
0.0071919459611078547
0.24467786967476801
-0.16604207740941054
0.070894360527202174
0.073775193235481443
0.074665655125530889
-0.50617262839767996
0.22187119328881924
-0.11501681274432946
0.0040450284071914108
-0.0074172967784759403
-0.16563787886329825
0.092591124054059185
0.30738429640601467
0.51771450615257364
0.53480395482906884
-0.10266401553065367
0.19800737380752492
0.024207126102442723
-0.045923865119100515
-0.088398169917265956
0.1947110004756395
-0.13146242892930721
0.010271542199781838
-0.39480573822444709
0.061077867877700885
0.085957091597962179
-0.0098023925798372755
0.082766373086128261
0.030459542343839099
0.44994170561551966
-0.43900212447940284
0.34799416865286908
0.049017717606264048
0.19063591822968703
-0.16053775804645656
0.36338421760228307
-0.11562596231655545
0.20802679627649256
-0.19641887690890109
0.44745449353986755
-0.07169553185831759
-0.19250924093435517
0.043048314197327651
-0.011818084030884387
-0.039862719789715853
0.2330691244503999
0.14129010951116247
-0.0055915579921175925
0.24663364381151828
0.21944885956852328
-0.060826880902203236
-0.052001807532149981
-0.53195388929612586
0.2425506649878208
0.48001664637677322
-0.30373722806693226
