-0.36723896832274139
-0.36554948524666231
-0.12839971691687599
-0.019315759448977669
-0.48395169198512927
0.014491930343289076
0.27410093342510344
-0.46229089745133201
-0.27067354407459104
-0.094732286113688044
0.36106146718812743
0.098621503427109111
0.071652032309821312
0.12371692583715292
-0.5338786045006535
-0.022103154070921165
0.11829411564281959
-0.32353069830991521
-0.11324527444305404
-0.28878730061811586
0.13045335473269423
0.035178091030863674
-0.15274444722166056
-0.12763843174328307
-0.10520644111743482
0.37443577897626668
0.304077147820279
0.038793851782247139
0.59117262922556013
0.23794000148616851
-0.32413494719772151
-0.3672287620900157
-0.35990850028015342
-0.045087996968869906
0.37383123763003751
-0.25272568814280821
-0.26820380288923318
-0.19896108438296956
-0.18418469457715242
-0.37164070237381197
-0.52547036271396041
0.42406496414090916
0.3206897689852749
0.20819648105995275
0.041594931705013459
0.12986988478040343
0.14912408509069117
-0.37428880169482359
-0.49404814666157537
0.40151619915357772
0.063441690656840979
0.56358055544447472
-0.11872425111650198
0.5804673835373424
-0.12615941907734798
-0.061740798006219046
0.88904757269914936
-0.028544739389954388
-0.21563377347192339
0.051959550879006888
0.1210215874235019
0.1072809125005964
0.21227862960539975
0.13690111651754713
0.45735118148722503
0.26050661494317984
-0.51841698123832114
-0.13850274533629786
0.040029653837150618
-0.59610993195499662
-0.25928329544330203
0.13315658080942283
-0.078599230805796907
0.029589546477551337
0.20429286966346646
0.26342646121024144
0.20790093151438641
-0.28321344304217855
0.328018922193827
-0.36675961511354943
-0.047307208727415798
0.25417771471992201
-0.26617122641374835
-0.20613868493245291
0.37940936348882132
-0.4511143488284356
-0.094297600171052917
0.080501983219014639
0.095256188590569946
-0.088087383904044067
-0.30316344501822123
-0.13574344683967857
-0.037877825301153911
-0.36358844715833472
0.30244477038209133
-0.059751890388783757
0.0058376620489650416
0.50697681341715517
0.29840116372738423
-0.25488757212426272
0.20139643208005106
0.013730070156159974
-0.2128805036770664
-0.13258873539561283
-0.33869290137330932
0.022426107204874868
-0.12807075764266768
0.21566866962774894
-0.11362651949988538
-0.3754785205818138
0.28230247792064905
0.1934428651607544
0.29111151665981522
0.12897374830903632
-0.21294547250968293
0.4560951687389514
-0.32490890149197293
0.6964442572778955
-0.10240890033689037
0.03529934088179329
0.2622542426636677
-0.025179119231457062
0.13725820654945844
-0.11456587481587395
-0.56421869299542049
-0.18400633121464596
-0.17468849202206865
-0.23575594002646569
0.27402482615528495
0.16740633767179805
0.11410106260973012
-0.12090403296531735
0.0032566319044512676
0.22324274463713276
0.32859271170211457
-0.21627241419354284
-0.2657457074320283
0.17404420439600099
-0.26375948376278446
-0.12950750584870921
0.13781917335644686
-0.61216796779219818
0.28252271344399493
0.12173251262857332
0.19359713957974037
0.26241701602637096
-0.065170038354684309
-0.34486370625878182
-0.12531890399461487
0.067275863612536346
0.33679218252898191
0.074808798622713044
-0.22404326656752668
-0.12225673574677706
-0.10666556219086966
0.11520256651011469
0.28166826305376413
-0.21431896008913251
-0.04527715935159643
-0.20715685150135518
0.14958788118625818
0.2676044558251568
-0.083483276256525796
-0.38437211638713981
-0.092580773989523857
-0.69260875029975622
-0.55746875347681291
0.13136103833122989
0.57382279452367202
0.33400035506710413
0.42113350680293765
0.092266517761464495
0.17159031836081018
-0.13952057609875693
0.013201378894208797
-0.31956767249562901
0.29026499046585624
-0.063521960476822903
-0.48823866388447135
-0.37736173663092309
0.05032780607186009
0.22771936720606165
0.62363390015926101
0.059356249343589441
-0.0030786470364515812
-0.43081877915674061
0.45180039368008168
0.054542106222765917
0.27275492420056835
-0.061702458173320804
-0.27618082150425466
-0.16880321685890678
-0.086101559850498013
-0.23433116094875345
-0.1160101459898138
0.20455363709279509
0.11152867037718095
0.39417454096907278
-0.5994002947196112
-0.17879251721467115
-0.037394143767387346
0.069060359118401499
-0.11377862152059799
-0.27541495583284609
0.080728826330945164
0.2612768962145276
-0.60673997277416747
-0.47962063086762019
0.33851659272412377
0.46689941589748973
-0.5634236852305281
0.049656937269445645
0.18972646291284515
0.1450637572024478
-0.40381888608177213
-0.073527953334436749
-0.23539136612336511
0.014508880682784997
-0.18674293734096292
0.14248113877465804
-0.063960640207398778
0.1191039068957799
-0.04073818713312774
-0.49441250884029758
0.40551774454904088
0.50657264120567447
0.38808180963778205
0.12499872344952911
-0.13262998806393794
-0.016637234792926062
0.1266912679867086
-0.021112808498773544
0.0697951242563601
-0.2796193038341937
-0.076934072594857003
-0.15228689902989423
0.14196435993413806
-0.058407156034751946
-0.024588426237664104
0.25891619216970824
-0.11371289585605489
0.1235495734413832
0.3694385879871297
0.13269869645744503
0.49613449599751408
0.18176228035891623
-0.26121108259127357
-0.021238262781917639
-0.11683356915170268
0.057864258993002141
-0.33839851957129569
0.63002183566162129
-0.074519480069505761
-0.14863533097253284
-0.55415054911662864
0.0080860103560508878
0.021127410725683561
-0.12305977530795485
0.36283628300633586
-0.083027951633483629
0.50320936351873424
0.0071138956978812071
-0.15416863306983011
0.21174910750082368
0.021108970855806451
0.21583656022175746
-0.55565311932000394
0.43465684264797544
-0.028025715204029605
0.11618853064254762
-0.10992528804582809
-0.29797483302673144
0.36622842751142565
-0.49782173461122697
0.46501675409551707
0.073856926542012521
-0.09092906267600355
0.094361283469861529
-0.035965681331761631
0.43746482080223731
0.2547456862718035
0.1620035418688649
0.1941935006435242
-0.21559455672527039
-0.18441645225021119
-0.053381090782923406
0.0093154231578184664
0.83764509003264798
-0.17338010518716104
-0.0101696288171141
0.32894811220937731
0.11922824217463435
-0.083061240484934629
-0.074732799882155074
-0.087128770298177907
0.095135568360722012
-0.22918994340572499
0.38827390720184696
-0.26511401853573341
-0.10017161761019931
