0.41240662385437021
0.21746147258957424
-0.16559719825026131
-0.76312809497574718
-0.53239928498969147
-0.260936353826689
-0.14416343123208236
-0.10467025170616315
-0.31231445572593397
0.12432518728699347
-0.50614808598849004
0.16804035381051174
-0.45306310331761618
0.55196598596577984
-0.035470488836130014
-0.0014086385511290359
-0.042967177119708232
0.11371480945612905
-0.91759406549839118
0.22724456468056375
-0.55398206717656195
0.21114943589048357
0.94432951310441493
-0.013132618431277355
0.28079182135413366
-0.084656830941552311
0.17173398423985287
0.31120364055440269
-0.42542199127561087
-0.038637556304428708
0.68214781944537517
-0.058006757447131609
0.25722291994070212
0.33757978117070153
-0.091668258829735283
0.35449008394322945
0.17352509774804642
0.15737099994065976
0.086883526523430316
-0.18048105785796498
-0.44729315900562883
-0.019219006078816811
0.15729396116383515
0.56951879219163448
-0.59493224238146281
0.22383163165821202
-0.53575733433638795
-0.0160235018640228
0.050019593827756989
0.13653278324517956
0.34810191053270439
0.56755020689332702
-0.08377153967310684
-0.071478394735107045
-0.20072893442443571
0.40664213577935493
0.12753048484196378
0.15231498346934977
-0.46579894208917499
-0.25087262976235947
-0.26623392357132308
-0.14982829604840511
0.82665895636629516
0.78589175177796677
0.35655328121676672
0.75336043627916804
0.35722304016556389
-0.067715772946361455
0.051562822180536344
0.37949009365929148
-0.067380231585101064
-0.046233756279563838
0.37425299974111415
-0.0078565627605995652
-0.17630518025663253
0.11754356305707604
-0.29392439914886248
0.010320122629919069
0.17968513688992138
-0.19319306666635591
-1.1041634927800654
0.2789727044447684
0.33047266934412539
-0.1682174512810457
-0.40156312381823395
0.20993914237513367
0.13690994631240447
-0.28632580726844881
-0.64752482005027601
0.55756294343452417
-0.16607477335901236
