-0.20593121402626235
0.89512020124405511
-0.36602642234834643
0.11827041766720353
0.069203893667166019
0.39795796732055044
0.18580724239681259
-0.61650560337649862
-0.44180457655045058
0.42482670811121165
0.0036181478532458494
0.013933050787173877
0.82810797496400201
-0.68948326303437124
-0.66597360144725948
-0.31779473377856604
-0.10293484578407078
0.26951568397004361
0.74459542509887111
-0.27793084764502063
-0.43276434795101815
-0.11815907478433801
-0.31934403702730008
0.97755344365722863
0.39945134385210401
-0.30735850519560409
0.82450990303823346
0.64542538421778906
-0.4754578108872064
0.16160339774472349
-0.35930855069153428
0.23789904222421107
0.27930245819893179
-0.15342474484276103
0.33850439022304535
-0.16299313609715074
-0.12282916287747711
-0.27151430125471621
-0.50392868054194684
0.64969399014658935
0.34755396745142841
-0.21726594234111185
0.14960933001335269
-0.23948166304862936
-0.16806480433285453
-0.032121763160215012
0.24021028785271389
-0.51013899615444835
-0.52247371067912851
-0.13476701771453226
-0.42822120584754908
-0.3510225838703756
0.47272029662124343
0.34699567410024312
-0.20722078582754125
