0.27578348795387586
-0.50045459323853925
-0.36512793942641392
-0.57192590523762332
-0.24881195733701997
0.31815449256125594
0.14778070614182273
-0.15751036910437571
-0.053885510192501533
-0.25923252221460696
-0.79323173836264105
-0.19885551272332691
0.13189014268132287
-0.18634503832424076
-0.45676572972387941
-0.17291854218449351
-0.40974767174900845
-0.1443382567811963
0.068445364036494608
-0.022321989971401227
-0.11416455628351316
-0.31919744325424571
-0.4795049461896646
-0.39975586852390849
0.14848906718705523
-0.047950782118197983
0.18673594389305281
0.017838598801146809
0.04030599953720964
0.14913591491587874
0.091801234953284655
0.26308395062805678
-0.0066858101640174762
0.15643172204243105
-0.23993862575821073
-0.17530479896510565
-0.13094345794070028
0.14438947839758706
0.21809359028435146
0.23754175798033947
0.14262999477156654
-0.40489859603357736
-0.80671914631776087
0.3437786778305808
-0.36741585670219878
0.056467652241525411
-0.75911984981892466
-0.15359556050263817
0.11380527731925395
0.13690483977782716
-0.23853105934070518
-0.65831432763955089
-0.12932663341472025
-0.3310430204113351
-0.11980413717474853
0.15799137230460111
-0.0828695427776516
-0.1565039645817424
0.33952508546407373
-0.013311152930531246
0.16252893485238198
0.11716499545374622
-0.10322631530779354
0.16462639302184745
0.032843855703232207
-0.42671215231120901
0.52353981592377508
0.016529886684740914
-0.050866684278600624
0.22993928666018093
-0.17878114179041435
-0.18609479724110098
-0.028845196793252526
0.11685074182264105
-0.34823566824156105
0.46243440732671992
0.23539008916795437
0.14842304963445757
-0.071216118126572636
0.52800165190767379
0.38760733137750319
-0.14442085046912578
0.052020494987204693
-0.065765853060092611
-0.010398719307665578
-0.12721317745101382
-0.40233493675712639
0.50346091855012609
0.13964591256408967
0.097112102821185473
-0.030675169858913567
-0.54703214500688124
0.10526301803786846
0.06287724006467911
0.20866050045922654
0.29437286238131161
-0.36502720140282952
-0.44307317620005404
-0.023781726159102266
-0.51220615963829519
-0.074697932924698049
0.1817132373504054
-0.23225572157826097
0.089519895895425305
0.18560921720221496
-0.2280186304316783
0.22150211472755887
-0.33587380920465748
0.017551405033807328
0.12594457520739794
0.26089119888136586
-0.26284153530107929
0.081998561100132233
-0.060991630921390233
0.23288642959100878
-0.0048282403059771552
0.068377138968252413
0.052004239825510251
-0.076359379722318405
0.058068868267888679
0.43724923914843689
-0.32014748806190763
0.015258245616253979
-0.39509462692507447
-0.0079974301133295088
0.11464525864263138
-0.07310098686320074
0.52346546105711322
0.22905238441338782
0.0094281533176563317
-0.013260340937940103
-0.17311442741836527
-0.12866293370747767
0.26763964488946446
0.0095869465800187455
0.32820431170235298
-0.015719215829865765
-0.22295516323152428
0.32836750835082573
0.26116480858658325
-0.39557120105716842
0.5186302297190627
-0.22309890692122522
0.5938762711195148
-0.054251701873575905
0.24995514627492746
0.03777859921484588
0.38565018383159522
0.0079741020094000799
-0.25679949168870103
-0.023673283676324406
0.34543200693050813
-0.15971226528373422
0.51598193946479542
-0.0065564098149147754
-0.30795092679867042
0.3611511012739283
0.54746048698745942
-0.27968517127946413
0.22070979472681612
-0.034242330079727004
-0.25168353995193304
-0.083401777839202551
0.12786311169909051
0.37487311058396322
-0.60841059062417335
-0.19766712516754531
0.051228414143914686
0.25989078169141677
0.089865418059722826
0.096274659122910347
0.046038532636304356
0.7592821216476795
-0.44362078150969758
-0.32300761066850558
0.040371922405108139
-0.0091377082446113603
-0.042922339563168772
0.17033249635217865
0.22553570359646871
-0.055525076509709038
0.0048443937165014404
0.24996904137776568
-0.016638389996458187
-0.19340255385513166
-0.012968894774232973
0.04457696419212262
0.33600946316411506
-0.46318556735458849
0.47886820791951284
-0.42174708833406843
-0.17730095832898563
-0.38042972297334082
-0.096166085956528743
-0.26780601246004365
0.16163124156541661
-0.49684905107746752
0.17489837896235899
-0.30801992899381081
0.082060102888362824
0.10602798718701174
0.33761067915929877
0.28613303924993577
0.032063760322346584
-0.076874322841119683
0.19814738986988487
0.11426830695254858
-0.43525001248255563
-0.24207417161253927
-0.049535376764672415
-0.14151031402637346
0.51811639197477288
-0.26160015918091145
-0.2591905221569194
-0.012991381982467106
0.014157262864053353
-0.43412636593055232
0.356438541727227
-0.019242825362311373
-0.031790315244343191
-0.13476474606186931
0.12818083556787024
0.49005521314701583
-0.36297857047156934
0.29343356415200789
-0.21315274012925653
0.22310908162003909
0.20224456928801984
-0.46801463314713759
-0.07062623800173036
-0.099093182101068669
-0.45713557215763734
-0.59393337081685094
0.2736886765760787
0.33306197878254795
-0.4456869981243039
0.029977719474366889
0.28181781490274699
0.16600549972045886
0.18928638344691462
0.39283844686066322
-0.5572833532561503
-0.016295086959127913
0.38340431346364218
0.21360579921272377
-0.11620189736894415
0.18965656046802068
0.24391190973361679
-0.27553006018083825
0.20893803891293666
0.23208470503222989
-0.64434186956998862
0.10448216589036274
-0.35063041977300052
0.57919849101659071
-0.63644986161507788
0.10017402134334696
0.2196356155249308
-0.082273490530178475
0.17322502663266354
-0.87542681112580811
-0.020463735589576079
0.15435703102431753
-0.32141194414363927
-0.34766852059914832
-0.22402248980407974
-0.11326197590445509
-0.024059523106889351
-0.06955465326201403
-0.22826856617437097
-0.13749937476063853
-0.012703355983556331
0.0024051732383706288
0.35079710699556427
-0.44008933766520231
0.29591773933006504
