-0.23979351063412208
-0.30460651803636868
0.014840031785823023
-0.21510993906804846
1.0307632597252547
-0.05347140378618815
0.24362290761589028
0.0032404817991446796
0.042159683495986082
0.11749990337434771
0.57372194205835658
0.51406381958165681
0.34086462542009105
0.61475959179072004
0.73987696430693928
-0.092061751517314369
-0.31804443898156293
0.39833562768971464
-0.5092725514877573
-0.2072185287300396
0.057206322031735653
0.27134047099812075
0.62241679938903149
1.0002987264543355
0.034992047680718924
-0.29991675913812443
-0.38244819368085869
-0.21420457540499191
0.1458670878891784
0.20105154083591797
-0.2015098805998253
-0.045320200145251385
0.25014915370877583
-0.15091192918771504
0.4660584317097341
-0.040534539559515359
-0.15010009992348664
-0.40594547618781479
0.031669860839786491
0.075029141504141555
0.18043354230961142
-0.072566413848967781
-0.58823458088926084
-0.070511944529060691
-0.34201851382040688
0.52378013162189396
0.13301757801124794
0.10307407717564813
-0.26034102941012621
0.023424500046902951
-0.13699584263180623
-0.33157577560985402
0.04959765829697569
0.30939929094682922
0.49496715514011252
-0.065199891024545556
-0.2653508744523016
-0.035773037378707913
-0.1326040667459904
0.9380252000840188
-0.33637677043113562
0.55863940217612063
1.054170168376604
0.19919876898566338
-0.15864326834505327
-0.23480712984451951
-0.036174776060859386
-0.13722801578727306
-0.32595414343326473
-0.12792356397527699
-0.063603565144917718
-0.14608368026378579
-0.44675044634000816
-0.1196607714669304
0.13197254002945052
0.40348656345739781
0.026592470745280289
-0.20296282747969241
0.0078397382565415698
-0.050788102456713405
-0.18513943333332894
0.12246867721610649
-0.85517373308788813
0.14710856132620206
0.58728589611029125
-0.073011361353261306
0.021339713787289868
-0.3829367157051326
0.066905324821740136
0.098575488096000294
0.58427042667233442
-0.46325577665816653
-0.12901137797580586
0.31417387220044002
-0.63210043111161229
0.18135251257987769
0.068755544860627488
0.12797462119444411
-0.29485544138595471
0.23283978182808057
0.69385407078977768
0.59938437827103697
-0.16687846770468137
-0.24016541241401579
0.12356214982111302
