0.019974842500506029
0.11992540034006116
-0.10321360457154458
-0.19958673748043748
0.47871234030783011
-0.12660070942018431
-0.333574024088923
0.4576919169983758
0.58881911608808368
-0.83399308378494375
0.1263302718545157
0.034085086072310498
0.068949447866119118
-0.18074872586559082
-0.032599493097916654
0.24448393040008387
-0.1381146736834056
-0.31111792237858105
-0.58100801143207859
0.15669087480099531
0.18609371441087696
0.0036984605217057626
0.042873327902136514
-0.32003892844479453
0.42524414974945507
0.16839679180166417
-0.16218646207606191
0.34143200293832493
-0.015762653454803804
0.19382557123268068
-0.2966048783279539
0.1483157986060491
0.33597652143501727
-0.13279256181237006
-0.44554298434941275
-0.17881480091380533
-0.016616216771022707
0.35121169218820969
0.86011883635371378
0.16456486450404059
-0.021989540641740173
-0.47739304816844902
-0.73542020268727004
0.057438114424329716
-0.012376730931476934
-0.087634821608639529
0.10555126930208297
0.14725448598960741
0.18278627191034924
-0.64091032776119994
-0.17299827466041204
-0.067840817890187782
0.25534881098069268
-0.2745785764979729
0.12524702815522359
-0.28853398602402164
0.24989004002103524
-0.18100734744903307
0.35696620054577999
-0.44388247443205936
0.30622146625756186
-0.47669870332125241
-0.012725055166206204
-0.18027344825714894
0.20816188395155383
0.11325439908448053
0.076672671249357102
-0.1617827967211031
0.36390844471194411
0.096873976870095885
0.55657026272302967
-0.21861209434104617
-1.2746900602562825
-0.2840930239814784
-0.41506106545454508
0.33484735257111642
0.38052153509637759
0.04631957015597879
-0.097305666547689018
0.013462814154792587
0.34905545358823403
0.83593137512537363
-0.26909683897393905
0.3042909858399005
0.20299552105304569
-0.5937166404735198
-0.15805533970329486
0.35378452414969719
0.046746902354344741
0.70166287422953044
-0.17371757771347998
0.26446359426584842
0.86207639401041491
-0.1272744442613081
0.8407384728162477
0.01747144212985054
-0.48212216899370552
-0.24796056522022383
0.12441606235395115
0.24475978440613219
0.31914372434848715
-0.52175099392623947
0.52229172823963921
-0.12568938452727627
0.42589133920528544
