-0.38234898627535063
0.19105857839343121
0.098174540824560327
0.3786901723601353
0.067385590088209518
-0.52473326149528088
0.26783954223472944
-0.36370572996759964
0.83595348998859609
-0.20790517885182155
0.069622863912979477
-0.2816337774147073
-0.076386539062886977
-0.15160519821825838
-0.31352955584099762
-0.040809340248343651
0.92366588951928219
0.14477229778292858
0.060926066758250574
-0.34822382317695061
0.57174699111646976
-0.12945812393161776
-0.57240732225690516
0.08984454170543571
-0.32391854701439599
0.77543093958895803
-0.13013331266435724
-0.32056462125990665
0.024686926532628928
-0.066515176324920003
0.043738406308583597
-0.32422994824050977
-0.028660331972504755
0.30321723127415029
0.12839942004335517
-0.13698355822274366
0.18323673704929871
-0.25936229907894492
0.40445370122553975
-0.82203968081535883
0.065164333546784914
-0.7363154390398915
-0.4121630693537825
0.20455805157220408
-0.57001269328789594
0.052396048797058434
0.12137893845859685
0.17874370197680287
0.10822762758508309
0.6619066916685431
-0.21350438068863309
0.061532159904535352
0.028742557105203556
-0.25250246464035175
0.28922944119155702
-0.48257482178050382
0.13015867606350365
0.63869077423074416
-0.16364140413366854
0.11647387241071054
0.5066986880243125
0.19764123280777848
-0.12521453383595871
0.36973234803056343
-0.082563819976585059
-0.42432021817195292
0.13436910096209892
-0.089162212850220066
-0.23494913152324859
-0.27128701616664042
-0.59561888431577248
-0.74645816905770124
0.0097843507103490129
-0.12615602524583125
0.2733393648352585
0.48728485093426777
0.018362705139744889
-0.33165419890898207
-0.50514172934403367
0.037954109173336519
-0.33979746646433212
0.55693922260270801
0.061311245594057151
-0.5512150727939229
-0.34514277934628268
-0.30530533135599236
-0.19121157307199868
-0.47721230311131124
-0.50301706051176243
-0.038935109255955065
-0.69681969784617892
-0.18268315952619174
0.048986988318906542
0.63439141812453026
0.049965420936532258
0.11923484939566262
-0.2350200486840463
0.34975993567525465
-0.71788096435939452
-0.16855630310333305
0.066844787281394646
0.022521483916508808
0.40261489204760348
-0.25715137692078116
0.55349180403022447
