-0.18858666848473113
-0.48432939591523205
-0.56435967907755724
-0.15238452050956716
0.29146407205880193
-0.46359277606009075
-0.026910196587205754
0.27652265306361717
-0.053736751110508851
0.11743585547607989
-0.17208303363000435
0.028233832583564374
-0.26150530470284616
0.039135209694287222
-0.50617840444176776
0.42946433074588108
0.32414908602010661
-0.18310754999926443
-0.23869892512737972
0.19278694006174948
0.17613043492611324
0.20325996479456479
0.00085636960812166397
-0.168582513721382
-0.35542338152721331
-0.25382247316129825
0.036952943041418475
0.14598955039380929
-0.49041128146206603
-0.1854003937932823
-0.60484283545071227
0.14513240006728953
-0.51100211021022324
0.74992965798730882
-0.082406027814518654
-0.32356552180041515
-0.048994860215944756
-0.011333625425207328
0.15965590486715553
-0.19144689834597961
-0.21925244632413274
-0.39401083522691477
-0.18654812904427406
-0.2523777806429533
-0.2879026168267198
0.13223467583471052
0.36443597418906032
0.06911012536944322
0.47249375705154811
-0.17346380468350092
0.20177968938291466
0.32995817149907963
0.090540788943463443
0.053077629511537133
0.004109082622260344
0.23999606354556124
-0.12207562507082539
-0.093852684505531164
0.074492506304150358
0.015852502697583364
0.1495086786799299
-0.019379689449385892
0.12421385529063908
0.045812902829191531
0.1416911358301105
0.059180696726200972
-0.15394505939558598
0.11385522841675109
-0.04602033765304131
-0.25917030098344579
0.5691863373521453
0.3269435452801584
0.16915477861325917
0.19429792349686478
-0.35712509470372683
-0.10194052877560721
-0.10734437789527171
0.32746700546230284
-0.33432799145357156
-0.40684821993668879
-0.11222457338165305
-0.23381434823397648
-0.20636698106470011
-0.0670248617718366
-0.33072727415012554
0.43218688169974251
-0.50642511655173272
-0.14309880006119097
0.24439913581110495
0.061196730223114275
-0.0547765204867737
0.071494246812038711
0.16846760129855384
0.028427813905621522
0.13959180940838156
0.16291951869723645
0.55565270640755482
0.027706264662281266
-0.31871756901390097
0.10481328902341976
0.071156048554141815
-0.12584708471028003
0.027885670641728245
-0.11532467418070791
0.13425842577170002
0.1766803764210578
-0.058381985399622978
-0.093844608683437775
0.70501352776811643
-0.44314098362481885
-0.49959676980176054
0.15819623562918828
0.48010691201087691
-0.47775166941366198
0.27077268607033195
0.26444299196766669
-0.41544291940539563
-0.0073481476156116634
-0.5515517697213369
-0.016613761851768823
-0.055256836004978979
-0.22233658655645164
0.0021818694215702057
-0.068500836594121817
0.045740247121974248
-0.073249709545971001
0.06043649024310925
-0.41840464897521462
-0.015237341833818431
-0.23228066065876596
-0.0020221767703569636
-0.062185562391537809
-0.29271544234210423
0.13329700697112465
-0.37573200225671144
0.35340733461250329
0.081882203316801572
-0.15105527490452172
0.13824154553423906
0.22499688689968853
0.027306978692468332
-0.55215980653809649
0.0087090414051105517
0.025997708415965649
-0.17667049564598766
0.054979884714662551
-0.41592395076279415
-0.0068735050593746912
0.090366293195346253
-0.098186527265289134
-0.27476247092773382
0.66962710829994543
-0.46841433951255057
0.50119618733809956
-0.039724668326491332
0.27663225969785948
0.16174607211807324
-0.11330378901433373
-0.095403202523812777
-0.25998002597472175
0.35844855638313367
0.3105273257575204
0.33361317158957898
-0.13781670638037255
-0.054795146195038613
0.24541299652830684
-0.23504715326415079
-0.2488234521650694
-0.21599771617914595
0.25812574255695192
-0.011951625756479617
0.4234584968258791
0.11422594806696863
-0.33002121716577787
-0.33944814486167346
-0.2713678408497931
0.36816581569558288
0.18196127067588436
0.13034666188828248
0.10532611131241421
0.093523186938572408
-0.065613215145749595
0.27396088811321834
0.17370825758467037
-0.23035811492873723
-0.50102584148071094
-0.16554644452801306
0.1940344338301164
-0.55006497868508741
0.35110856286261999
0.022049864125076746
-0.050982942222111562
0.10580431738729508
-0.22447271050232043
0.21151642726389544
-0.072841396889807647
-0.087870971168499415
0.061142688205313669
-0.23101691687741482
0.012381331802487242
-0.072763452313485591
0.14588355666156716
0.20649520388825737
0.4596660738506419
0.19548551589408797
-0.41028011670407455
0.19265560333917942
-0.37013182425324553
0.32229442500332295
0.55308819480705784
0.048533544907870645
-0.18454595407473906
0.20411450266630324
0.20229730905949911
0.36598311836605657
-0.11793449879112129
-0.46011556627307204
0.28819280332603742
-0.12185831825009119
-0.15265298044423853
-0.65286719328053278
-0.020769273942470929
0.1879089063006178
-0.45014520563935917
0.42541003474834493
-0.43931736516691744
-0.45479129905907956
0.31814981007868792
0.0033234587801141461
-0.02978583897387653
-0.19128432750357358
0.47186346946060237
0.08676348889862856
-0.10742645495872569
0.029327547170562168
0.048584715692815021
-0.0013391462905115406
-0.20727439272237497
0.03537796665013173
0.10240738442507599
-0.036606667902169404
-0.26399650685021209
-0.41629456415118266
-0.38503407661789857
-0.18366558377095951
0.0071143805085798154
-0.21973008430777033
-0.043120873304606601
0.027376494666639689
-0.10568777230850497
0.12291763163156924
0.041583377010333614
-0.24135735074630998
-0.257961243734743
-0.055753747550771879
0.58889201961119053
-0.10523020993797828
-0.51172177415106568
0.62550329425242757
-0.055427052969913425
-0.48624927425966891
0.19448056405362435
-0.31224548327784662
-0.031320322403651908
0.30021633991680136
0.20558360891598002
-0.075174356869393041
0.18607152158068466
-0.5027988924259662
0.41491994795752429
0.33348773792170633
-0.11601768297436649
-0.21033639348827304
0.15546515699163743
0.2101774279809264
0.27633229827839439
0.10458959493884383
0.096643291452808366
0.066402532472067344
0.11577510975767892
0.15038034817572296
0.19285185516415365
-0.24085699050249959
-0.6067649917832092
-0.016928920653644292
-0.32657596997914856
0.65019805076032278
-0.19380746365673746
0.091961836094344176
-0.080587073966545963
0.17460980539564366
0.24951304054620338
0.2119746611961606
-0.20027646672291691
-0.15121828812330557
-0.43080438512434505
-0.37836145983113667
0.25381801839440843
-0.26484204593444427
-0.39561140259833399
-0.19772889776661487
-0.23063007028803686
0.086095789108992002
-0.24637389641343665
0.25241296071962033
-0.25341096973414512
-0.019295510259192888
-0.28915098775588688
-0.21349672432837297
-0.17096401443993461
0.17231145108363494
-0.15497761661860759
-0.022171577946309504
0.15997232536431785
0.36628657730288527
0.25539188392608775
0.1678722705130869
-0.1281845306548374
0.42460824481319215
-0.36458877747679624
0.15656586413142931
-0.25608903525404114
-0.86367983761693168
-0.098905121940695784
-0.11769433877879711
0.4120525199801397
0.21605730148150834
-0.035187113032094687
0.46272687318142436
0.19362176225411201
-0.053118170111028692
-0.14590643358229519
-0.21684955475653953
0.46352663305691999
-0.18270137131560099
0.29462894413271989
-0.12424068357772958
-0.094366357514975102
0.14989658820273891
-0.36236255824718028
-0.2062102019010254
0.33601080511271553
-0.13565875713060499
0.17944331257732798
0.3581444972522515
-0.35174784834091821
-0.060227492388871942
-0.056357095704822495
0.082999270295333091
0.023202860952589277
-0.047829623963355161
