-0.052441318318865691
0.19630210396268544
-0.5955373292167061
-0.50643357913245701
-0.077345350377154315
0.16206572323815746
0.31769453122068636
-0.21127523050699754
-0.12870200171089083
0.34498804037963887
0.12314731726698241
-0.54785882389829621
0.26250614046680304
-0.084812324284079713
0.14111165864217384
0.024072624656586553
-0.062180187840099821
-0.17644422395040699
0.4149037645973026
-0.022611180634689313
-0.25209128902646766
-0.32246406895768326
-0.045129316159852224
-0.015367276173385845
-0.046344621539791173
-0.027445703289011154
-0.097483128502662095
-0.9191609596902961
0.23795281375941157
-0.25539697256768779
0.071263776365981871
-0.53088853276117287
-0.03070734791027695
-0.35262479420882831
0.20446201557892998
-0.025403872610140057
-0.61845366713600469
0.35239115012275107
-0.35065156320647484
0.2104885974048043
-0.072256200640867754
-0.010709844161461618
0.067724949569198639
0.26332624152742623
0.31842050907579056
-0.24788285925625672
-0.16106513722673352
-0.35295532987233752
-0.13568119685380803
-0.062961684852978331
-0.2753224636755815
0.12613453915744025
0.02320108737308816
-0.083723127105183801
0.24319126755199741
0.056534060025924836
0.94815545093592879
0.046987652104479832
-0.057936679750108466
0.0084703620095020714
-0.019111210694272421
0.35460683483815009
-0.28190663171207175
0.2772567363686777
0.32228350974501063
-0.29868870276395004
-0.41341048192154639
-0.63413435576032129
0.084800252946005489
-0.27495666563501042
0.16873633522533199
0.023241291127950429
0.39147802036188206
0.087380430335881817
0.42767746460126621
0.56074322154388223
-0.51382428865463869
-0.26472241193009832
-0.1085201637010022
-0.10068263910492761
-0.22953637633203425
0.028130277689876724
-0.053533788522208851
0.49183185157644627
0.097167078493108378
0.71706712410249929
-0.1917835187612397
0.22221917109808689
-0.11485517992724331
0.2327027884235609
0.2368790115516835
-0.3397159165926778
0.19977730149468914
0.40838775419106937
-0.098233841632728719
-0.012297464688239869
-0.0090466833153510975
-0.55620482466616517
-0.17326722788103993
0.14246380260480454
0.29693460527763371
-0.35622349719408908
0.3121900030532348
0.33981855560857893
0.38920100237267063
0.47927730010688296
0.14770400082833623
0.28773281239382381
-0.28134601786176855
0.14291162997774498
0.015097333611611979
-0.13511545666221994
-0.33715400535084938
0.37464083777832491
-0.15525458715114657
-0.31299068193851881
0.20482884183051278
0.51713367620590078
0.32688106588932386
0.14148852597730277
0.046878360513504372
-0.0091891488977981425
0.042617617152632188
-0.16780824175648748
-0.83938104393572255
-0.023554177960276937
0.39235056590062556
-0.15836338511294951
-0.71081672842900834
-0.34905152573049986
-0.24168357917846311
-0.0083097967983585576
-0.31888328816669309
0.33414365098692322
0.021138022305536838
0.28653973481509265
-0.60772583279579084
0.13137189379442246
0.12901429463165837
-0.32808945512412802
0.078848958719991868
-0.03053198202482239
-0.17043953291591038
0.54762452408020901
-0.055372699501122322
-0.26494859645475172
-0.31190354604976456
-0.16383915200195581
0.019259776177290969
0.75144540395737747
0.52546338278087357
0.060824874070229067
-0.32998890210552184
0.0038844565189378216
-0.51768888494823195
0.038275952661
0.12520149096828836
0.15907175437802015
0.22542622102676546
0.3677622223973655
-0.027250254015986252
0.17138605283441488
0.33679547820990507
-0.61767743799864439
-0.29731092822882083
-0.24579971627153058
-0.69102375360856094
-0.19742072585583206
-0.56018446490486029
0.17625280109872471
0.21721292225887637
-0.068983360219090115
-0.091425423980737455
0.053342157776033815
-0.0026394612289256558
0.33361369139234293
0.16328064069239967
-0.14208952191057958
0.36474780391600314
0.55126915933179799
0.090950301605613196
-0.14358376408853216
-0.20181597232593182
-0.090802832256410157
0.091504169680065223
-0.05369023172278975
0.027019098035078286
0.2743292043207099
0.40899705296994621
0.49667105471637246
-0.1132259049102856
0.13929814596440751
-0.54201658330203029
0.30626742398282408
-0.3962797163054434
0.26775739065437965
-0.15310798140694895
-0.11773557280039312
-0.22341069872163646
0.051726050107611367
0.09134950183512798
0.58063611739524856
-0.099716336362107916
-0.074790094146010511
0.19789954294052028
-0.11402311404643049
-0.26188874333543716
0.056172805841600136
0.69854885186712634
-0.19379176550275454
