0.10598757974249734
0.0020241358356533961
-0.19801718996707862
-0.41021021151571058
0.75956242269883856
-0.24449436912087191
-0.29345352236872824
0.45692506622114337
-0.085532000107570491
-0.54169440431757876
0.37685030002421593
-0.044456343784493056
-0.47996436775847878
-0.010507457648436677
1.1174725467103481
0.077346850232572359
0.73323823485969519
-0.62092915194729037
1.1377234688833406
0.021487611105061991
0.071727043649937622
0.55937499255300127
-0.24826434632276459
-0.13013481381107669
0.13155546726467693
-0.13454179715978523
0.24690934220287211
0.68133015351306836
0.73608936183144391
-0.16474966527995719
0.48324160387362136
0.65448131911843077
-0.17840632996028377
0.47258754353202215
-0.4913972589893833
-0.13031795348972136
