-0.43512447940178006
0.10771078671185656
-0.066028115837498333
0.34918912347736958
0.14839383401955497
0.010423995780117518
-0.11785732730965512
-0.41767666048665114
-0.48331065082072922
-0.12805302315821238
-0.065453754208657441
0.37694267011167426
0.081030729871876553
-0.033985305022168948
-0.43340783769606611
-0.036021883590813215
-0.035062395281164269
0.14507844598318512
-0.080166963358783816
0.015207802031084041
-0.0018561782824275536
-0.34795036824820308
0.209049795095088
-0.17729071476411082
0.46434543465356981
0.05830668336250993
-0.20556074586821343
0.057026833915771943
-0.10080160294957329
-0.37260832863832793
-0.028622233401118191
-0.26056470212457467
0.19092559510016222
-0.1076715039946327
-0.3401112833670436
0.39003651576313009
0.08875712128045643
0.75378953106581648
0.24748150105480132
0.23785738119316138
0.40441461974759652
-0.028623461519985981
-0.019585644993343455
-0.56900659344401838
0.025592147038065619
0.16786221827056716
0.0067675786964289759
0.57733045155592078
0.25588545800462698
0.021227933777085588
0.11489389142257142
-0.14194823872624529
-0.31430127734289726
0.091535298307437118
0.10234537315055654
-0.58865069506783496
0.086679889889642647
-0.73201714246292693
0.20451068662566033
0.38991965149888708
0.006095865346342739
0.1053230318586983
0.10641456388414829
-0.027220122671783264
-0.11477384720075179
0.061133848268783188
-0.19869735647372683
0.26535812713969903
-0.12941992004492867
-0.15816267458320737
-0.13152618658748089
0.43957386028886836
0.16695340930304586
-0.52002763115617356
-0.1588828092658652
0.35485883773374083
-0.29220563433248725
-0.34692749937515976
-0.3594452009237572
-0.097977836225143472
0.20364431352681364
0.16607482870874538
-0.083174682672961811
-0.21052523909362519
-0.45170479941598701
-0.39034347861690516
-0.38795171572842052
0.070075134896144448
0.65340124992340887
0.33678074860313761
-0.32574315930955033
0.45055964522050435
0.22926596295943896
0.19032057318593076
-0.16971939450677084
-0.14708558804172278
-0.41329016951064645
-0.27262121732540723
0.23494758991314132
0.34662982012046328
0.16582666853550526
-0.060243984504039241
0.25431051481635292
-0.34564732149438743
-0.53785344016378323
-0.018816327510261008
-0.39022766350807009
0.32288113453049522
-0.15032945017280314
0.098852167230842281
0.319478683497947
-0.26739331575349878
0.24704904426454063
-0.25722595277767102
0.28652522934064922
-0.33952497665995229
-0.21064183720218246
-0.098498799509915025
0.72098883326302077
-0.35293358394855356
-0.076016073831347217
-0.52958902493034898
-0.16218596759215115
-0.032729156325975867
0.19295055118721485
-0.54018292877003415
0.26598098371776374
-0.23131323898779463
-0.22550730496638552
-0.25638080003295122
0.27532808759144722
-0.28337792131904344
0.21378381542758795
0.085922355901882894
0.0042056434126541524
0.13253048338293513
0.41870204221582319
0.14124769842606327
0.016911922023649696
0.17135000292626321
0.35681958845362866
0.31423786100650164
-0.385693472345921
-0.24418941562877453
-0.072213202317178135
-0.44375368392541364
0.50694633747100293
0.23535162817825986
0.13309937294344598
0.46732301153200589
-0.062039099284649735
0.34048357392062728
-0.1218896233265363
-0.56345910165655622
-0.25828413044735049
0.46617191441329414
0.11569436644431373
-0.27111176385409552
0.026208371443402365
-0.0066422107945414907
0.1546961316377235
0.24664754922838941
0.59439962284763026
-0.38026927615360095
-0.30974453167101806
-0.52883674933975333
-0.052619573724335532
-0.16889234201457651
-0.52165389029763232
0.20265549080284931
0.23755278881545966
-0.093286044707627788
0.49017060082178532
-0.37055612559119722
-0.049459031792556805
0.60532865744824105
0.03395419932624983
0.050873641836199267
-0.10179929756969631
0.071764648159656483
0.11577486859346733
-0.24210676533833159
0.16140102090456776
-0.027797039476841943
-0.17486821793268062
-0.23852866243681484
-0.49939982598335697
-0.28007592203635739
-0.22843561673702026
0.38707565032410002
0.36619376438310508
0.19905307913111889
-0.15211720451816238
-0.28121949477545177
0.16412293306269379
0.0056381229788929057
0.15335627652147413
0.15097226640889222
-0.020392654508938502
0.089191304261876964
-0.12570923810377183
-0.072639272420746331
0.38572778216299619
-0.46289492634172896
-0.39431843620641432
0.14719310129171415
0.4088784954112395
0.5390206594604513
0.06374793829651762
0.40800970135331399
-0.063818265821080369
0.061821660479272553
0.052901899151570467
0.054606121376539932
0.051749930244476487
0.092980590108891786
0.072875485387092528
0.080850497997648846
-0.06538041807436791
0.14628231224595895
-0.39395245320503319
0.2312225194174741
0.084310200012088277
0.15982581884270414
0.10172788121698652
-0.25858037969721376
0.25399182797699654
0.23867354192852622
0.3647340674614859
-0.020959386697458348
0.15827194129647076
-0.29570362317383914
0.11470427957811455
0.34254781024083431
0.096524113035522344
0.030214623873011985
-0.12840308905226183
-0.12165526987340955
0.67842587198435267
-0.66885534498915955
0.17140203608116547
0.072347543569851736
0.24473961513531084
0.14402657472908661
-0.30173692438457261
-0.57642939944362082
0.18933511371907319
-0.27978274949421694
-0.68053003503052434
0.31489259837219646
-0.040207586921928391
-0.36909378304867918
0.25935626832934666
0.53899055793776207
-0.26010902484174536
-0.011697033068258603
0.078285139832539818
-0.085700498012682952
0.34069762433289008
0.039315951280972178
0.023680454742237504
0.24599594056765528
-0.14810723356880573
0.065215309952598624
0.43153088902475117
0.21969287722182781
-0.65058754379274442
-0.26577512467602771
0.21377916417438156
-0.17763667950070081
-0.22635987340104796
0.49696353752934763
-0.071901081541973735
0.13613123620128006
-0.276697841193359
0.05156997050035321
