0.3381160692053557
-0.24360462224820678
0.52521613891071528
-0.34962287090394423
-0.38402788597068288
0.44641067427101361
-0.2377830490237556
0.19849922221502023
0.62380456505350768
-0.59250355943597066
0.013226165142477309
0.75613919395335139
0.52707115736658527
1.0565796045346543
-0.027740475908437628
-0.12520703344839221
-0.12028954629601558
0.19376407788860583
0.051436166679418201
-0.14830530571996442
0.81658009035369394
-0.077886097164453591
-0.25969475029266664
-0.1828106513670941
-0.27245230485377686
0.16552377191868559
0.82244685329140677
0.36663117510357845
0.15113596505248297
-0.2438897686079711
0.16687456702807987
0.34656902758685404
0.14257948027393721
0.19671210784171006
0.7102633835307598
0.3034176296287146
0.1393100683694955
0.28049094547062903
-0.13412340975797046
0.42424702528880376
0.39535734607578227
-0.36106979964645169
-0.52326799529755263
0.28607630222458025
-0.57471936662968715
-0.14824301501275292
0.8212413499779545
0.20690865229296784
-0.38418716867797359
-0.23248917723599616
-0.15466340626588845
-0.24251747340427895
-0.3467734966333087
0.18795375021139066
-0.54472866820582477
-0.29019637257859604
-0.14349264587544666
0.37752615315519256
-0.23995106138365246
-0.12876880481832081
0.76094150632241164
0.042826035951672628
0.41072244661420099
0.48709982905815152
0.19969252080583205
-0.72203159665115879
