0.25647000344223375
-0.52089317344201302
-0.71449915599051017
0.81748294625129647
-0.1586607413401685
0.36512966579831552
0.21564373976711451
0.33776285412900237
-0.10706572271347781
0.64026405297888711
-0.20718508920980258
0.5168364776187282
0.28793261888225319
0.022674074774773401
-0.17277944103324655
-0.7320516679055884
0.32326857406796683
-0.81898235146695053
0.088023449763278791
0.30108237890294437
0.7934444266841929
0.26703957100401071
0.12745138196734893
-0.3793771400009846
0.17849372160502017
0.25249673829469299
-0.39992428843972239
-0.37104326692231504
-0.04324537514657395
0.17763792487951161
0.031425465621260883
0.098169429620634199
-0.31302551190822431
-0.38547615750315484
0.29278482527786431
-0.14952705659674334
0.043926428795047323
-0.029819433112706611
0.42194219632582763
0.26246817924744126
0.086833852403094589
-0.063054765346033562
0.049715778818857227
-0.40048280175471795
0.59832393931027206
0.15821400234192526
-0.10004903763308957
0.3394965653592204
-0.031804570984419078
0.12214560267018702
0.51135902305616066
-0.19101470745428553
0.1951769592297033
-0.24655927976241515
-0.11955018232059139
0.15091451110766035
-0.4620149994801484
0.47570359588026062
-0.055009030944889466
0.57947182020949894
0.16352335946213076
0.12745679709000934
-0.16376812126464441
0.37790886060287432
-0.13661812038271431
0.28806002195168995
-0.38170167272779315
-0.054688035481226256
0.32603551314922025
-0.86688199166690716
0.87506604311332237
-0.56146312730966474
0.036435041824853007
0.55946044635796421
0.23587052731904223
0.46780201618146217
-0.29063219331932333
-0.063043024101293046
0.82749765740835235
0.13953569285352785
0.054791022766684488
-0.70509456231175682
-0.36790287180745779
-0.21938952908334133
0.28083119407946122
-0.10033403582089218
0.0035699178145998014
-0.27774062831988233
-0.062831862143259684
0.50805183526646902
0.014693678555625155
-0.13629965790905499
-0.68732381960627853
-0.37258867702523496
-0.13840694059257116
0.2832036020563154
-0.18109100424148902
0.20613300711291319
-0.14022199003923025
0.19969046883424738
-0.4396370953437857
0.24640512590247776
0.032491358822643791
-0.15931555771478428
-0.23948606101794648
