-0.11119668411389115
-0.57270069099835408
-0.038541269529066169
-0.052864335329161967
0.18366476857627284
0.229630990051397
0.30294044932440711
-0.056979043870557258
-0.041634038108115001
-0.59149553206187533
0.10074783739200899
0.36093615004640567
0.62796503151507399
0.15538825050538863
0.27559238366775607
0.69913535920259007
-0.59746317394286175
0.0035773118713408676
-0.49370251154912431
-0.16380156884598135
-0.1941374460417358
0.38569208416142065
1.0097847658837349
0.26654306042585973
-0.24300369664121635
-0.2261755810018275
-0.075042380435204017
0.20896263972726178
0.18987079078084509
-0.44588277888749217
-0.29513882283894743
0.13980427026767944
-0.22582586903257898
-0.17177405178061858
0.05718601961947891
-0.29061738827712058
0.75991280557834073
0.27381585290948263
-0.20829142295062086
0.029613653997126857
0.19250389219659084
0.12811305556375152
0.32041361418330083
-0.51700612285025749
-0.21941944405128494
0.16077825598537668
0.0010269833814474856
-0.49109879137370388
0.33191206909718091
-0.20227035978768013
0.049767067481463666
0.27719396024429155
-0.40804494703618122
0.056635388827655571
0.2523205223532502
-0.076798793733569584
0.64183643946128865
-0.039910618659061481
0.44757326669107289
0.21682120485003945
-0.081468651798564773
-0.97286484555177544
-0.35101650417812025
-0.00044097346820773462
0.59413377301970527
-0.010339818278428871
0.5336556668489999
0.12211757511102504
0.81293336870425337
0.23960201434509046
-0.33114655911817575
0.057048691395099708
0.21618173729137335
-0.38930817469106666
0.88092354568118225
-0.47061057445902288
-0.175714946492913
-0.27447323479880298
-0.022933107155362797
0.36921371156542715
0.16193741422448349
0.24920209477048827
-0.28648360175550447
0.20146739118010887
-0.2665958163494267
-0.051426255836514966
0.048031476241400736
-0.24182719240548922
-0.062560173720629428
0.025477788786684937
0.2725533599945823
0.26321257894053102
-0.39905884866780422
-0.18350498868191842
0.52325075370590435
0.26254077574017992
0.085618953222667035
0.11843414740978997
0.65015591950556595
-0.1726191866836464
-0.18363777070838602
-0.52429246936976293
-0.18184588476140431
0.019699557109937111
0.12480270272496598
-0.024939864731573575
0.09462143255244955
0.25446182438308357
0.051242436184080808
-0.50310524406113244
0.557890457542909
0.55590357961414261
0.31356808086745092
0.43822925960490516
-0.49943472758360818
0.32482035605616449
-0.14656552826091496
-0.14505842039734718
-0.17324534525847057
-0.026305091582982557
-0.049366637866768294
0.24285163287733752
0.11125501283555903
-0.59595145486459011
-0.24075871291572412
0.07326402220348921
0.18184412400885003
0.45144488069371735
-0.084539906579294444
-0.36737071454335068
0.051908823131982876
0.01110105032781729
-0.29748185260184257
-0.16873557227565583
0.095681831834471223
-0.32600415225643081
0.024725044615962154
-0.48491615353201206
-0.09662491489158638
-0.063280321568433912
0.34113384983919726
0.19026230387296325
0.46456521762689901
0.25761417086578547
-0.032522145072001477
0.28950700146291858
0.33559251661652623
0.17154982593079526
-0.22284483845335656
0.20175731522187432
-0.35293388444683116
-0.048499034512660869
0.30902647259220029
