-0.17069403855722784
-0.11106224054556506
0.46164892593250806
0.022491566540887024
0.1109066700442249
0.68446462735285518
-0.56164035030126602
0.10002323784181434
0.25957794452989746
0.04610604662981195
1.2787971785880674
0.52214414574031531
0.15308929687161543
0.34576168331427659
0.26254324982570193
-0.058427040239487173
-0.21895902986515298
0.13302269079281612
-0.35137165492628053
-0.31553942245193545
-0.22971161737491716
0.067921288400187199
-0.57249180464021232
0.15777736879408763
-0.052307592503924104
0.098735335112495118
-0.067577870950893182
-0.5021401619015361
-0.48885281173881717
-0.060953064699869428
0.65586702480777748
0.10341882383807925
-0.47183960995067942
0.25046275050678618
-0.20506591305638763
0.4089352059420005
0.35383571766088867
-0.090938548397150237
-0.056203198988565753
-0.32539738236164606
0.1081498593448143
0.4855234385239639
-0.12109074289929336
-0.14981864469002756
0.4725915788441391
-0.36815838417571684
-0.17689311750122641
0.3975223609559928
0.19602942499791476
0.57691412953840915
-0.22541304508893084
-0.04093607536057875
0.66587160548626401
-0.61771476612497589
-0.32316151008971072
-0.043889724274415197
-0.034444715753947801
0.30656162381066804
0.51661157213575437
-0.2515852636476682
-0.2782456637556554
-0.051120691112681645
-0.069297314922842246
0.28741477784563191
-0.049882465064414537
0.51233140762317808
0.89719883794072575
-0.34283670543777872
-0.2693724761399226
0.081199426375976338
-0.15563474331720389
-0.11171789405727896
0.48924793037511349
-0.45609228719271294
0.058956908087860888
0.18515621608051649
-0.11121462139079198
-0.36427034462532915
-0.43237116616650229
-0.44082445950516413
-0.4214078763486161
0.31809924042483323
-0.12263261848472354
-0.38844659026903694
-0.25019369751288378
0.018646274153805476
-0.78886457979416169
0.10943352541691231
0.14489114921962212
0.33616912128150817
0.36542540956287833
-0.77239822954620196
-0.17143633942169509
-0.52832433307152638
0.057562399287420782
0.093634100175082752
0.33826197918159251
0.59812088602607805
-0.038384006631656621
-0.40503099244515695
0.0041261198533369273
-0.08107986982499446
0.124417615702797
-0.053953080980816054
0.52206183528475225
