-0.20518022847173584
0.31285154058977771
0.24048101723509374
-0.21213365842685611
-0.18638759376835945
0.3989936883457581
-0.17689397084137667
0.58091081752696228
-0.75810622330370037
-0.7758628520348454
-0.12164133443220575
0.19484053821644082
-0.47043779801907787
0.30327354668468065
-0.1791324259593787
0.42695554709510175
0.19083365969670585
-0.77790468585451178
-0.55628349092805029
0.4706076999530443
0.37185159922772054
0.020130637398140437
0.14616326293915249
0.48528596940208091
0.16555778303430627
-0.013961792095830915
-0.43636657353774505
0.18784449074692292
0.11174496378361683
0.42973192846952352
0.76193658602910319
0.59016321395128368
-0.24481860235363398
0.37886093160821593
-0.23427432506544815
0.52202639513808435
0.034340136663033122
0.12252184180035629
0.078748744958316325
-0.75644743729543651
-0.36770070159835749
0.28088501265389343
0.070044151541080096
0.67879921085594108
-0.26043830649216687
0.7883511434536552
0.35798967301943935
-1.0944173179905539
-0.12231203723869326
0.39138374459017827
0.60400605994737966
0.12906637953814254
-0.16146327670615185
0.06126495608720766
0.3002422773343234
