0.46746397266969697
0.12424868835924426
0.10287248270426003
-0.13127401780346798
0.078510122546453037
-0.63763512397731903
-0.07288114164697021
-0.17292930013801733
-0.23375297674633991
0.10908802645459639
-0.19395329446085169
0.28081471182196088
0.14845508009448694
-0.33837638551922922
0.17329474069220338
-0.24548175736531858
-0.27733629782571578
0.20035619399447255
0.066300068313624033
0.13611379756473316
0.48879720378091485
-0.24418582262867181
-0.15673218301599195
0.21787144004823475
-0.29035782531604049
0.023921127866426375
0.26728222057694756
0.17083153308632093
0.017246431128289084
-0.062690168972806229
0.12497186888574104
0.26637858856925722
-0.11642884801212187
-0.51857972750265746
-0.49139621067825656
-0.5061699013396278
-0.29079538315094255
-0.1822474625926965
-0.17271764478264562
-0.15035913203440301
-0.031847875901882143
-0.5781640369558827
-0.037383890300022267
-0.021078662617414482
-0.42889227818059567
0.19699411617305426
-0.38763739400048036
-0.14013743858001113
-0.25179388223275406
0.63620697010604876
0.29073048291689529
-0.44713524486905853
0.077666779384133341
0.29981680343622275
0.067626504868025211
-0.4088141479151487
-0.039111443484565314
0.17956826437152421
0.16327408130678103
0.47027259932192317
-0.29904543654102861
0.1022590148253525
-0.1831148312817516
0.00023842096557559193
0.30609491343019285
0.31726344846723298
-0.069857149826108952
-0.15386995957949329
0.38728617919105962
0.27353080108871602
0.071067362572575926
-0.1084208110543176
0.22044791623581089
-0.11058990346568784
-0.099337201592230917
-0.38287781245918839
0.18765693413563395
0.050506236444826096
-0.0047337551807141685
0.23708912237251381
0.142104408283663
0.26181126968699142
-0.023939367185737928
0.17366940449764265
-0.074139494047854693
-0.10545844777137101
-0.0079583583134183195
-0.37734796781580443
0.0049399561591695331
-0.56801198861151136
0.58629595247753086
0.36941943640816444
0.29087141912933367
-0.35704320411544699
-0.23030976906852535
0.26683999132836161
-0.013860922104189937
0.24920273918965505
0.04227593137804396
0.28862605306349409
0.12529673674834377
0.4899478898112048
-0.71588292435382084
-0.0048490521148270831
0.12767471391605978
0.39349780241379673
0.033966794760469474
0.54781139495299991
-0.12136528782517182
0.15050674101537537
0.23170088630724786
0.1011718901448348
-0.20399501197581729
0.12059102920295199
0.40646153991159756
0.065593910035601888
-0.032609453221071304
0.18218633925181207
-0.27960994320855742
0.24740083451096123
0.24754645053382754
0.42103280777226115
0.39099726579998056
0.076573301904535818
0.34367966996629062
-0.62564993534422597
0.071910626991077239
-0.11887873319875546
0.31246620934389036
-0.41733160588005785
-0.23129053882214079
-0.35183607938941358
0.076742666137791377
-0.25607359055870893
-0.2841185800942207
-0.3761959746058991
0.27971518766259307
-0.40188458148526102
0.40206264624405552
-0.6252665894246997
0.008118660725270857
-0.063377874180062521
-0.20201954928690552
0.072697548364700493
0.72846237637215838
0.22696257054158772
0.62137917864926628
0.0001971690868232976
-0.33698185846173023
0.15004922926421677
0.10628449119005048
-0.17038158430007339
-0.24443059097177858
0.29566158222516853
-0.033007165918055227
0.17691443438221205
-0.1230990625088703
-0.098685268854101518
0.22071264455124215
0.035224104447809323
0.11933778595597828
-0.10744702748726639
-0.21476784486331033
-0.13034247682672384
-0.20368316974956879
-0.03053047475868079
-0.032007218009046393
0.1719729986264294
-0.22168039856912028
-0.075464844357586505
0.22237688456833898
-0.60919314776914102
0.29162120348889292
0.17171329012516615
-0.41690287427784706
0.021395519022548881
-0.34311057676010759
0.51353159958981287
-0.4407969527995777
-0.4167673310048523
0.20677126363222556
-0.35771704077955763
-0.28268380114261243
0.085013340577890326
-0.16182039582603644
0.37728834235042985
0.042579966955576851
0.48776671833615792
-0.014340744337716631
-0.02148399142738661
-0.49530528362197263
-0.29309942199661781
-0.18828526073372745
0.00064158024639476429
0.28885366844208271
-0.44370045465702357
-0.40253604871651233
0.51869708433139439
-0.25827836031295648
-0.22168802989739339
-0.024795250770880434
0.51224426672592893
0.47329075441106799
-0.44075260557548757
-0.4149051238488965
-0.15425133350907785
0.29260640695805873
-0.20011542993480672
-0.37740180073026003
0.53909282915974077
-0.066549608636326141
0.04374067074024271
-0.42492178856560325
0.43298112305282238
-0.304555717305944
-0.022007741743960117
-0.0038599384770333254
-0.15887297996252212
-0.50467314708548827
0.22879434748631677
-0.048030428938909631
-0.34592796827719041
-0.1047344359643128
0.051263030315462026
-0.11922776441606411
0.19117678490482917
0.63086848776234605
0.058066516017623672
0.4179175640857174
0.16722255328968874
-0.029832749052380859
0.14137912719205264
-0.49425777996013065
0.77977968163005473
0.13479444606937552
-0.0091223886496090232
0.32663981088141925
-0.39121699195309217
0.23493592866441787
-0.24000269240888861
0.083620820434114465
0.39338255730055743
0.48818855055054733
-0.06668581723952105
0.4027707480045517
0.25532664189762699
-0.15419666780014812
0.14225099749909742
-0.26003982680708665
-0.10688680458641332
0.45846037767239095
0.21522060485020536
0.2715191892484855
-0.098944553337232899
-0.044556419047580988
-0.0072708404099660348
-0.10824742550069254
-0.30072502665574713
-0.095995728037433267
0.17658902417764935
-0.23625900592900342
0.50063913442718277
-0.16220202902375594
0.20684359576870195
-0.21853929468162411
0.12179940300740275
-0.24041819793578931
0.075086741943539856
-0.36404787059999721
0.039887374246866988
-0.10102356308722758
0.39190590429186811
0.17059858831785157
-0.055534085739764788
0.27658412965323614
-0.10549446108726319
