-0.18469728609980809
-0.42556637931550856
0.27319637194671298
0.38759903006650065
-0.21154986626647806
0.31187184850325411
0.2452822024118638
0.071302454325944245
-0.78775328039601911
-0.16999851991337842
-0.45963007896451902
0.012451293847718325
0.030854010915319353
0.14240911608615564
-0.024519070033553091
-0.27586460382151023
-0.15356050869871965
-0.65062270050808524
0.2873101474534499
-0.72788374446898985
0.078232257508370651
0.26759180946568922
0.70518650284522921
0.23733571610625342
0.11327446675495922
-0.33717753836237147
0.15863916751484536
0.22441053950301684
-0.35543914719552849
-0.034347480184265637
-0.89012313014594058
0.15787856440300577
0.027929888290160486
0.087249660382377289
-0.27820646112088449
-0.34259813831682689
0.26021722515170814
-0.13289457783811134
0.039040320484585882
-0.02650250105285128
0.37500791715596193
-0.093343179016683833
-0.2235275001520062
0.13685248192951127
0.23327281811675901
-0.35593553489219448
0.53177002968442133
0.1406152406651871
-0.088920192251335572
0.30173303586506234
-0.028266824282480216
0.10855887002051594
0.03649325959128389
0.48492510894165219
-0.3829037879744252
0.34384679002246415
0.45447856086694072
-0.16976739518432071
-0.41062326583727332
0.42278922617377085
-0.048890161493782169
0.51501490545290751
0.42003173197420601
0.34422376946783295
-0.03809926991264511
-0.13944869135293383
0.24573893675187614
0.14533401724743708
0.11327927953236741
-0.145551553238289
0.28976930908931775
-0.36033226216122866
0.18835304238537964
0.35606203162334243
-0.28072990952017296
0.37627642079214085
0.54655376674714085
-0.7704553205292205
0.77772902795536136
-0.49900938983044735
0.032382229758498624
-0.019482059868579326
-0.54909529272918001
0.0021326737964993906
0.15423041009269353
-0.61993230420330581
-0.056030502199838593
0.73545185965831539
0.12401459252373075
0.048696403217071485
-0.62666413910009144
0.7665839398031864
0.34553707167374165
0.02946749995043579
0.24959324305843089
-0.089173488977123447
0.0031728219071913868
-0.24684645300418792
-0.055842828611479309
0.4515392444974109
-0.17113395614534743
0.013059243276652878
-0.12113851439042747
-0.61087010554211618
-0.33114418264826218
-0.12301139578718162
0.0082606002210523621
-0.30354350927717616
-0.16094754425518776
0.18320402729954915
-0.12462455019186953
-0.21422259255699455
-0.12152546558192867
0.067583642839774125
0.25205411573211273
0.15918349258166847
-0.0722466017986549
-0.20714173008637388
-0.24944764506456896
0.090091685041386885
0.082110698642704788
-0.08781340635562418
-0.27598999059916235
-0.72777581641108779
0.030036481723066045
0.10295613177816813
0.62757973302601855
0.54057073105832021
0.041396527607019645
0.031728479270892347
0.7558011195678036
-0.47256305331143211
0.63908880225341547
0.23298731321217805
0.13337988545493909
0.19397268048719352
