0.054557618816735411
0.06454581571256246
0.17838322112919863
-0.48142113362024425
0.39669444448745494
0.17345976819737877
-0.18808849440294712
0.91381420415094794
-0.12334617503792406
0.12304423565967793
-0.010594846454254628
-0.36855897290790035
-0.37268409250941636
0.26896812029537392
-0.10790506789693585
0.20724272147241241
-0.27704637914289904
-0.19021844102353527
-0.24156746138389548
0.22433342372219714
-0.55170074720802065
0.1868303006961671
0.17364469181268039
0.209135652720704
0.43154226152603808
0.25098703434680153
-0.35438449649356157
0.17475269884427164
0.28604446277715329
-0.13008826913386254
-0.23984138617001871
-0.17201533091360122
0.37097842233182987
0.42088965132060102
0.14128129137340478
0.036048930435854366
-0.45038370352733587
0.0083292653218442619
-0.067717095261270635
-0.030321638092281736
-0.3730753116608827
-0.2904608133060535
-0.23206657952418477
0.03219656382950066
-0.16993687757027121
0.43781631446904001
-0.042332335726797829
-0.42267763119971125
-0.54055061218924672
0.077394337448813688
0.26379134999814635
-0.065155697719942937
0.15673623287727512
0.16162928077208238
0.27249279249750152
0.32271093701831105
-0.30482719007671361
-0.077634819167699431
0.023968269036102465
-0.052732866764783198
0.14431111818190701
0.24086086520041966
-0.010768870977651718
-0.08629000062717887
0.14487909274098282
0.18064194942283529
0.086091261388577284
-0.15839307192790919
0.20266922079715285
0.037215776035313203
0.069769541541218158
0.12357829431234794
-0.33305531616169487
-0.41917515822205487
0.30671126310102104
-0.028468380044094081
-0.29778750485980482
0.095124073256241684
-0.076009474772659735
-0.15260148017221822
0.38722953855817821
0.0037503272113901891
0.32241584164676229
0.47477461182372371
-0.34439482649748393
-0.53132326283786291
-0.23361213177953086
0.10039846019793583
-0.098069874191768075
0.2292415309285977
0.085729416647159676
-0.24309288943046689
0.081975110349380861
-0.51212048499283003
-0.40254409411448755
-0.11537097165775001
0.080194683872253564
0.30934731804622984
0.23383187203411102
0.20733938832732415
0.22953568307984526
-0.22386843952696647
-0.12262599543624213
-0.12134889726074412
0.22137113523051791
0.068738947513235005
-0.35937765170861707
-0.15400232115172366
-0.24013226125186163
-0.44560563299852729
0.1237993652712997
0.19419749656163923
-0.1467990769317431
-0.084647924212799708
-0.36910992337002252
0.34592516234889092
0.022204196154326474
-0.12553347470233212
0.11141995522083768
0.16242454877238952
-0.85290753462174496
0.19946543348985007
0.23573390556331716
0.16146480969314964
-0.0065196004123835834
0.43648895427701756
-0.34676027182175861
0.058750596147052886
0.10647429663378634
0.0013827990541816274
-0.094700465684751475
0.063213828267133051
0.27181935047122291
0.021649842152788
-0.40585435379288864
-0.057857340231742584
-0.13918564007488246
-0.21963249550114225
-0.1793525493659528
0.15361009692787242
0.056894263064119377
-0.20866727883122824
0.18256814296875104
0.044624794246423627
0.16804509489240288
-0.046310392652850994
0.19158094678674459
-0.27847215947231685
-0.19639177286903786
0.14893097508829364
0.11201645636801949
0.12872801224953098
-0.26837988895951648
-0.083356333083531603
-0.2614001090745518
-0.30033198882894002
-0.25700772682964368
-0.39146413388985701
0.24213955883259455
0.076250090013992078
0.013024709459296038
0.068017238493228813
-0.17169228360573929
0.28907377213570568
-0.26126472403047879
0.22313352678798742
0.30661719620626404
-0.38977308995527565
0.10676543638484719
-0.21439881306220673
0.47133831844921215
-0.24601546837050997
0.0048040275792674177
0.14843878486505849
0.13229781343512118
-0.006252189972009937
-0.24418602172719089
0.020087671584262518
0.289855950593366
-0.15918455843449084
0.30911347151249652
-0.65493112433088951
-0.14044165594081628
-0.43980665419391562
-0.36053022434535198
-0.53982841057124031
-0.096562782390816726
-0.49831155083705481
0.26673169536739932
-0.0077305194263197693
-0.44366725457918754
0.5417336209358008
0.084316866042030578
0.41694268528047002
-0.0049010820375235626
0.087185300720233921
-0.024762294664457101
0.083674980053180706
-0.32966167485086656
-0.37797712511629716
0.018856278277269784
-0.27818045498699695
-0.084980480609888873
-0.38906166659119801
0.069422987572977643
-0.19071898559457046
-0.039327244022913557
0.29012176947112844
-0.14463409599679122
-0.20143233696835461
0.40521311721889947
0.20109001524415823
-0.18138256174373965
-0.42488846244626682
-0.43796047276615413
-0.037120345962744487
-0.07262954927759116
-0.089508100309763708
-0.3294648927416341
-0.052162038451595331
0.22859712194049289
-0.14491830960976823
-0.06207446492309756
-0.045893850875877128
0.22376969906788799
0.37648668148643222
-0.44642890272118357
-0.20304417759394552
-0.35541806271210635
0.31498549456963015
-0.6016892461936223
0.44506292064329522
-0.16404221581421286
0.10329448693045334
-0.45398741290078948
-0.19011901560506667
-0.49536856992042794
0.2153802401558978
0.12231736981688572
0.16975190975265358
-0.7104285736036382
0.08358261029170197
0.35980630914636441
-0.012779127494221672
0.060148496114079388
0.31544214852604313
0.35832899456684542
0.48929343373002882
0.11061675062262706
-0.15045757172400617
-0.051337779265159013
0.077462248964038846
-0.64957152065257995
0.18706055284425424
0.40044665877075353
-0.023967896606516208
-0.42836452326488311
0.45727915592613888
0.49683306284933543
-0.3638439602334454
0.048242375778881873
0.17185205407269316
-0.098458085141743631
-0.15335017963620698
0.20078066614088277
0.0043211712955101107
0.24153466460198303
-0.18595915643541924
-0.27852604753481652
-0.3088969367174339
0.13604492682883418
0.054081588646928976
0.49907149350314772
-0.030733461825881235
-0.25460307092170825
-0.18193271147130177
0.31434033510738801
0.17256713333004972
0.28757899389413355
-0.17084640673672219
0.20135304972908724
0.020588466843133486
-0.059783525417197871
-0.16178659778990337
0.057255419654648747
-0.044170920903246223
-0.32198798987831873
0.034446327888080282
-0.27044932898109364
-0.43446749542138741
-0.12755674560570884
-0.17833257695932472
-0.15729044559613442
-0.60077233868827051
-0.051621820440467585
-0.049429170023010033
0.042486645441280807
-0.10832854321655544
-0.214044563723471
-0.29941671382030133
0.20379886016105603
-0.22960634546357592
0.24285603511270151
-0.0038858738110793493
-0.48486706826214032
-0.11929017500729433
0.47878974918950851
0.068415737484286324
0.24211828852438669
-0.032926252995184986
0.18720866029169647
-0.033979506430600978
0.12218093652572411
0.18589971989883122
0.2194722284913187
-0.2024453823201591
0.097698888292635608
0.7596094461487527
0.20486453597684132
-0.1342625041643796
0.37389311263118891
-0.40093718167692582
-0.13617670298595835
0.42916901314837508
0.075385248705522434
-0.39157069926099375
-0.38364382127222402
0.26287127902637569
0.46951803528917746
0.15271467393747945
0.05084229484619826
-0.23188883267817248
-0.037731470029528688
0.27164058221185622
-0.024373466721075362
0.48426783841052939
-0.32663788976080232
0.054185031331323963
-0.15647538593310137
-0.16769677313146397
0.59347650361602544
-0.46819302909563992
-0.0011413289322836069
-0.021261315013046733
-0.082270107014526167
0.092824602785078425
0.34435854462321319
0.33814094407188938
0.12494945472634482
-0.38546210288589278
-0.073256099115632425
