-0.081333422219388066
0.15789743737785639
-0.46353611253342408
0.21715775605874066
-0.0059537050460228827
0.27141435857699275
0.072344185264969052
0.11568604497294747
-0.0074922796075900383
-0.19728295993059275
0.76305581088971286
0.23425545663939135
-0.45106237197145832
-0.14441017993421354
0.3343495278812274
0.14458621107083433
0.11368703577229448
0.31313752998413935
0.41668653668210481
0.032935287421056246
-0.056958749505041331
0.10612716146386558
0.047887803686535557
-0.22012195479214033
-0.22024980664851754
-0.39199355278571912
0.022937306036209262
0.34578672044180747
0.015596065411537064
-0.078782504567218248
-0.32734404504439252
0.31354623743722521
-0.32714498430122552
0.66850300955271491
0.26558876028320777
0.31984918561486242
-0.0060300766346570453
-0.26439439344259874
-0.16107401065957402
0.15990877295814507
0.32403798734770645
-0.36867730623439349
-0.36898699316863903
-0.24424562376250264
-0.41452191471534949
-0.12222710721591673
0.67273395971149852
0.27111453408516495
-0.15164946834114265
0.057081709001703042
-0.46540971682333959
0.25487227606275831
0.23943778127345464
0.091037054747933402
-0.12152817321286934
0.58520807973367361
-0.32554820516791499
0.10803010337769035
0.31033629020390796
-0.087332776201546253
0.14209691258119334
-0.44574000079818649
0.069278324808673492
0.3304171754277147
0.20226382175990887
-0.010827149137849932
-0.081070056943358781
-0.41896782320660059
-0.37786593092331
-0.44864341681073666
-0.0066225916595896838
0.28293719761150599
0.031840893635288275
0.33763776108841159
-0.087609546265031951
-0.41102596872964192
0.0060279922323687053
-0.45339295275338132
0.12177754721905562
0.18567746907333066
0.35461990500236429
-0.30434723618261728
-0.018674466980808768
-0.039202831314753536
0.90291020891633333
0.37573789997897494
0.15770361896781829
0.086054357166889722
0.27586666228942935
0.33833858105504833
-0.36926636849780442
0.18528966115727824
-0.16831319602622682
0.28647656428871238
0.19791193894545916
-0.20524867892795887
-0.16004165446981844
0.15335763129365867
-0.2313998782143562
-0.17213042061140799
-0.43595011864676958
0.22848798106275467
0.060365631093365485
0.29417127615150473
-0.48293066429567244
-0.24458414626496325
-0.52552856787705138
-0.20614556326111824
0.01482462923185718
0.092268366127938886
-0.28916682429365198
-0.56564201570436601
0.049141361701450469
-0.096208525688943947
0.060744153235210263
0.34788282207177795
0.054095805518886222
-0.048281986412991605
-0.0098829637014396197
-0.064813211209584595
-0.028290448800028092
-0.28169432671622507
-0.15004997140527512
0.40541118176788482
0.0044983179322176511
0.3952503856482536
0.099978698843332228
-0.57361488311944064
-0.16926233083633868
-0.32554514835396986
0.13172574329025485
-0.10429104110542907
0.41033135834284845
-0.20981190943028116
-0.24491833554516895
-0.077063124470843083
0.30545429332719709
-0.19279357352195209
0.17347464472666246
0.15369059889652645
-0.24977919271049148
-0.61063995754850642
0.11204180601260093
-0.49593025810321323
-0.13223222135652021
0.45575039324070388
0.1046731685157662
0.12998004761906876
0.41346717001901839
0.34739280309043297
0.00026765661013180365
-0.31221115322980358
0.1918056763985943
0.038534108513097604
-0.69556246515150522
0.0065810581744953009
-0.15583249023704943
0.11118942294418226
-0.36844422009839772
-0.28937033206061769
0.56991604151598085
0.34559950459363753
-0.29113827921698254
0.10500052611721347
0.14876822396937162
-0.34168526857582426
0.082909977646464364
-0.46102874621483825
-0.25703023381062751
-0.13856668256813065
-0.4820378037266253
0.17034435082993613
-0.40775524189124868
-0.42489777684070323
0.44951059100500151
-0.25260685877078654
-0.15207484998913151
0.083056272671405681
-0.36712339054351545
-0.28760034323440697
-0.0015140857556308219
0.1296078076141958
-0.34672002534116542
0.053930395920441444
0.31834656385123855
-0.25409619086313423
0.31367680896428751
0.19343346393051522
0.012724503329113426
-0.4544708221578469
-0.093495263107125207
0.16544290420585533
-0.11382651679888871
-0.14496337805842213
0.1492969872867333
0.28588015597300714
0.40582188440189287
0.16777953863378053
-0.320518577349097
0.32252445142204827
-0.39011379524986478
0.064221408665336627
-0.01033969688503129
-0.046891848828678896
0.16492821035475017
0.29300623234606055
0.43469983858885852
0.031408922824889961
0.18842495000880652
-0.35673336562170449
-0.0077956605577927584
0.014187825886228888
0.078264808518427126
-0.34475456040978736
0.049640274964799017
-0.12973760947800178
0.45989820177739998
0.033815338019915424
0.33187582277224176
0.080518233338742848
0.1508381285412056
0.044063870896408668
-0.20952119416669945
0.27813864875311145
0.27272528535916868
-0.29922508697056288
-0.47409650890901239
-0.50235462199502146
0.42276266130784934
0.065479423292162844
-0.10973631253925152
0.38085924848172986
0.1962102545714921
0.33559052962836333
0.29766121322996314
0.22119181488646392
-0.61474602589083183
-0.43913469968833641
0.2462176283976148
0.67325219820220783
0.098203880306851274
0.29274317683674866
-0.014725894221962707
0.054633796980239423
-0.050573401141172897
0.13156623507965479
-0.061696681123786595
0.032125513640191443
-0.065354273592309373
-0.19509122146016444
0.24726104999769141
-0.072143421143622904
-0.097410909662454193
0.056164732274290828
-0.04816726668033975
0.16515532677495223
-0.10965693093151815
0.02342487651647206
0.56156928201764578
0.17147276666207728
-0.41136970558356112
0.57659644371140684
-0.36861760523689568
0.071504913480801999
0.086112795262530059
0.33317354114064557
0.11109570440429496
-0.11546209766627601
0.175006148596035
0.08733873948900818
-0.51999145855419238
-0.1879401010733337
0.16148279645224314
0.27890130015498005
0.50813140454501671
0.06323903736400785
-0.11036306201184651
0.014220248279458156
-0.2289559176047968
-0.23245368124101079
-0.10920438131193014
0.19187574321772691
0.06340574179590884
0.32268769470525444
-0.38708584090628201
0.13029712536601024
0.18274388200338701
-0.34596509600324227
0.26847820025816138
0.14578076788618555
0.060562767664548788
-0.32576564380138578
-0.53970431808624164
0.11565789066588489
0.24727093984764659
0.13992419231365438
-0.015614722854349847
-0.11551654984862236
-0.23022283859621645
-0.12577770347083933
