-0.63994182366300156
0.0011841541248451876
-0.30060099719204203
-0.27994483070907833
-0.126434603111171
0.64770595913205287
0.38128723561980443
-0.37473341316924319
-0.30293296460518487
-0.4192247453930778
-0.56350299752290678
-0.8754387864063109
-0.84702681590583262
0.43248454021941479
-0.085971920179477357
-0.38840754184320586
-0.052780674640526458
-0.21134524258205598
0.11707882590086027
0.62801926365309635
-0.06792746052378644
-0.28086768259672273
0.28739525170274155
0.4286316676757862
0.29318613741014676
-0.12674456246033414
0.018067911198588978
-0.22656038629423655
0.2939356377477696
0.15253362397959369
-0.35639609061958644
-0.097223327254482739
-0.14799470037615201
0.088168970477564626
-0.19803797683047589
0.062607225924620896
0.29470258863500204
-0.55570262087438616
0.25278795411238419
0.38227817398177938
-0.019112924123077718
-0.61308881114952829
0.22173357817475486
-0.32370598938298373
-0.10882581138145438
-0.037276457068435402
0.35910246280431585
-0.056869673613761294
0.44465488034995204
-0.1274341322580205
0.68874213640053605
0.33117153350856215
0.12215007257400569
-0.34363890228756216
-0.33982814639721476
0.070220245444923723
-0.36580250751575455
-0.0086802280848342211
0.010433371296768079
0.27363837207956387
-0.0061671001366146909
0.21843778349950035
0.2928874746706599
0.31137585397984446
0.14317621931750024
0.13653187461896563
0.14338047210452509
0.61202537317269079
0.37375569911717649
0.66558871991140645
0.39274083046744596
0.32902043406996395
0.31753258418194752
-0.54155751173593425
-0.64008755849854992
0.13721844100082675
0.24528000460433411
-0.39532719158250312
0.06154929317551798
0.40477984874698697
0.2717264981830656
0.2600087893511876
0.20391870268103585
0.35382649687918899
0.25226060656123545
-0.36254717982371626
-0.20888715623247806
-0.10661410722972466
-0.29982101757074592
-0.015506884668924702
-0.12728069500559253
-0.013350754275563877
0.56736131373386611
0.440342815282529
-0.53351185701839021
-0.1490252150794866
0.53387135152124787
-0.35926194864734962
0.037262123897506418
-0.20839203461080366
0.71371986292395306
0.16374136229406061
-0.25474565935235505
0.32443337940621442
-0.292469005731188
0.032323439878557542
0.047495343837838308
0.090202974434446873
0.23682581706662328
0.020701031572075899
-0.39433125614765147
-0.25536648874638201
-0.24489084743568681
0.072266664802427188
0.099315951440448191
0.13564756788229423
-0.24630441271114586
0.22359074045008012
-0.054905947473955517
0.33199931195074334
0.40558010968459407
-0.58321759339823775
-0.36645612022724383
-0.045845342133324966
0.086479285422687818
0.11218745795001761
0.79386838002555771
-0.14195514875434634
-0.35665024649833038
0.46050202926942452
0.15069681652334099
-0.47276821360258708
0.42871235921698675
-0.089137585819290016
0.46050982883478248
-0.32385904189290377
