0.11549760938218465
-0.26415177759970815
-0.16373054139364868
-0.081421643714794989
-0.15963881198348917
0.47219430659159511
0.25915886845056191
-0.22525670187298527
-0.39241596504221704
0.087026381868684888
0.49203887110347505
-0.11090381890881748
-0.035902660341754579
-0.32124675536280139
0.20900819543698779
0.51178804680045231
-0.12655466938985427
0.00591290544145968
0.32962814971064769
0.19632646795569542
0.46449051007088638
0.66968883297931725
-0.28957083129208533
-0.32288209710650279
0.016474818867641506
0.049528636634694014
0.14890054615171769
-0.050783114380757728
0.17316740981585196
0.50513741033832738
-0.43208637733007838
-0.035756357017312813
-0.4709962981811785
0.026575786485350535
-0.073562329372314814
0.26796127053410179
-0.12613012383434219
0.33089162061503008
0.15665816096956617
0.024450201169027831
0.0039100383845509365
0.22771314300846029
-0.29910897347901766
-0.19309656871634134
-0.081096490662049645
0.10638449104174054
-0.33053577465611172
0.014100493757563393
-0.43286521054070631
-0.19341344230764557
-0.19676696443222291
0.11575264387595777
0.21268696013698099
-0.10247937253490509
-0.16143281445565014
0.17279544461319638
-0.22331986490341302
-0.46639775449158311
-0.13924166413754732
-0.085407391634833504
0.38479881034684349
0.22776431391862642
-0.027332267315872884
0.40220625396888493
0.096564926626534126
-0.49810327852079972
0.51906530703795706
0.16182550327936029
0.12698483597247961
-0.2446985121397493
-0.088458429161796276
0.49874443127605372
0.80552112798338649
-0.0051882738084164087
-0.20877369134133053
0.2784216656564279
-0.56064436488717739
-0.23230279234269785
-0.29174824203176808
0.32501912964980428
-0.096380520626928951
-0.19817839117425365
-0.015346040809391774
0.11916963730875611
-0.21810991872679636
0.31780866001780556
-0.052939846628060505
0.021683504995691834
-0.4156666560500713
0.081963586091799864
-0.25592606883802788
0.11667704875721881
-0.28827089491332536
-0.41891299826591422
-0.59849137870912017
-0.15930630502209611
-0.012209207068574909
0.19157231128798241
-0.025985991962787586
0.03818453168196443
-0.31165221422816658
-0.16158547647209207
0.1135829590693142
-0.093625525660756534
0.26203349219194794
-0.4615988669028121
0.59922636168450305
-0.25227787566585991
-0.14443708740860176
-0.60127920272710234
0.43484320812691113
-0.45666963260736976
-0.23169100771657003
0.37889020893843495
-0.060973779222238213
0.019464179151654479
0.051260719198113612
0.092814421919577103
0.24781741915175154
0.30172149436486334
-0.37673037323161185
-0.16688173429899053
-0.15724935527647554
-0.17398365915959504
-0.18279511513546165
-0.40105463356708781
-0.17887010973661263
0.037379250727073585
-0.031237077063823282
-0.035474575681730444
0.24236938379291237
0.59296150913560752
0.46985517067916288
0.18701802597001849
-0.35861188172147401
0.058235934102871104
0.28331390578388183
0.10579975415743446
0.2279747848171452
-0.53098175550263149
-0.029451970876078093
0.1144028654598271
0.093236092455224559
0.079432064498334537
0.24857122240797075
-0.43067298374919044
0.3319951387650461
0.54030235531111481
-0.63017163020572153
-0.24066142783113523
-0.28659309340457917
-0.13010726482992746
-0.11273322143526258
0.25934403277803469
0.076780410931973117
0.61291290476126881
-0.27391678262002961
0.49728367814023522
-0.060446645434990294
-0.66837768863306057
-0.10103270139573438
0.31299822682165918
-0.098397111528264219
0.13092201545735904
-0.4164986387792477
0.39305000746187285
0.055386103144033451
-0.020116141045733761
0.072287773054702936
-0.42598145960917511
-0.13602785777194207
0.00051329832097243692
-0.1815038713259795
-0.13348964109828901
-0.1290858651389242
-0.1902408482523073
-0.079666859352867048
0.069769976239044698
-0.031904136046172787
0.023430753226110688
0.031605865646517357
0.064735259834563255
-0.46042565364377863
-0.32328915008674364
-0.1360787147691199
-0.10299145300710906
-0.1614987107714897
0.28403929875542372
0.30596818043235141
-0.22533256165808765
0.37957785754190088
0.37392052284626948
0.65088494610766545
-0.27404475934905387
0.43210628491271141
0.094987938621390586
-0.30865498106408013
0.59401629773036879
0.096100246817372004
-0.37301607121148589
-0.22236552553273736
0.091677259155352187
0.046440133484926385
0.35553736411321119
0.15833984606642795
0.29392018205594689
-0.25895670659092285
0.23141232161471381
0.37211043893436641
0.55427813461384245
-0.25007516939957741
-0.24849045829903471
-0.0036500783556795311
-0.58446007954826085
0.24626066674033034
0.33028885097303384
-0.18130221846460071
0.14280317808974038
-0.63869794245397704
0.432363167019503
0.018388505567970333
0.10115367294198617
-0.53376745507831569
0.018767454642736464
-0.14220351071890006
-0.14098900076429416
-0.047693453364347355
-0.026257898632404734
-0.049672813883558674
-0.2546325267386042
-0.056288110650232162
-0.21478726834896317
-0.26733506504223115
-0.10380769639480043
0.18456469390571414
-0.2688337444711581
-0.0033492935085789417
0.53022356116200564
-0.43937130467873009
-0.11116997969406549
0.28876919138636292
0.073281981256022782
0.19709628342090801
0.15979527095920923
-0.32981401379185926
-0.12494941261323676
-0.10137339661543626
0.42202564755936628
0.26841671117504001
0.37496946767427641
-0.39479097680349401
-0.15737680405677862
0.17374519891053342
0.16971629428142504
0.10872159980145146
-0.48750829350034774
0.26316433328219052
-0.37694688795323239
-0.016184398463279806
-0.018071250288996841
0.071530077253283045
0.024996152668731057
0.053830988768930596
-0.26683566113900115
0.14224010393338654
0.7282962890030733
-0.26062000466643409
-0.21151474739968223
0.04574493651523822
-0.061798618575483348
-0.065799672933441772
-0.35697879491036161
-0.05425037849422245
-0.031101459552248564
0.074929853150120962
0.5929496143371874
