0.063707929154540141
0.38982921034495299
-0.0165622377270216
0.020711823601675013
0.030436049385701471
0.48660149274646697
-0.19101150150009574
0.23865020469154571
-0.22265743154948126
-0.21302825705009465
0.24796319447403004
-0.10356009374947803
-0.30338843816369421
-0.30474252969484072
-0.76473973418150665
-0.25360755455956363
-0.31438585292041371
0.50870912889531028
0.27775651158077669
-0.24265003406136804
0.23786882950322241
0.562536962146992
-0.29913177475451758
-0.0039487231542022225
0.1327974013416105
0.19174092033149856
-0.28773957861623689
0.45254584448903101
-0.083948500773555548
0.52632178341715474
-0.010790949671230484
0.080523415238542617
0.13799304235602347
-0.18828462461830214
-0.43606988360108534
0.21733464025022012
-0.14057903020427845
0.05244742450592673
0.16073226447566277
0.27043927979570942
0.16062722646819283
0.11923039762703164
0.24027529218068144
0.14994289476983411
0.48019845077172674
-0.14191414084035051
0.11516042066294935
-0.14637742089469885
0.19883320832188228
0.058951231283174005
-0.25566402082759226
-0.053299961539835849
0.059323197382607572
0.41385252816392765
-0.19298119015768725
-0.18908288019342348
0.036641523356295835
0.63756794547084528
-0.22020476480020704
0.022654609429564196
0.31902027750254358
-0.18137333982803144
-0.41851439721299522
-0.07255248443791483
-0.19563799067556406
-0.43336469550103257
0.037291103413722632
0.22171715335641673
-0.071572451014866298
-0.10226536835798948
0.15450926672083828
0.15032875669272219
0.058391437391325372
0.25707662871861736
0.054990240098489275
-0.18203032669794197
-0.17535470317204185
0.31691262526992003
-0.10601356518829527
0.32246750242387179
0.16644012662181976
0.11414236424957874
-0.13067917594254896
-0.21169810593726404
0.52048133646265105
0.54459664354193282
0.15531070902620742
0.11926186254138851
0.18418492637850328
0.12326084954190177
-0.12115249815697908
0.26265895232267211
0.2813268061468171
0.61715039198806654
0.27118660749884821
-0.15986479733060333
-0.1348957202120174
-0.025131184799952678
-0.15669028870659146
0.10966335567489637
-0.11399894780940796
0.11291864274287018
-0.32807704409509214
0.35935269585760826
-0.37816754736913366
0.26271127199412186
0.37002879007873662
-0.22337209886707657
0.1734057729543777
-0.059847833427675662
0.016671012089688977
-0.18842161316464087
-0.059943748066875184
-0.29103662561966454
-0.010322041761401328
0.55032383099572157
0.30296413383474025
0.29871146728231285
0.2657173793342486
-0.070071454590243207
0.22785867476484134
0.022998229916492394
0.20466047281057326
-0.22113860152560208
0.36334686272621958
-0.20833624818993779
0.074100797338200575
0.23834154072987362
-0.029661383715080925
0.031677888064645596
-0.29150986364831477
-0.01673557590431142
-0.57465147518446102
-0.18192876925143003
0.04638098078229895
0.19395627150367464
0.09449920332085894
-0.37095183649069258
0.26976588152275244
-0.14182898495015692
0.36764351136689105
-0.016004067637781727
0.080038189840897292
-0.075783377402053528
-0.31841763069340773
0.18226398393527524
-0.060702247876819923
-0.11085674694685879
-0.25769123421414908
0.26479763183843524
0.015020231422099468
-0.3007655120430846
0.085895907646266478
-0.096354030549049549
-0.17341683780442488
-0.28865674642845834
0.18822120098420769
0.12026237943122416
-0.0042020077584515722
0.23623217910097918
0.058041504435963183
-0.33160637814851385
0.063209413918945842
0.14195083155116867
0.15183825456534156
-0.061756668736444725
-0.44906825581513421
0.20825108508882859
-0.04007509245745712
-0.3133887121855613
0.091123087283690618
0.10681471810404897
-0.1297707848330413
-0.20951789411419297
0.33403072684494933
-0.49841854302641198
-0.081982180909967908
-0.15513402439118312
-0.053093391207509888
0.099596361270006428
-0.17958240735984093
-0.61686324443480378
-0.11071529703326789
-0.56382408455447897
0.046328386263833343
-0.0056804466723000338
0.094994747264485813
0.064016283536493385
0.20701201798572993
0.27613908365831169
-0.58073664582457174
0.31115572836724548
-0.21021909939603556
-0.088983712659476397
0.21167006720718459
0.15011969625776156
-0.13005577235275873
0.13063996146442314
-0.44360379045411974
-0.25242338014753113
-0.11274023496010707
-0.10930483159574966
0.31769518290270593
0.30779309906059488
0.20722545019825606
0.024279485165324077
0.076516806593896189
0.19598699929531124
0.27962687646820505
-0.18145475080201467
-0.010879558818078347
0.079639867196015332
0.14587339214213627
-0.12469528437891403
-0.10937886111837215
-0.32093767183693672
-0.65486186880115982
0.043105956277557284
-0.040037162142639672
0.32256060857318514
0.0013701387627102586
0.47379138752215444
-0.36184159413076278
-0.0048869474911442052
0.25118064485754316
-0.041041261334107369
0.18013622138641797
0.17561220265063912
0.0095055207498214098
-0.2413789888548645
-0.42851672345906489
0.30113111091183997
0.2804137197418472
0.016583469803710931
-0.27026175150892584
-0.38419031123207459
0.0099356777211615562
-0.16740782888155653
0.27915204457030934
-0.049441781480396657
0.10326396530827373
-0.17361975550188605
-0.19969326390932718
-0.28389582440341782
-0.64107874157060596
0.3149356627123458
-0.10306111067564294
-0.15629254149693886
0.33889230645067836
0.25144086359677209
-0.13701053366583099
0.20722096193730188
-0.21971755138176552
-0.17365193869569262
-0.17213746458456841
-0.068729793149045093
0.22890827497136162
-0.15563481000819812
-0.27147016605104818
-0.055607084379855655
0.22046777045729885
-0.072693050056635677
-0.035136865194858542
0.23893886970174735
0.074272479166336086
-0.12326272337050516
0.11595908643741139
-0.43560781470903787
0.53685176859460948
-0.48617276967510631
-0.16934296491502113
0.076202975819031363
0.15636017361688137
-0.071863826065040354
0.087701635405487935
0.19696516681903917
0.11866086933735888
-0.056687688541299741
0.071173696377509033
0.25034829215990501
-0.32351316108977113
0.35001235011043152
0.014992445438843678
0.017354229204802299
0.28373234825519239
0.50094051996979472
0.00047984465551036083
0.043185665633599761
0.14737103559490394
0.1534268590837167
0.28909538473510288
0.26602959851341962
-0.028484542361727334
0.15775278960504388
0.12518525389153584
-0.16705576161676233
-0.17974089267546697
0.18148025510015539
0.038034079771292244
0.081829421969391053
-0.20710435425365148
0.22138668288695842
0.20391563497311491
-0.20296740815830377
0.23562845902456162
-0.12065318363920197
-0.20622015849679382
-0.079214444383555516
-0.12145549543982666
-0.1309454461166919
0.16720216785430048
0.30404591481061122
0.067190797506905292
-0.10709671016732496
0.1169706340225608
-0.39332452724116268
0.30539823691275797
0.11068916264866892
0.46167835619563791
0.042437750447383391
0.03372655104899018
-0.07190691727542263
0.3429480046043063
-0.025450606074161837
-0.11326326947222234
0.44580410297313916
0.165656787728374
-0.54038816160461089
-0.011749981790957213
0.039833981636525399
0.091909543039782535
-0.16951158312355083
-0.11004678460063394
-0.27013321097847398
0.33181396783560407
-0.62039187956884767
-0.18379761228546895
-0.085176493921379451
-0.13789028591268873
-0.23181166775574591
0.21950859873723386
-0.12406489250433278
-0.18824149017390313
-0.2697130261296265
-0.22395275752266999
-0.19617364955416922
0.23580739977843265
-0.015467957472235562
0.14376173713083124
-0.12674847580765775
0.13158658679002286
0.043599163462637702
-0.076589718414629651
0.062869601582110524
-0.57260595207922482
0.016434609586095942
0.15918230366408057
0.25020271397120791
0.61294262228074037
0.066191372610942656
0.31289822359228781
-0.12667405151222166
-0.42990326198075901
-0.043922810460882179
0.29939761186375236
-0.028325313317897453
-0.33995063651369806
-0.51243754976142863
5.3808257545106061e-05
0.28716817812843443
-0.052578892028977524
-0.42403521901888858
0.25296976525340414
-0.29652441555555409
-0.27602508134324255
0.028854159532327835
-0.14158038479160656
-0.30152321122319664
0.2564636829475781
-0.023297445067688917
0.4653705593941424
0.26771353480215804
-0.042567192361336763
0.13477119011872324
0.40368700954342973
-0.070655796692415618
-0.45786694773274256
0.15687336093344931
-0.039595423900853181
-0.081597078642163173
-0.19818244967581566
-0.19207059523386666
0.41835632393442157
0.25525251823804418
-0.0022293016000888969
-0.045316051440160598
-0.28528712446975918
0.014866638318297954
-0.62144453748237027
-0.15767479603061993
-0.032368043333988052
0.64522814958657537
0.56620481531142608
-0.16817861034795686
-0.19712868355805335
0.4900747138934336
0.2186070241554533
-0.15272433499757782
-0.31347802554044207
0.12671389816884296
0.09711026118544322
0.33473910921763178
0.12057471645735456
-0.15814799332836513
-0.29087161096142466
0.17728276652475086
-0.1307392231374038
0.019421626658373697
0.11757125575034333
-0.066749839425711208
0.094412104469222741
-0.2327260290004346
-0.010988802816109212
-0.38571642666230987
0.19858762679748396
-0.10782548103206298
0.1662187133198485
-0.053879202572088489
-0.012359988537994394
-0.36418783291876633
0.22056764277172294
0.022999600332091433
0.13087829777861176
0.19993753584306179
-0.0050166984273565529
0.33928312288920526
0.24495340530575976
-0.27143716326367756
0.21485419300384467
0.13819019394894375
0.36552060241812856
-0.071749351733854896
0.30446227963671429
0.35677390798066011
-0.19453207082242835
-0.6903907195654716
-0.25916879594291581
-0.51281523965822129
-0.59039051639626661
-0.17105146739727695
0.19176682090545463
-0.3549842839207894
-0.17922289734917024
0.26848696918440795
-0.24650146578286375
-0.13863291506092368
0.092894088866548416
-0.093807541204520964
0.038315260195484868
-0.064753021514822498
-0.36990740964075641
-0.041706768262426315
-0.25611293391327489
0.075427654855833692
-0.55480326644828448
