-0.26487642322344473
0.13972857401814281
0.35171486760854659
-0.52804910551817641
0.27421385296072892
0.7112526178387647
0.50259157756776962
0.26537917504009906
-0.0589147033876707
-0.079304832885887661
0.19300010367269785
-0.21697178888064964
0.085605889643549107
-0.46166343794377318
0.033565701916386886
0.054990386815959191
0.58584242241951612
0.26728993188876798
0.42895991098600117
0.17836243818484535
0.0035391799197301071
0.14083406499107171
0.39329837431888853
-0.029802025255490971
-0.0066904190511719221
0.071225954247261108
-0.12080354856570244
0.43581501964569086
0.56760552686005683
0.30992081810833277
0.41215208265224518
-0.75180970716235584
-0.64909742355668187
-0.17932554526088415
-0.26317210298987564
-0.26064954259198586
0.26089797245648344
-0.1442890539749522
-0.81875696258119057
-0.0021209936874380516
0.060348115569199973
-0.24847406913916492
-0.44421577080664681
0.1441838212572315
0.11516173632645903
-0.034543481446714583
-0.06584758565918411
0.16906756089243555
-0.24636944681545198
-0.021489014499761854
0.16319212869370817
0.46963786794859019
-0.53843991149387949
0.25316635242597907
-0.35304896756976406
-0.051102827611347858
0.32661637329853666
-0.30055723235419812
-0.24313954398378093
0.038133303262778452
-0.27474731732781466
-0.15875207621489637
-0.34260636879188128
-0.12712178691698442
-0.14404899376084784
-0.46683188459146724
0.080875257624249311
0.1627988565845114
0.18098577584283421
-0.057793302282145728
0.29787612312133049
-0.2406575246147345
-0.017485982427055836
-0.12175631670849307
0.42301879630374334
0.12285296468283197
0.077692967286750444
-0.10511805678431939
0.25114863951837274
0.037385214520668973
0.16436976421607108
0.1893830541555758
0.29678182251266622
-0.38213004550400897
0.67192697566249138
-0.13678239373178261
-0.47495221498111301
-0.61801508964123941
-0.53147193572103824
0.22450738409841961
-0.020440827596915619
0.056093636075546884
0.32322251958332154
-0.58937705475869884
-0.18551339945371842
-0.070326483250192445
0.30179919744857836
0.041903945482971931
-0.69955736133713076
0.42763115326053736
-0.19544600869328332
-0.24260050297649766
-0.29921501633213654
0.1370303295062002
-0.35536150444493564
0.18115989595618151
-0.86577666905121353
-0.22924177681433464
0.58001069161526031
-0.33347095683623978
-0.096390696360929368
0.16808336957035316
0.21735062146660436
-0.28050762572700771
0.37849092255525746
-0.069842107973083045
0.17993191795979258
0.044694200573390581
-0.13949598076160627
0.051614015953074271
-0.29293986572243175
-0.2549910539819209
0.25923896288970316
-0.080381534180457626
0.39976752763556356
0.10601588585547912
0.2946478774543943
-0.40018273374528623
0.23106079384484512
-0.17932393508746125
0.014112853584943363
-0.25188436688851668
0.4705880880505327
-0.29557529665357674
0.37224094744555947
-0.42320650188255343
0.35603756531532887
-0.26363434467970237
-0.38894228158857835
-0.52062784177389199
-0.15247793715240573
0.10479437547954762
-0.10551565049057819
-0.092060394149967972
-0.24016219501592351
-0.13925470643955604
-0.32565640540097374
-0.25225522579947596
-0.28476952341051714
0.24764263670703318
0.6354017680087457
-0.029820754038323748
0.1804084227897762
-0.11792050402902098
0.54322913521699423
-0.67512219634069592
0.10349758591274195
-0.42387333998740118
0.44313606755319107
0.68423343410869897
0.30301439427659799
0.22409780074130303
0.30596314740000741
0.36417153332055618
0.21201486413093545
0.077576218295637836
0.096057392160203578
0.53219517711404751
0.26172379278761293
-0.37407483956120474
0.046378675141808288
