0.14136338436121482
-0.11751703647136694
0.16037877645018897
-0.10942344478324355
-0.23893315066091009
0.34706867434206812
-0.17985710758129067
-0.66572265178764567
0.024213022295361875
0.22591629997256346
0.17191937850233202
0.17523272273703214
0.25336088985550059
0.2178572786167387
-0.096530514777820986
-0.1774593932905778
0.30962163043530228
-0.099338983048789686
-0.092514862841807669
-0.36767019033055071
-0.16285323448295466
-0.24903395947770404
-0.3374159056644026
0.30643876382169416
0.31555501216622833
-0.41191410323753669
-0.091293608231701406
0.37947727308253992
0.018488158119397649
0.091165728654160103
0.56263267543547046
-0.46167062590893143
0.082219503629143459
0.21337411398413464
0.037899355689728971
1.051176421944479
0.4292045869733378
0.1258400174929839
0.284217493749163
-0.24855128760221637
0.065055132692205406
0.15431026237847484
0.2483957469590076
0.23364242342469396
0.096730181322810901
0.17022320324298379
-0.064958986620627657
0.043873595066578126
0.32393983524988779
0.036664668968042657
-0.13823962317591384
-0.29275899960126001
0.015340884340833258
-0.081396229238175355
-0.0043446503298353572
-0.17958933325492021
-0.088507963570093759
0.22384699691226906
0.060535790170027227
-0.56065473723637482
0.13720156446868598
-0.012691943906371196
-0.017688171121947153
0.097739387148528339
-0.101593831317731
0.20414926202170214
0.60499053373007783
-0.18686138498804269
0.17157959078208382
0.054204753362239462
-0.089622248347286854
-0.12133401513188259
-0.15676969983706893
-0.063752629161070093
-0.099768646862495008
0.32293572419123545
0.036932415006971343
0.1599932115184047
0.080840046937617011
0.26884798499021895
0.27565117114617405
-0.084965879197397468
-0.030610348732034741
0.076548503970507567
-0.085209147644574573
0.17362830213189562
0.010593046452746705
0.053157031015354635
0.38626794371261874
0.26042327182558345
-0.120627317517753
-0.25799347320521482
0.056851423115361531
-0.053380300328279132
0.16642354493110495
-0.16834083804797556
-0.1163745747055363
0.28527565464492194
-0.37011933736078984
-0.21813834187273631
-0.058074548963294295
0.056391169551767269
0.28795653631214435
-0.091499787606216132
0.32258389596973785
-0.2178870267891776
-0.14677288432653499
0.055976774655022724
0.21696358251492034
-0.0070406303411643155
0.024218201990676844
0.24989376987752965
-0.20271453670686965
0.26624602114446272
-0.10532629741266814
0.38373823676198732
0.35976341365047565
0.28588369636946748
0.0083946130627428339
-0.1702832280960026
0.19817844749404601
-0.072829099461173774
0.18777128732676643
-0.37925871605925526
0.40063819226122127
-0.17512101317258869
0.11669486210287323
0.078471348349861331
0.14533878761417407
-0.0088140253248611498
-0.16185751142839924
0.2647641774061788
0.024653750723537038
-0.22505572586910991
-0.13040998959991024
0.84074644573309243
-0.44530050526737031
0.02496471339300808
0.04773908535024618
0.2895926043455872
0.045060845484630678
0.16265215531074304
0.080540889241742242
0.091361611129856232
-0.28823446903015904
0.40777194955752949
0.67174396888198473
-0.019165325387963457
-0.011932415987525291
-0.16308965955443622
-0.59256192498668459
0.010385788289763911
0.06562357218040421
0.28486766190883778
-0.20463588970222538
0.069863437181773611
0.039216181490861403
-0.16431109853796697
0.25888127399094696
-0.024492994057351846
-0.52288371440427694
-0.13662259020719855
-0.017081851603956363
-0.036382547870024672
-0.23265123007916491
0.47865161911466575
-0.21531994634120702
-0.41885073117848132
-0.25898428635613019
0.099113440203921835
0.027437414379389177
0.41194979856883546
0.52850481293283569
-0.079432913939182476
0.10764936374107963
0.25295795761379275
-0.02507681851817381
0.27027970720555916
-0.040624307444422941
-0.31910797447107203
0.25367441624522347
0.19231230258038801
0.59140183850090278
-0.31313431838648753
-0.047204281839477627
0.31668910387397653
-0.20023872963956416
0.15901780196736653
0.20547622305435556
-0.071425173246424251
0.30959880600890799
0.15534717176935564
-0.73580100025668749
0.001779534533873698
0.36732929237565159
0.37014767913418845
0.092726802919712553
0.27707949962315986
0.26033441337845226
0.16923174881628369
-0.06066819894420121
0.14357677628770352
0.25016141763940031
0.17399413565493541
0.34067499128526296
-0.233685735199854
0.083699644436640158
0.45458611768239132
-0.15090815162626334
-0.0073074370071458993
-0.12900653057925099
-0.1156612429855568
0.43592766048527531
0.10042314006440306
-0.17007605619956201
-0.23334497076967819
-0.50568748607413694
0.3564723144981039
-0.052511242078245743
-0.34971115540752751
0.30172993622331934
-0.11925589408983256
0.26658205560504888
-0.2623361788856875
0.38698693491487374
0.18999297293808817
-0.2482843367637895
-0.13504700743663817
-0.13892784868541017
-0.23616942645283653
0.10435040454318291
0.29990498926724773
-0.10022620040225561
-0.19942724252164229
-0.13243647681700188
0.62608998555426465
-0.16042870052058431
0.1662233319399066
0.089593265375418549
-0.1796654984959587
-0.29593745561146656
0.061559428295579852
0.43793232637840807
0.43838256533436359
0.0075887258838867912
0.57141025144450808
-0.37955995417060201
0.61797198776010953
0.040407861115025402
0.14653637595220737
-0.32817423815224928
0.054562256649201328
0.13737757514237431
-0.062343864539884289
0.7625106241550722
0.32865029832335246
0.39931314252788663
0.31280554943203914
0.084964082755876913
0.21819313156340198
0.37636433558102833
0.1270849327394914
-0.23737342691058874
0.063009096378631849
0.11157591309691482
0.034357293786964269
-0.40938563118081417
0.55620852194213843
0.024114171276335496
-0.60069380740000378
0.02775245479511261
0.10274268355529023
0.49586536616240279
0.014553274985282517
0.12982702150697684
-0.019612122621484717
-0.45011593215818263
0.51704792321080895
0.34696546172784309
-0.098363830735042318
-0.12940351032199762
0.44749933402077607
-0.39506233661431023
0.018081135988508645
-0.13342827982123537
-0.045145361993780983
-0.30842727084025384
0.34440644551813099
-0.076944943823081036
0.093575869158981528
0.21771192119373442
-0.39843594242756519
-0.14080471168947389
0.10615850871520122
0.099897913293382185
0.10647207072911913
-0.1629868601937717
0.27404832557010544
-0.47113182326649494
0.64017717948733588
0.31981825711839718
-0.19050529032985922
-0.10935313748886155
-0.25449442679890505
0.25082869772323824
-0.23992541140650908
0.27793917507153643
-0.26042151665861601
-0.088118013692941741
-0.19744430125338952
0.24884535793334414
-0.30766484801661592
0.21157523542041071
-0.072883529942341596
-0.095550552222033708
0.59234697424810789
0.66566421232523987
0.076822217149903116
0.3989914535408699
-0.053355754990112504
-0.24023710609970234
-0.44006612369222786
0.058587055901186548
0.22706632992249667
-0.068433982186305725
-0.2041900208986375
-0.20101980760701499
0.10145961040430161
-0.018659917211553818
-0.41826296506582278
0.23950643293764254
0.3452819493578918
0.075691304390724717
0.044859615428806142
0.17780740444120285
-0.024202598951658608
0.37172278108745499
0.12608846904255999
0.074419597427694426
0.30900216552946308
0.014988503541457678
-0.48490011209601969
-0.18878912332649456
-0.38561518204949463
-0.14837824448715495
-0.24787545510620482
-0.026130622145947972
-0.15228151212974605
0.62172532043986206
0.11251853529675351
0.0017658372211238492
