0.19638570099388847
-0.17062550686696784
-0.06160391331728677
-0.23406980736828079
0.22502866699351093
0.034197212036257578
-0.34592693786578016
0.51973459794231647
0.13633860672847101
0.13207743649066142
0.13639515983377989
0.89395537625656196
0.088314439249631643
-0.18859690475781052
0.4585603127000738
-0.095735692873120948
-0.36162547614378932
-0.16295558586088116
0.50658868445276461
-0.22665784903992392
-0.28365136602999008
0.22285869792553728
-0.15157804583313722
0.10658273167364329
-0.11813675876792785
-0.049401993310804214
-0.21963851075151972
0.20876501555660476
0.17535140807722396
0.031745423609455904
-0.50938684499089326
-0.17368519793966342
0.1350013703008035
0.33058799626520791
-0.0034271049814153512
-0.12349075630872013
-0.39551463208472243
-0.27942571992640813
0.049433368547189993
-0.2034131565701694
0.12500790610888907
0.85906413797529191
0.23618795050041225
-0.10560472017456192
-0.16173112873751744
-0.15338972910916282
0.26664983205637416
-0.018070250086620838
-0.1830861332401372
0.041157078214408886
1.209324470618578
0.39646879534844148
-0.12321546350282191
0.44604118867909343
-0.17209985328594687
-0.20343611140610063
-0.0048965201753022663
0.2091195046023355
-0.045006759770102524
-0.36444570951121574
-0.26358874552277234
-0.014485464798199175
0.12394901688938979
-0.26164152159761594
0.30712240715773709
0.17493251845479227
0.036249700031645002
-0.19190819270219056
-0.12760419597987926
0.06826070862193713
0.11029350688716362
-0.25554902904498894
-0.23904549728979535
0.08137167127006345
0.28145228614883866
-0.040487253707416689
-0.24189800978432441
0.087146831235779182
0.15043689216236053
0.35999370541336284
0.0054334945957303215
-0.26429243200737096
-0.045881767943410409
-0.20746907535291478
0.147591433771458
-0.49694942650244289
0.27940476601353348
-0.12189937142909608
-0.25565507840577251
-0.1514973265456693
0.13206070149203392
-0.34917131305590549
-0.39251781977472922
-0.13959460909970398
0.26199180969058239
0.18027476437736584
-0.38186225260023765
-0.31802071306397861
0.048907317704748127
-0.17326031282666093
0.38812870842380121
0.03269739656525323
-0.34728173709246207
-0.65839145027169121
-0.15076477643079728
0.72329297926453551
-0.13071152674966985
-0.22226740242694762
0.51673867238550997
0.017146560493104285
0.37487870780906396
0.10059209901292812
-0.13350073772984966
0.22167048078488369
-0.46288421933286794
0.021104322617293104
0.086134109365252787
-0.32098407117314215
0.37360413136845705
-0.51600439341271731
-0.022697936112875121
-0.55701259633103806
-0.024853935947530222
-0.0035148934353469502
-0.31118887419650038
-0.14689830645189464
-0.44888768140101803
-0.13834742559687216
-0.25616136780473331
0.39642012454339814
0.34716340642599453
-0.039764822219146123
-0.4821568827686003
0.33034769655341939
0.032903757371730555
0.2430334899780193
-0.1983469742793445
0.41182808860869996
-0.27976148279566915
0.34446449705099219
-0.021765211303810539
0.35494042040864904
0.13796893497790436
-0.46070968272814139
-0.65945992413222887
0.094882928273327047
-0.60198402935737449
-0.052708476087240018
-0.6307978457752933
0.06560131959434963
0.1283584209063898
0.16715580827687454
0.36421789008838418
-0.023873326208372025
-0.2667120799093276
0.64777255895566277
-0.40110106249869881
0.18085668431182272
0.22794714549532527
0.020735443977648118
0.13557772699012968
0.55640440359082344
-0.02657895830404243
0.65698586584475627
-0.23630561985206705
0.024779616839063212
0.56403934719835414
0.17210552389632963
-0.37369466269784646
-0.25968563842634135
-0.020408102237056733
0.36794712563358134
-0.46861408079002326
-0.57771896671624778
0.30171437103157084
0.67946857631076396
0.33081500512223527
0.10300791011113264
-0.16611443223465933
-0.47746407271203917
0.0072329990655952414
0.28166143043546538
-0.40470860045065721
-0.11524905061703385
0.24501776537662837
-0.089872238444130184
-0.3126265466161976
-0.13717509423473931
0.092280024083415013
-0.12724800941592557
0.063272517369596534
-0.39135857456262907
0.089346577146724754
0.32666799881372321
0.39220236833421107
-0.11146341363218643
0.53387887777797471
-0.28531504047477813
0.11035103852651959
0.096401698393523097
-0.069416800783134294
-0.38560933360229394
0.43959278182360084
-0.048189621831925739
0.042650049014709132
0.13666988344396094
-0.19423392717423346
0.056679619878518134
-0.4757726492070698
-0.012003949813334651
