-0.34509366970469546
0.58699176004378673
0.18736473475091531
-0.14271184418946209
0.30308516481995607
0.44091123126987691
-0.027795366648929471
0.59954501062956489
-0.18965972659221969
0.17791942874537867
0.48226118467349549
-0.34075720086638561
-0.39000988255228103
-0.245811798098103
-0.56268995396039012
-0.073058162879460709
-0.71191033444639151
-0.1976712179200735
0.15665113205525436
0.26497077633927041
0.10798119576127732
0.2799171769994292
0.2636312065409161
0.1583909808467456
-0.50719841465977011
-0.15762954701996246
-0.22733006620618551
-0.014108638820166237
-0.24006473598945843
0.22461851378700629
0.17725611999385496
0.11395787865757613
0.13182909104666579
0.20679110207851548
0.24256997470252198
-0.53532381410346463
0.17329430098973633
-0.30148978454386499
-0.17713009611752581
-0.41833462508429881
-0.11658361920663773
0.015419808179436634
-0.4399547885055079
0.2252544287723541
-0.011825418697399009
-0.022023912654850732
-0.0079515561230944377
0.082830579852296901
-0.24682838705032717
-0.066322179716652233
0.66698673328916336
0.011809318335156487
-0.054027320609804579
0.096521790944272837
0.27566586057206111
-0.22010065735198175
-0.52412049823725282
0.16062495345089878
-0.090034009425177211
0.58598531628011241
-0.038895062366995622
-0.050637342413654973
0.0081298311947662488
-0.30573788991444539
0.21763232301449062
0.20743676106544581
-0.49534991458884431
0.055073091113577645
-0.36062463259980881
0.1594394865496824
-0.087696051459439497
0.70424137723151614
0.3373751790472575
0.09037348445720976
0.23688294933965556
0.027370832193261752
-0.013718587888908257
-0.049312928977298075
-0.30399546198333272
0.53839569122258679
-0.062744168357683455
0.20897778845038789
0.29937787498281065
-0.33569662401229777
0.075925799595832774
-0.60359238066358822
0.40138000603325663
-0.13382235810688256
0.53154494205164915
-0.052781283418683489
0.054466775192628623
0.092611867244744489
-0.35101902130431156
0.36062207562090171
0.12301746354501839
-0.0057543496820253578
0.13452717769469422
0.01541401747675857
0.5938892173038044
0.34222454189365614
-0.10097959705404679
0.11830127068650147
-0.10141914384003049
0.22976069579093605
0.18719635086460004
0.48006502171472232
0.21075784254753346
-0.21467937221978603
0.25067398509340805
-0.15381115955287114
-0.30246390695324032
0.14227717899151063
0.18620063255829
0.30550690637159078
0.24993456896633484
-0.27357883043242293
-0.68032338391536507
-0.45977102442628792
-0.050681578408145814
-0.33980675020560769
-0.25990444721200201
-0.24097885493489254
-0.068534834045142365
-0.45398191283543576
0.026550671204953344
0.16807702542601125
0.0073536901694039314
-0.25280556793655862
0.20307006071466044
0.14366095408503785
-0.20212440929553452
-0.17297441022362819
0.063927350735411878
0.0036293111063216647
-0.35350899908660716
0.12092052061809007
0.54284418368154808
-0.16659988766556974
-0.057612522974141642
0.30756691653387497
0.050490413186650387
-0.049853990466520316
0.28083629989618125
-0.31234192517736858
-0.10210208589874521
0.001997038913538834
0.0035971114803991923
-0.075908032452316032
-0.28799415510594761
0.39966393238289499
0.50245211661906153
0.9879040140612293
0.021452776477410611
0.51356126039008654
-0.3730737979259699
-0.21552215684656922
-0.17846848572336443
0.33948895375414451
0.063012263367865265
0.33765843265574425
0.41663402408982553
-0.12565784013414394
0.37933826389410691
0.013903282025578613
-0.5989829880413583
-0.028708844077176068
0.34967965688149327
0.44973670358442058
0.21423847608092647
0.23488790138578036
0.54979583004516652
-0.19528372162230609
0.22037850158655847
-0.28034511389598543
-0.50110647034321265
-0.13902904659731688
-0.50909343131901275
-0.54613508775809949
-0.29667038139350543
-0.50143422041014085
0.18138671546601506
-0.12323828304987026
0.17868211906697978
0.051012295233401242
-0.29734666550284661
0.17877823718316538
0.02460926487966969
0.38565910504334189
-0.052957080666666163
0.52990730031879973
-0.37989935271864239
0.41234227402733142
0.91919464991604893
-0.00183753613105657
-0.28586265596298627
-0.58437823119528554
0.19252263723980306
0.040360410335195752
0.34941620408846175
0.051521742564438755
-0.078541808584699516
0.29170286303095555
-0.28988273637681566
-0.15138548317368766
-0.1349556568465512
0.13802614092103699
0.092790485247001828
0.19693931397463349
0.075141765739201866
0.36030332928046221
