0.41720473544274417
0.028175677809954686
-0.49473619432373267
0.28777989382049268
-0.48323813957701034
-0.23414059343452343
0.34304541587562365
-0.0347053577068605
-0.11471017199080427
-0.30949374907596044
0.18916156236122963
0.39029871311359127
-0.12903292711793374
-0.06538015291010113
0.23342705715753348
0.26473359409195207
0.25211284999776762
-0.43351311934278547
-0.27309290300865713
-0.88396184447381632
0.14907462890380146
-0.15268030788572606
0.60508186270198405
-0.13216103178673125
-0.1496041405539803
-0.54532896030142852
-0.23912799582719441
-0.17003892656173286
-0.21541049762051787
-0.22794005053378524
-0.076872249884534005
-0.24822247910685868
-0.45628424239069948
-0.039915789881369061
-0.87358969185284707
0.24329148549203949
0.030998095050319519
-0.033289419106379961
-0.52921940516974897
0.44710666448084291
-0.02774400346393242
-0.16900607011942337
-0.15548491673283904
-0.29415855520067552
0.13393088966130506
0.12423431318186458
-0.36762131431990153
-0.17637711349351617
0.13643556238703308
0.23231436082896073
-0.13867704881643741
-0.062499425597324562
-0.63919916639745111
0.0092322799950232057
0.11321439123330017
0.011994278041679607
-0.13931926918254295
-0.40302016487772668
-0.20707155907142685
-0.029737625424368894
0.089539222253787479
-0.22662805786331663
-0.31133075627316037
-0.29336852263097446
-0.42478971413846434
-0.41139483758354595
0.4833093321296828
-0.50136126266156045
-0.073467720130462308
-0.032444129817251276
-0.011236780107271343
0.18005907562791265
-0.35086817823969474
-0.087741137658893631
-0.12882425809694142
0.31558383372829996
0.28583981675279296
-0.28783072077140359
-0.31095922512267099
-0.29486637432001894
-0.6704559653185197
0.19060953014010601
0.26920151958397148
0.49114295585973067
0.21731803468927927
0.54923414109470037
0.35635041958252595
-0.10406520839400135
-0.29654717393247504
0.23728457332404534
-0.88589225522209236
0.37262445999359439
0.099579515017288844
0.16523972226074399
-0.36937447916495586
-0.046467906789364175
-0.04439689201885845
-0.19379238133909513
-0.081638204777064835
0.15922776588104443
0.33951086129124158
0.10474845274148346
0.20092539671537374
0.37410017642756876
0.10019310134905593
0.45150891823488448
-0.32740274662198476
-0.31524363000517253
-0.23333938959175141
-0.36002899444181241
-0.035507029803697847
-0.32955423495168523
0.30316107650888846
0.18416340741784004
0.030736154832852532
-0.31569706657319746
-0.17061427306376586
0.67036066145999362
-0.20484685585278153
-0.35970645748388119
0.44722374936960946
0.017062524560004788
0.38885882632057256
-0.024189500724316314
-0.41522392637683619
-0.46266749163387089
-0.2474757591395933
-0.25607106100080101
0.073782307281005113
0.11736291203064456
0.54567751272370546
-0.69929621789057372
0.20107321151662391
-0.18290091459701949
0.22768716835788305
-0.48019332958092353
0.28484036291516118
0.21770279788118913
0.36685160747934425
-0.23426835269565949
-0.10237301853510741
-0.1721697126139122
0.18891162214373258
0.068668435118262788
0.22568538626170301
0.33463170812939014
-0.25209727787506203
0.31704304349448348
0.40143204949837996
0.014465508383537502
-1.2637866108563427
0.2147155363244454
0.41823421116102688
