0.77094049215641214
-0.28477409399244275
0.36294321604947549
0.62827903627121062
-0.501758245092077
-0.093260622513980235
0.20765458792005068
0.30702923745970129
-0.2637029688754739
0.25755356650452155
-0.30689131093349864
-0.23959506615782469
-0.075491485734996422
0.45129093757241617
0.70505355953533
0.01257436564552239
-0.044135731746451586
0.24460118817974788
-0.63658655417121845
0.12487003192482019
0.24604144564853145
0.1376262972877984
0.51859592046201175
0.585169383774786
-0.22320594949331321
0.14996627095640896
0.30479377788726297
-0.51190452591526703
-0.72384545088943719
-0.16445190857736511
-0.31629711052104204
-0.1273069129083105
-0.38268038767212526
-0.045452284737818115
-0.37277731474035986
-0.090456765662515246
0.50688786476398262
0.05079609015626551
-0.13806149743067825
0.0141959250717079
0.37392989819658762
0.017113029451994291
-0.2454534309620077
1.0707799754421305
0.29657978787724171
0.38124546838765344
0.47648978243300877
0.59659198993232754
-0.13121270493071316
0.020301256220346103
-0.24729155927542265
-0.39941810914981041
0.41569234584891018
0.20925490048006679
0.30475966546814764
-0.059566949412912983
0.6400851746775621
-0.60437543257285953
0.064366758550487749
-0.37243587507349613
-0.64980453488023182
0.28297291213107745
0.96234828694576213
-0.09082269671828698
0.68328486991947623
0.16686245490516438
