-0.089947516451568413
-0.015812356256090555
0.11799377881481282
0.20220603497138037
-0.27590005075701379
-0.63898846367856676
0.31846805546576962
-0.20599537347969962
0.076853046883644791
0.23552661305736
0.39628414255060546
0.23537269718849327
0.17471247492334727
0.35208379570395598
0.21971657197987435
0.70365159773370289
-0.009453973290363649
0.40509412087331442
0.08551968418707738
-0.11203145144176863
-0.24785996816488209
0.70367073831163363
0.046692585844301429
-0.22183901943692644
0.0035632420527104925
0.2290097510804413
-0.32608156747130462
-0.026462324657266452
-0.0168392899200113
-0.000615171573991801
-0.39545684006140869
0.040334878166249553
-0.17553661594285105
0.19103906714252036
0.14936997758492662
-0.0073447877106605879
-0.20188362241592991
0.042576931361287519
-0.065112044888506582
-0.53676573385217452
-0.048492884107255219
-0.31017527777490761
0.039751480790586054
0.12274351095995836
0.054433028126764336
0.8048438468610275
-0.047166311213243585
0.14175513474049189
-0.46534461645069192
0.10258576365232917
-0.26859563246266399
-0.34361680368902692
-0.27979492802591777
0.16029406313037456
0.40775447666308406
-0.0196944394478306
-0.077258327225845816
-0.40742647393524517
0.28257825486399468
-0.03275393544874465
0.0077626966392810217
-0.10711205688423678
-0.22557116618657511
-0.2128642914530923
-0.27155252437895466
-0.07099987825637448
-0.094203593251099393
-0.18953869448955976
0.35739957660398081
-0.001369819083845889
-0.2506004314296395
-0.28643445060394479
-0.89810348661263661
-0.21484810044412994
-0.47262064553223282
-1.0738760620627603
-0.32359512985086325
-0.30020542336465367
0.062465728632655808
-0.21726925653326809
0.44782822108238313
0.17997833140035177
-0.047611332883162896
-0.13379113549936009
0.069032265680202043
0.69294489961248862
-0.36315474216862254
-0.16866512867619607
-0.38813497185929086
0.37176406655410404
0.49638846258563579
-0.41815385253183057
0.0090619679904169938
-0.13036540693119764
0.068810596695211002
0.51504120863645164
0.54500685951086147
0.43436365387997428
0.033720173876147036
-0.057099284057105959
-0.41372484251499297
-0.051977747559654959
0.1812978511382653
-0.64034150333450102
-0.45326006040637912
0.22394200908920192
0.070701595119412985
-0.47131632065055179
-0.48714753380943315
0.26564638805423657
1.0086695943243427
0.2591147160544473
0.14255407085260402
0.067393477056563039
-0.19529967447059257
0.070064515610702802
-0.14965048316778898
0.78605498641280791
-0.11259469392396339
0.035738166177004885
-0.11054765420973973
-0.060481857379700597
0.57938911198678655
-0.20032355836397808
-0.67747214974475656
0.33729055333564362
-0.81878249916153267
0.27678317593107532
0.55790014941864763
0.10102706761124711
-0.1790111512423373
-0.04140643140019723
0.39167139069467605
0.18054702567465122
-0.19925598038053596
-0.44952485716086954
