0.047216059553575683
0.34287472268883418
0.18677774676778608
-0.02057687220735532
-0.10385468722601371
0.17992410572134018
-0.29781715980106421
-0.36756941447472397
-0.59693672226987327
-0.07990631458671027
-0.029917412085450155
0.043747991538954138
0.09294911861389929
-0.12908230252708092
-0.017144546628825932
0.54717277316542812
-0.12765278450181858
0.71834922480952135
-0.046990847714890524
0.21226484259535774
0.07666325314194794
-0.14845918484066603
0.14611717971952107
0.59494237790385429
0.53047747580368265
-0.23176432734434016
0.045443020040118173
0.37897915398358734
0.08955872621924918
-0.12769897703897065
0.023995762875919514
-0.11134068151862923
-0.19027463179139381
0.095318973382045563
0.17008423492641958
0.2416850411585145
0.12481529540462898
0.8961759094928734
0.36592400186327234
-0.018816864826912159
0.13926266690538133
0.023449898762006382
0.10713428463776237
-0.48288109400381157
0.26228241738153857
-0.015527520639808579
0.09169590297264002
-0.0026169892741556493
-0.32167190610102825
0.22404960786530317
0.22425377704207908
0.16965180463690016
-0.054003289632604881
-0.060537575352847775
-0.36795338428002522
-0.023126467764309541
0.024895655837281719
0.1155609710270618
0.035300811838951021
0.44573877637154169
-0.271665616149179
-0.2527978663395698
-0.10836856434189782
-0.29429264088094936
-0.18471252760142018
-0.038141676322702794
0.18374136437043972
-0.39630955598390694
0.12654601184869715
0.10398505178480608
-0.19576855890615399
0.21436795327566349
0.12937742312812212
0.10436287575522471
-0.44025202723075813
-0.042853919960096416
0.29261580081109184
0.22671523585730358
-0.13826278006981971
-0.12062429639096449
-0.40025189941616018
-0.32734528716537298
0.48449126608103416
0.097831616445922212
-0.50924119986795169
0.2971280804777417
-0.16968282829129078
-0.16486753298915902
0.20188259255604127
0.020177492973889471
0.37449667608107506
-0.44204931709634226
0.10845133504925125
-0.30750121800301111
0.48783047502023014
-0.065422837668165396
0.54319521226869294
-0.35727090153928931
0.059904162345325723
0.014435491341173036
0.43178438191353935
-0.12463131734103278
-0.18199388870102121
0.19107151386736576
-0.28575362311291452
0.11527351827061699
0.099526844645895798
-0.14476897488411705
-0.12329355567215559
-0.18040843726501857
0.13518927270637313
0.06367335219585013
0.14767485910734712
-0.2687679956500621
0.17254099780711263
0.15078954153614554
-0.43245625446159003
0.30620098638689264
-0.32686607801867645
0.32532120326601821
0.26677819414770065
-0.20253744358176867
-0.36452789445707368
0.045593516220780388
0.22475611550602045
-0.093805245640651125
0.12295284781767923
0.095719675014779737
-0.27990440734646055
-0.088884101005518232
-0.15087199852839361
0.45669816414817938
-0.70916766770136375
-0.11463966526673044
-0.22708793232825247
0.0019200458728185273
-0.058309985082461872
-0.26760003273662486
0.20664925713505605
-0.23390282555658878
0.041568472376348052
0.46255276051715949
0.078289129807306665
0.036085395322935032
0.010204474396018983
0.30549802846421847
-0.53325664872678169
0.36581945538753624
-0.11369364953471355
0.041670960355738848
0.032969786495064754
-0.12895356157013943
-0.088782862335036974
0.024484117796565667
0.56584322127843634
-0.14911772584201005
-0.32750316862818507
0.40824175348929703
-0.006266563117865105
0.46441225169899153
-0.27211981478789843
0.65098244643047187
-0.49840943579255109
-0.40869251776382975
0.036415726524862538
0.34390983666173136
0.069498363208698039
0.15177152217252526
-0.587198455707996
0.033399211249487228
0.29007845353030537
-0.51006719429765435
-0.48908318228800263
-0.087128155391114237
0.18339909987900535
0.22821667557233585
-0.4002588216717376
0.1288606201487959
-0.26722392886800056
-0.3035449420161857
0.3157274863038762
0.29554251727608466
0.28863443585378262
0.38380981446522316
-0.12122467502844859
-0.12497561744320862
0.70896003085060044
0.11359075794175696
0.10133766053885435
0.073496933402693032
-0.14668997196281874
-0.11652745934292472
0.3336024777150256
0.18863886781818648
-0.05617839077657933
0.0092789252728874266
-0.0030301219868752115
0.18390018484270401
0.026226112841656962
0.09691509920813296
-0.074854669288836967
0.21336715477620233
0.18287697245324774
-0.098785887828038044
0.0025976530353459836
0.20430534539144585
-0.07820324029978494
0.051873507575272322
0.37948503272985135
0.24404697663666036
-0.1304884118714236
0.24618022733114323
0.1107990501822685
0.5185019975411399
-0.0011048320173824679
0.2825442486838779
-0.2711069841065547
-0.25161163631022654
0.36365852393026277
0.067659992828303581
-0.13406360741381443
0.2970500489536817
0.21988329129302625
-0.066857318778376057
-0.15749547724378665
0.020107866423879725
-0.32839066266534706
-0.34963438753327747
0.021394181469320116
-0.17549120558308964
0.26988533786444591
-0.29555481297338315
-0.20132702305986547
0.097811303620465168
0.12243190406964061
0.23886995670720268
-0.36515811742183718
-0.33022686972466914
-0.089132076903062518
-0.41703011058705863
-0.037854433509444042
0.11371497021079163
0.25348198157282681
0.37417647612644878
-0.11337304759243917
0.14272748392103787
0.094503783033119348
-0.29030700643478458
-0.16811967216862103
-0.18889496253281335
0.098666508015373522
-0.3874947731187266
-0.24516548105694022
-0.073877743789528008
-0.038001179969817583
0.086134524913022828
0.49765773990129558
0.51564344095747339
0.1255432068835802
-0.13003426660322054
0.060495414131696859
-0.4235228297029881
-0.27299772000076361
0.11206628992953792
0.11352533490365534
-0.39241182289962895
-0.19037011989301986
0.034916423305142989
-0.27997896875485456
0.083710715849462214
0.59083059220445255
0.046884513840080771
-0.014862458741916645
0.36883065667254439
-0.032576647329453687
-0.021984482514951581
0.11958840506771648
0.47970123471816734
0.057919136887309611
-0.19427407030802638
0.15688600773296774
-0.048371863924836653
0.041962872857280328
-0.15489947089460035
-0.22067840130860505
-0.36965593032334348
0.52900720736824336
0.1461211000191496
0.21355337613582837
0.078746323873102972
-0.10767649320867442
-0.14871460628912064
0.2582489074694565
-0.061315333786610346
0.39952310999523644
0.022430924305735685
-0.15865630976469697
-0.035567412747177313
0.25953558218914086
0.11999225432688969
0.17064613992824132
0.051506606058081196
0.088913791997694308
0.31276066903036509
0.15204975946378055
0.44812145752270988
-0.12739668493924677
0.12471015910493108
0.2668010308371726
0.038301985741021803
0.24424318629562725
0.039708554764917595
0.54665848119746141
-0.031258239669425134
-0.27481678251942487
-0.066835566144752459
-0.22511480029678554
0.089365594249338112
-0.14220189181425433
-0.31551519363351072
-0.13309024875219491
-0.24698019669989163
-0.35179457930995145
0.086199784091065795
0.24453565471620342
-0.44950659554320199
0.18700554976627276
-0.038765149745752986
-0.19328461743678635
0.085332563988707283
0.24776828516544108
0.076097128302722097
-0.33632373568019303
-0.85275158066286239
-0.045420877639976397
-0.26328989437276623
0.27469043678915961
-0.014174832778781432
0.2002852075190554
-0.065074371556601382
-0.50890815036638304
0.37483511805900749
-0.18177303284825536
0.47061056228308928
-0.034498794663510274
0.11887036573270407
0.48895000264299127
0.18467063838543268
-0.2025775235617103
0.36187024695085995
0.23996629698256325
-0.52102376256599692
0.026591304508875473
0.32619788030409624
0.18890968327844157
-0.31233812721790638
-0.18683072368522508
-0.21508753726710392
-0.051023126869149699
-0.070652179505924964
-0.29269215462369846
-0.15592426366959972
0.18677761593470171
0.50488852112247073
-0.32617808994981262
-0.26274506233195688
0.037298713576815141
-0.24445420018315567
-0.23819915645974848
0.059293797453299858
-0.40043261206133562
-0.052066479897990604
0.35321419408570692
-0.19867021201704022
-0.21874029314819607
0.32816288123849274
0.27992844984027326
-0.36262884408129292
