-0.16943651856413938
-0.32603160227300471
-0.62593307129947029
-0.6681531324328156
0.4573682943895348
0.34281657058178006
-0.57915570169595665
0.6109743763589891
-0.30452421328508111
-0.59660175459030906
0.24875671476493857
-0.22293233253358472
0.52096490259977501
0.5377632397518477
-0.2865783106767551
-0.84843335618259874
-0.53594497463006729
-0.31688613967155044
0.35620683426077354
1.099580656593834
-0.30836459381993703
0.23039877573488474
0.52176805579469576
-0.060499573907344444
-0.050200185659974653
-0.19018518248454067
-0.45837989418681724
0.0081484843256802719
0.48930135834589705
-0.49492348611154025
0.8183223614794195
-0.044743868618111665
-0.28389102635990449
-0.32944629575905932
-0.50936095567783346
-0.25959999045498861
