0.12079013607102801
0.21066698164637498
0.041970711492724785
0.3086158271918456
-0.14304683069072122
0.15092189267060238
-0.017740044561305852
-0.11955458884741831
-0.38039915627181703
-0.3697311954777705
-0.73708665194121736
-0.48038063285332699
-0.10801231993424061
-0.13225055224178225
0.240549870380424
0.21483092755996233
0.12243893323677701
-0.48589341818124732
0.59193208910177897
0.16889020023249451
-0.48417368354445389
0.070476500717902707
-0.34589655260846924
0.48461799753658508
0.098232506697275374
0.69157274743168362
0.53925838828098438
-0.10968735468277151
0.25151886500834886
0.20773233760783991
0.038438049749091707
0.050782146511260839
-0.31433446921201458
0.0084791068504974365
-0.072285549270301813
0.5685058539419503
0.34845563967221832
0.17962808088133533
0.32671398920131312
0.16141289961718125
0.12050093671726428
-0.0081003226176510432
0.064151728362601468
0.53561019152789069
0.29915393728558004
-0.035565151551358684
0.45683468436628416
0.11712503927641105
0.39976151241802826
0.26659108309335994
-0.004848960831321132
0.2634654056460029
0.23606785974949085
-0.45625242574209124
-0.30286672931697245
-0.095048678966111383
0.41269998647261447
0.021225027980807127
0.38897444609802678
0.19925254290972788
1.1653319641769877
0.38990185919897424
-0.81030099434571234
0.14396338300631653
-0.58001908477422215
0.50636838492724878
0.08141821133357173
0.25931521409371383
0.85924889988762843
-0.38366190289341329
-0.63574104348169891
-0.072907377002324358
0.60830699339096739
0.41616942295215092
-0.66943821643445445
0.14196109819173677
-0.30575587210004673
0.43114436534070133
0.64218345393603782
-0.14907173224370993
0.39090832440723061
-0.12448518839897701
0.40041854210694028
-0.071548334446174935
0.16860952649886765
-0.5469215047980811
0.021068594530941689
0.31165365664521461
0.068120495049913216
-0.12574657077583798
-0.036197007545727529
0.16297393743164787
0.64065889203281312
-0.26943652169113358
0.087214419197145426
0.6178768342283455
-0.31301327457352779
-0.54197694365568183
0.1376181594490159
-0.26240936359633354
-0.2433492495126425
-0.049622501922751361
-0.11722894708649854
0.0014427473723758147
0.063405756073105252
