0.13374761970019433
-0.0010743456707640328
-0.013436419571634569
0.29425364453784358
-0.15999385957953338
0.10883740106940606
0.041825589676904223
-0.12965645165716985
0.35491912664392034
0.15344553870945232
-0.11248812412572616
0.43348439687066398
-0.12222505826696806
0.44756940779763243
0.012585500475591085
-0.17153778654950763
0.38739009186629786
0.31712086292316283
-0.044829830405386538
-0.27371285662307532
0.20566156752489403
-0.043421913673224614
0.086392511258970753
-0.074973295885695332
0.19219320541477974
0.29894098244973571
-0.15729791274100766
0.51902011756242006
-0.38392619651943
-0.58921767462504049
-0.30705805325818614
0.032857757723781654
-0.13179202091615685
-0.38173216300191065
-0.27545277769928722
0.51178274616169339
0.230846882996014
-0.15937289856293041
-0.061622999071807828
-0.37452233049872824
0.18928616414907265
-0.065545854545401586
0.056910137221248568
0.087281470025370234
-0.17177300028876644
0.27393070517244855
-0.030293797978066597
0.06537404714346097
0.097048317782837248
-0.03756665595865976
0.14384321397868735
-0.0077102197394712376
0.10577299466215641
0.12222990184351641
0.451761332760995
-0.31109369125462927
0.0012305363353594745
-0.11793656920428591
-0.31629001727566597
0.49938371243929502
-0.4003789305126178
0.45472931156738283
-0.1122734789304725
0.23846321314877086
-0.23594266831874483
0.14292553319940338
-0.36275944071699656
-0.3147993029456761
0.019411314979041455
0.27003126425965568
0.28158678655935698
0.19241723219132958
0.05704166081823471
-0.13384430121566193
0.41437074485960906
0.7029393023392303
0.34810828560973855
0.040324597223138622
0.74258894579193047
-0.063558835559038088
-0.49226616843119997
-0.012087516391818477
0.37376225436220828
-0.15302773893969462
0.23412664898952421
-0.20845619041331082
0.44308074776890188
0.1414824708326414
-0.089909784671903012
0.11227530296884042
-0.41763805054815656
0.10519930734795833
-0.15934215534731305
-0.042777146932414432
-0.22369590558411789
-0.063941083728685774
-0.22745047567922058
0.008647432522758413
0.22032391711043803
-0.041548321684199682
0.10586448811578202
-0.36378498630920736
0.24599307409827628
-0.42377945910807119
0.23062712459498966
-0.029038197042643772
-0.18470164261063488
-0.27577967917740287
-0.071425241089496855
-0.081040665142946583
0.18406101984784443
-0.033074909245618109
-0.085452985571510043
0.28075879357780048
0.28697608095141364
-0.10091420006601046
-0.12272074541692034
-0.022633957514564009
0.23758440556684546
-0.15055703036961354
0.074776987355619454
-0.042201544076546103
-0.20175208398885078
-0.17613698178494525
-0.1844953741473003
-0.2882532819848212
-0.47153631583351768
-0.37882694131491584
0.26201364346850275
-0.06002306588381378
-0.18148677894605314
-0.046185130592525492
-0.030003184179766457
0.44603232273129345
-0.044267758144639971
0.052380345936470486
0.56580222630707622
0.14672825178018167
0.69811085222257507
0.065562928549059638
0.25676158393886273
-0.21550514496810663
-0.1936547374709322
-0.13687055298182466
0.61305475874576609
0.2121190423322323
-0.25146941281950569
0.097108723568314848
-0.15748952727358626
-0.12077132003358178
0.3931215175123956
-0.39592972038939245
-0.0083305024247952095
-0.44157752129449906
0.38410378803746287
-0.17510774571367735
0.11751093280177582
-0.29965060153961925
-0.19628594618824935
-0.23621871279428708
0.050862285275843029
0.18589983523244899
0.083005197208777276
-0.013468200572115381
-0.16732345431393875
-0.070168737780338247
-0.27916446323939875
-0.059546976542912473
0.10689238064439092
0.30424518698613506
-0.25915294281361062
0.09699206053340477
-0.22266010600952454
0.087364449383448228
-0.16998914586863936
-0.14071985013610053
0.081267398562767448
0.34012079318450333
0.45643880236411533
0.044153809920995817
0.48337882293170564
0.45354783324613263
0.12193566164991196
0.050074523381776884
-0.47532530892309383
-0.35288046090201164
-0.047118680297797658
-0.092239426046448483
0.4744784499976582
0.34341205065992159
0.21113949638847668
-0.29757642456428568
0.17746327365085054
0.42924818591085961
0.2362399759207513
0.080689344404493712
-0.20950688873571419
0.085773838899693075
0.29380648717472102
-0.24700216344597453
0.040875737853101342
-0.54686633509786231
0.091837594753581955
-0.079453329844247869
0.20236815632618524
0.71793891682945887
0.06305584845920234
0.21994623716860787
0.11121325260675506
-0.22919361281959094
0.27482259998226083
0.0041196715584999721
0.31775697060816066
0.16192752683707198
0.59610931996318284
0.1316496118322924
0.069273193393331947
0.40462716087954814
-0.053064096759620288
0.064373701744796549
0.39355050095316269
-0.1298979584489755
0.089225145402470465
0.025185334072225108
0.10534811131203228
-0.01258316825684269
-0.38752194720281968
0.1055357550800155
0.022224850551762005
-0.12442323170965751
-0.46975760732494526
0.31036087461808337
-0.0039120590452816012
0.15791420334461834
0.51770991337556715
0.50196644829269277
-0.11529123779432862
-0.1168336741770102
-0.29529322302019717
-0.20183672228407526
-0.17532387472433231
0.40006123005931821
0.34675013122481474
-0.023864735810906593
-0.49517690905540557
-0.10562878882999877
-0.10905346790134147
0.088080287933178084
0.19922249037568868
0.24316454507343963
0.36619325351349469
-0.026126191016436626
-0.06757630650215414
-0.061711548584224021
0.21708789339507953
-0.068464138096056032
0.12663841160477646
-0.18750759998519351
-0.092421639603955635
0.56558084350110494
-0.29899477977749245
0.22988153978859768
-0.401267440568634
-0.36318418499984373
-0.16881423341803742
-0.27132080792270996
-0.34423746167320912
0.16913931362417092
0.37636423144514031
-0.14956778967825662
-0.019237279427310294
-0.028586719835202393
-0.13501196153132586
-0.024880555705071167
0.69882598864584433
-0.038523508660013944
0.12009973320883795
-0.3998162141391875
0.10337093014211977
-0.41677617302331987
-0.63494544840933254
-0.31920617462793832
-0.40223584015920372
-0.38264106504455603
-0.23677559782261665
0.33669737538075567
-0.016460283691254046
0.60291867316592329
-0.37841691105275865
0.57427994359021906
0.094271543952994044
0.50017174920476037
0.031783990804808648
-0.026914576458211523
-0.058972500943253597
0.04235987459216415
-0.043092227005322684
0.051817664986491735
-0.088214767590595142
-0.060710348355780132
-0.44886579981193891
0.043463897632231831
-0.071535823322167763
-0.50961915973437832
-0.2743889498862388
0.088521510898150232
0.042390175484963988
0.062968440712050072
0.13958968599401342
0.16599842802469711
-0.48877149386106966
0.1480235219817802
0.49341491315489661
0.0005493318778640883
-0.12816101164274021
0.20572519236669942
-0.38020255037658618
0.071856196349982998
0.27725046730581904
-0.031390011512527946
-0.018778787677543506
-0.20968224616566181
-0.23335770636996736
-0.14929472517950276
0.016989776002972384
0.19422345127082785
-0.13723172941427472
-0.39782437354622674
0.098368259629989838
-0.19603820457145357
-0.071128298929967193
-0.0032372875673679006
-0.29017491689295588
-0.085557327254144874
0.2965285978593904
0.44319480722286414
0.21126261184799403
0.35870233171346882
-0.30995531189774345
0.16263473042306043
0.27798246604226129
-0.27600376236645147
-0.058478101948256062
-0.064284655832665211
-0.2927518408624048
0.409546361735106
-0.2267430754045425
0.47207528751232819
-0.33184552962343067
0.73409289667856448
-0.35876330969768672
