0.034716340290269779
0.41666329288310155
-0.2471022361810947
-0.18664734394526705
-0.139589533750063
-0.33341644943083049
-0.56973048736569221
-0.093487830378033668
0.054610421862946228
-0.28228578731861603
-0.16980155827743046
0.25131854584378055
-0.1881770516111933
-0.18951612700528897
-0.083410048315952751
-0.42725304420198762
0.34026597467161074
-0.24982465294385642
-0.078367005916120544
-0.030252937950901549
0.053784057629862637
0.4713294326060169
0.055789213298736033
-0.20755024639128219
0.016841928804945078
-0.55460643829005585
0.24482086344256537
0.064992453858965973
-0.42003272144153458
-0.36625331571056224
-0.06121488961294453
-0.61809232816826332
-0.22645327422398184
0.26302527096604267
0.097281484328768833
-0.28644835659726853
-0.32129776322162845
-0.0011391682554633329
0.33537921901767476
0.020542645513573418
-0.15692754452412769
-0.26506045660222954
-0.10454566164322447
-0.021049588683379649
-0.63154121762648441
-0.20464769833918064
-0.13196451164522402
-0.10855384755926992
0.24161172487194751
0.17919104769856312
-0.86631008109594498
0.17868366215920509
0.63262244164854753
0.44377680922057061
-0.18212970526924896
0.25662680998471965
-0.090782553582112901
-0.84912209485721402
-0.017640883655681366
0.25821577980675919
0.12204168383540469
-0.089854735608141834
0.09122373755378993
0.1984075930487546
-0.0030200927266128617
-0.54932945632707986
-0.067102824770421621
0.080172577448627352
-0.22809072414641202
0.28972767393460591
-0.24852560968497336
0.18110799447986445
0.099123360395167809
0.53724694139759677
-0.018474191802925602
0.01392459114395188
0.14547169415626679
0.056317159538422375
0.054683921853678867
0.060531927194828722
0.048851204614783775
-0.35381756557552668
-0.78998455230797926
-0.29622637243231326
-0.15376090974483941
-0.30877642503867547
0.33719317279219607
-0.19694818346608603
-0.016237628928395715
-0.59250696069139785
0.086413074995035782
0.32603400139005007
-0.16934076577498353
0.23049611159319922
-0.068163481286056773
0.23102023609519465
0.13470801652758854
0.20099550348191239
0.14296477666900273
0.40926208422400928
-0.43169125965631278
-0.21491850590155742
-0.014257239997731687
0.056971614350195619
-0.46851013920056211
-0.23674455296025299
-0.72893049704465684
0.46396850621930247
-0.086487475046216858
0.65069389304940151
-0.47422928003211967
0.17156738320715156
0.20330471186185295
0.18818111549353286
-0.14313932948243066
0.60077444878865138
-0.051853096675521092
0.29106136902445251
0.013353984174897034
-0.075128278112766636
0.40023874145153754
-0.012117472500462913
-0.35074557825758856
-0.020088704200701146
0.011875282379206879
-0.56234557570311672
0.035707910385145071
0.25797211654409707
-0.08733054526156929
-0.58111250329657016
0.2915140854167072
0.020574675168905866
0.23856717384757681
-0.25836437701122122
0.13548241927022706
0.030861153980182941
0.032423725904945237
-0.1884974460473893
-0.38787508323895448
0.31568299234905356
0.12699552628357641
-0.16813518913334707
-0.3620882984255881
0.031443104551870382
0.25638327122656335
-0.066810468126222808
-0.54860565584516829
0.1418483765842895
-0.11494924143285948
-0.23958041167698876
-0.14360439072378511
0.14408102617661597
0.0450950410299987
-0.21321448954502376
-0.0062641107990389147
-0.38129350354423525
-0.065715984428586324
-0.38308031428912642
-0.45013390033811107
0.041962044306771432
0.14551687455200771
0.30537994742296948
-0.037247730677599206
0.37990222508570287
-0.089696325667465049
0.093116697499457654
-0.28972535048963033
0.092901169891671659
-0.21134771058769211
0.2747775381844369
0.23320491993377376
0.3398341699170368
-0.48531929782942962
0.64834960765431171
0.17947335675332626
0.47787082217259969
-0.18251689895142023
0.21908575280909706
-0.37789926941669322
0.60478086710140488
0.24707484160654522
0.048658544055172594
0.30882772945648751
-0.16851393715276339
0.18620901627168035
0.02019345555055406
0.023660918974888433
-0.036757908583535698
-0.17723252784980736
-0.0064929965558847644
-0.32739151496638713
0.23040031228085908
-0.6521292345333255
-0.2478653147779499
0.01130657190111224
0.050297716162743387
-0.22024194869121033
0.44349720653611724
-0.050841417284601315
0.025260385953787271
0.34434207910817927
-0.26274430047712372
0.23346700786355254
0.030728957643836759
0.15495437312356794
0.49008499339035222
0.019750147378006597
-0.14490903290790644
0.12984712702329107
0.032204613071902879
-0.24027904560983318
0.11691558070796115
-0.58706910464040352
-0.034999013444478054
-0.30305071410326423
-0.0063218948195361505
-0.048118414503331472
0.29794492116071841
-0.068525168337257969
-0.014611925026082558
0.16177334155470208
0.33396083192845055
0.44984054939580309
0.13262160818002644
0.45069002090250287
0.38077073233847908
0.39066493472633151
-0.03916598785423811
-0.15114878494052314
0.14781695772372855
-0.31114386748365891
0.25618722120042553
-0.09429731378864746
0.23982502166084627
-0.29020839319074931
0.46599182057251465
-0.41935338300970371
-0.43921160379776258
0.051815124095080607
0.04777211673529249
0.060811990224911981
0.2010621998925389
-0.047644758985869617
-0.0604798212795827
0.18424111145571803
-0.076096138438681502
-0.2033137497114206
-0.21296557189647863
-0.43753703502562857
-0.055868563611732779
0.083457351222295528
0.30479979029020438
0.23742501877374533
-0.22131857989838871
0.026083092793413275
-0.025130796565761046
-0.36178037782612188
0.31974783068164048
0.50795850718793401
0.40925464834982367
0.45519062976900693
-0.31050070060135021
0.035178428540479353
-0.60692420001781577
-0.32483012130969052
-0.022941335516734898
0.20334033941279273
0.20092980638766508
0.078354388133407921
0.12095951091651024
0.27655133048488123
0.40246994421231502
-0.015886956154759106
0.04414037550425555
0.35520379036984673
0.11586547443502304
