-0.33181359094359958
0.063695282097938885
-0.98719589057835522
0.39383868938018862
0.39461271811537157
-0.16413715871499729
-0.15148145772596883
0.23094132419962418
-0.18962805591601503
-0.23425426404707647
-0.47321043703993837
0.22456296373271045
-0.052424660930170154
-0.44576660815376523
-0.45642800391064869
0.31655609959352549
-0.15066056140409986
0.93398807692923558
-0.3824130025238876
0.23514959947107275
0.41937807107942726
-0.61245833719527965
-0.76296781785477907
0.16221732241471912
0.16647774879166011
0.039635775347278794
0.562644169826647
0.45575916937667788
0.66032546138640646
-0.70966110266812765
-0.054344272652845631
-0.14562827014892402
0.1698343115616342
0.044993821799993713
-0.72456340956152177
-0.16306717236576243
0.6717608304787217
-0.31795697360141678
-0.40103502065037955
-0.058971126787256231
0.32515987581902672
-0.40319167535989542
1.131819188280706
0.0044435427441460841
-0.01572162054741524
