0.32932287646635583
0.24355436501405156
-0.44607597916736902
-0.25255142315570833
-0.037537887137057462
-0.5088660645446238
0.19244608743819758
-0.19785513166242266
-0.079397025820371378
-0.18351657132338001
0.095382481256179596
-0.085392831758839702
0.44344278203400866
0.079012473083021631
-0.29459672486748656
0.35424639978028188
0.16437347682553688
0.35153824123187055
-0.10453174763356145
-0.17799704059373253
0.31847013595307716
0.33426617046742363
-0.41900226218552467
-0.2111599655260083
0.78791196372120842
0.15929901711492769
-0.031227748277073537
0.068336128673665911
-0.58407135193604875
-0.5208083669086121
-0.34042762441414282
-0.029061423883745
0.36652244056419298
0.036117425993720031
0.38321032251806991
0.4598531631665872
0.043861623950698071
-0.22068227306691471
0.11311745459109672
0.0067645700858873494
-0.46444472555772243
0.20152846206261035
0.014524552864592866
0.12169100404304549
-0.44818303325251879
-0.070921973962698837
-0.21482819611072876
0.088845745171875629
-0.30841962510547022
0.16620319138354944
-0.062330754813600286
0.18601400748795718
0.10422865684503245
-0.14449870220994554
-0.21240024296220331
-0.36556383518205554
-0.081154880432707688
0.16905167589611553
0.052500154193910895
0.33818161777701838
-0.23651904533908213
0.26290487071688734
-0.016827661373478971
0.12288737996323409
0.21879008422453866
-0.087943984986738361
-0.28732411676214903
0.088783706972918722
-0.057004599221998103
0.12968792285749173
-0.18985024946316401
-0.077437294619019603
0.1285034909243517
0.1842614101757436
0.25995408741201109
0.023179645928183615
0.13273331548335066
0.457653845403379
0.24693997604731627
-0.17239588343770085
0.013767442834276552
-0.49950988177956995
-0.01995409662968517
0.22870143808373453
0.23091471921949183
0.085248633099651958
0.29098664796207008
-0.034014168593560636
0.19046420695565003
0.074160536778213909
-0.24651099413708422
-0.15485901712132263
-0.065432095881283972
-0.14152136421633857
0.31627521585534618
0.05100040572853478
-0.093765374989549288
-0.25800900038810426
0.60129238531699003
0.3317024728775842
0.17072380126424058
-0.01986517060559299
0.024320236125867898
-0.09793483447432029
-0.27066146970133015
0.13800951975965459
-0.047156499111405265
0.12860910200191478
-0.15884361127167995
-0.1621640829391936
-0.36015280722914383
0.444460156999192
0.30177189955045047
0.0027893268746067793
-0.066434942303931224
-0.12473131928076499
-0.027459398685708285
0.69151686788359712
0.32787680079831227
-0.21711415757709374
0.11948144778910001
-0.52718226918988742
0.10221222061371288
-0.15275746787032898
-0.31882519431155415
-0.52766496445971323
0.0078116193115283583
0.27421178694196152
0.11285080295322085
-0.091461079589000058
-0.0031314584820628052
-0.25916194650180163
0.24725630530606951
0.049252911697977818
0.052332895706916682
0.25318045337907474
0.46198819384712525
0.34881701551875605
-0.032678387073575281
0.233612171228926
-0.056867375501802278
-0.41352609045194227
-0.38794297663957439
-0.44312226432897484
0.22451311566732882
0.18251751552689874
-0.20627845870118358
0.7365926679580832
0.48677299605501922
0.1528281693756412
0.15142894455945657
-0.29893115862559383
0.10022814176709939
-0.182848401358844
-0.28853384678727784
-0.079980634673423798
-0.090693182890486335
0.095184864941284503
0.16018119669802397
0.0096154000885345196
-0.29944275472620063
0.0030482309038162799
-0.12185258020744476
-0.33553587250367456
-0.0075497904877815164
-0.1921572724271558
0.37133583487986244
-0.036997502155671283
-0.10467073087132872
0.55874778665762126
0.0052553693638010719
-0.020736687044615645
0.0021240283019331378
-0.44139322496023226
-0.15928480052026622
0.14815094194052367
-0.03185064157003268
0.2516350762396789
0.56180786259674276
0.0037930450584336521
-0.33525360414580668
0.22859374402781882
-0.008538322646286723
0.28463192260574888
0.25606489382964986
0.25411171549391975
0.060211341838789137
-0.22037314877266065
-0.065315169945690213
-0.087240437563139872
-0.17769040324662627
-0.081954763801576472
-0.15143197582579762
0.073053447410428171
0.17648789094510386
0.3598442531948986
0.01839480420871557
-0.49579499787633985
-0.31122380619146506
-0.064069560297755054
0.11914266611910758
-0.39797234880951882
-0.041279629054990538
-0.57973724910504243
0.50363999086151834
-0.19659205624698253
0.41459009426186766
0.044427966334933115
0.10218194591814676
-0.047845971160064844
-0.20310262070642021
0.24054951325799981
0.07638119802043411
-0.097856067497387456
0.19674648732255257
0.060139734484403531
0.24655064878047883
-0.33623993168275884
-0.36960911408340064
0.29307244438305757
0.31894586003272463
0.037040182654383684
-0.40486890701310213
0.35669203827168627
-0.14243915014953384
-0.38243120358277516
-0.11335202154329546
-0.16654992771696317
0.32823754808861694
-0.39885410438608543
0.27706714426893642
-0.16975865405791385
0.52131375697870408
-0.072935773678049168
0.19438873163866605
0.27217981197965768
-0.22576152535870986
0.43380375300927398
-0.41915792694150994
0.14286668425144713
-0.061288134308921945
-0.1954478608850648
-0.25070177395325355
0.021194397208035752
0.038085451153486369
-0.045564773695867235
-0.10609074549500633
-0.022881198189100616
-0.032592369679260727
0.14233166630712757
-0.023903228565086761
-0.03704644709391778
-0.22269626587103114
0.31390830706119954
-0.33799323977507767
-0.14365245783800817
-0.32787153147552445
-0.26030454748725945
0.063225715414187061
0.018241550198594782
-0.093337494641384619
-0.2894019412602995
0.27109962100283735
-0.24429168782034569
0.040039328538085506
-0.16879891461977783
-0.37468291615354415
-0.12786019869453938
-0.27018271866661742
0.0024427251498106792
-0.36630661030432216
-0.38377176616746522
-0.055976567924952481
-0.34034798362399382
0.091652769920116645
0.35921737619311517
-0.14481123377414246
-0.28208627270513786
-0.080523306240130085
0.60708060230527106
0.35992638174432878
0.0074012037059939693
-0.50991823107681067
0.082126913624001971
0.11855352955184975
-0.087057734877102624
-0.21707013216656373
0.10373928983694748
0.045451946678583585
-0.11896658996958528
0.047217266865573836
0.012242069063832479
-0.020761576519244578
0.41586008921624457
-0.3819920844729367
-0.48917041081015744
-0.27877532904356955
0.3326642752729479
0.52803313621629611
-0.1819308815592251
-0.42275915359158822
0.25758129398907409
0.12324256927245705
0.070447841146014267
-0.10091618540010722
-0.0056985966154240444
0.3366951097218322
0.22420643295635045
-0.24157602850435114
0.57995539207956615
0.24799352070464334
-0.0048997021590394228
-0.20852683892797497
-0.21811033549753508
-0.34733161322742384
-0.36471044201279368
0.16286572745239705
-0.067808524295379341
-0.11914241927881361
0.27486805083377158
-0.034497253417602486
0.13806966565830106
0.066140340878286907
-0.13588991520954558
-0.4564569311654913
-0.036418024421488407
0.12218735737604659
-0.18815143986144314
0.071400378580760065
-0.078558895154272154
-0.14960883822528714
-0.10289425756504969
-0.29027361658546408
-0.039586245686298781
0.31098175367370284
-0.19787878103487344
0.41633487617311177
-0.12112743222435808
-0.37061209313871563
0.05854956865572998
0.058665544255995468
-0.27095387011574124
0.1264343339498393
0.089882028545730755
0.062459303767499925
0.16087643969555401
0.09423655302075816
-0.037328031998388619
-0.30309657854106942
-0.084030888487407349
0.11359164293165298
0.16572578671266527
0.12898043661555353
-0.35704570476689734
-0.34982040286436217
0.028565654457122888
0.016585293455013882
0.2160306104798273
0.37523013599659255
-0.060525926842789159
-0.072968921075878754
-0.04444401992060542
-0.14401563859726019
-0.26852715038953462
0.11115732943110491
-0.019347166123037177
-0.19598308120537911
-0.28533264061177349
0.17204635802215901
-0.27641273938521066
-0.57306470016366307
-0.19840739052542933
-0.062918377129436154
-0.15397553328815569
0.43557333585227553
-0.06920332798666376
0.59657837425638249
0.074644483565659919
-0.24061053607870353
0.23256635765568504
0.39351586442927783
-0.54947994254994525
0.42775020727062196
-0.20566782443865336
0.44365554127333412
-0.42721800181664038
-0.2167745818731146
-0.21454193694646836
0.14231639872102506
-0.11405934598659524
-0.12818225400839126
0.101124141871794
-0.19112105494453133
0.29697441815237646
0.20598128971963003
0.39818126529821579
-0.046014285091757992
0.24279721776745833
-0.10984333889824342
0.11759037537623335
0.26179177081364768
-0.16524191202218289
0.24240260419765827
0.33586061068586465
-0.0089207876965572905
-0.35958363407221428
-0.08522368115358249
0.5452422929478723
0.17287400248106527
-0.26439234156282904
0.14805034658369964
-0.22477522311015
0.045769533809316164
-0.54801984367902756
0.12700841181433625
-0.0091513522550059553
0.2933759845513576
0.16108877585421896
-0.015643530417096766
0.1166705927435874
-0.083712061577914901
0.47287308279607165
0.36165716860448133
-0.17942418092353082
-0.30684363110980839
0.19112992187908026
-0.23979994710396801
0.20397718832674411
-0.12192972892162456
-0.30412304442187404
-0.070148790477362513
0.51753005996367218
0.02973742038452867
0.038852523979944022
-0.010349271057577977
