-0.28522340051340628
-0.49759250661600396
0.32444881318283469
-0.11492532729143196
0.41998245798183359
0.050911382254740102
-0.21477547214229936
0.084004203355497006
0.41144689760242459
-0.49295673163132203
0.23446385133822775
-0.26052028880419198
-0.0041079453621305738
0.00022514359852903492
0.024035425144028802
0.91355239882635031
-0.11879989614703992
-0.12214604280096797
-0.19172561873403676
-0.036930996697751441
0.36854874851938613
0.31867511197366011
-0.40787745710330553
0.75961689592722648
0.11612992417983922
0.39795695355250799
0.13853282085171514
0.17291699069142158
0.58214801627103674
-0.0036411185693439865
0.38165734256712613
0.65844274956483828
-0.58757198754355888
0.58439064416099595
0.35456637027722993
-0.25170532752746394
0.27968495976685082
0.59240466394743041
-0.72520161398526062
0.19078915280052194
-0.24429827993782102
-0.0021901785702562598
-0.30748907519529467
-0.55716900722036322
1.0425607597491842
-0.1857778561257189
-0.24317191702878024
0.14960847528410307
0.89950592854254463
-0.19497418636520722
0.15353734104175995
0.92657824929695354
0.14345022596493068
0.69092792793045255
0.031023908054767634
