0.11849144638290789
-0.18597931946512058
-0.049686545375062133
0.70259201903633961
0.042557884728945582
-0.078379185117055925
-0.20116085386139487
0.19192466515535847
0.10097190422677144
0.10912949286889136
-0.069157654212414071
0.050290623471806954
-0.19023465384337998
0.18543129109518056
-0.30857302723568525
0.31576059883719404
0.25441120819338808
0.43372355744216928
-0.17434325876846718
0.52952353313820255
-0.025519267451361276
-0.27790572634791721
-0.17616589145988559
-0.087803841052893211
0.25913573658994571
0.032724847274058486
-0.09127464806138022
0.12061756003185302
0.0045348425305882798
0.90042182223762701
0.48552987079852694
-0.076964513151989808
-0.14790922368679582
-0.011335424455117819
-0.35982765103805625
0.21423456248789519
0.06737517456626653
0.56187370042441831
0.51746875716260976
0.31235482213488397
-0.10455048312958184
-0.099937261128547047
-0.078045019478323027
-0.32586822243867597
-0.099460338999865269
-0.13600307261045452
0.4770347250731109
-0.045014341295788296
-0.090548545382085677
0.22972363610101171
0.3739525779718319
0.22943211268492708
-0.17660915448563289
0.37605904286804975
0.08179892565170159
-0.16581551548111614
-0.33042562254209956
-0.16452803151872991
0.15713733575652292
0.10043234542839054
-0.4522258405711666
0.53448363922557895
0.71820316515837379
0.20270220209384343
-0.058733515399179745
-0.084042971429607788
0.0098152624677505483
-0.36545918868009514
-0.24826384243507266
-0.21310551566230435
0.04505107006615261
0.28084678025017773
-0.042580848401090381
0.13867302893493749
-0.057643785136885756
0.23996646542960806
-0.025519332862291109
-0.036563918040714204
-0.14465284911048359
-0.088872880273723212
0.53547767903631049
0.18985611813919992
-0.13661861279565804
-0.048232106144175113
-0.22807734753896677
-0.088078121488808919
0.19194204639329973
-0.22625855870019254
-0.37925743932181827
0.036992894013995532
0.030765374535447254
-0.28410950119664335
0.19408782388962842
0.018277311076525769
-0.12644380774392985
-0.50006146135702789
-0.1564432714222504
-0.14043978328185169
-0.33928006332077976
0.0079626020846600577
-0.48707708242469433
-0.59253862290405512
0.022043245005277681
-0.19473246371029818
0.26058766535209721
-0.11809053373837573
-0.32036521371942511
0.23609801353732113
0.073385242804118817
-0.10678137607375814
0.29811428539679946
0.27020349555763412
0.075557544586257491
-0.322228893969982
-0.093072946813402557
-0.07977350399014789
0.34485509890751992
-0.31742312096167419
0.20753871127864537
0.11099011816318019
0.24332369145762811
-0.086445261000832094
-0.064735108136565481
-0.37151926589710815
-0.316866200286953
0.33083146748839237
0.21403625760356729
0.52191028732497846
-0.32575055355348703
0.42990556812522435
0.015237064155177494
-0.013143315470027042
-0.29206471401718964
0.050777442255473572
0.22583424751287998
0.050197858518397157
0.34188026726553472
0.096517086327779153
-0.53227179131496083
-0.2152721648958128
-0.45087193304846179
0.075552521559436425
0.33689953605877904
0.55377715850862486
0.38426964739739222
-0.40234836364405013
-0.033047383916265438
-0.27319572155428962
-0.065024167370888009
0.083500836643551013
-0.38988283044777455
-0.2536028744896433
-0.39946549092983458
0.21908403389996711
0.14102054104532594
0.39544536425338001
-0.4537284872473164
0.19933719466049896
-0.61906299864022629
0.19891048096044833
-0.36626799846808128
0.13886771114617641
-0.015328873585882523
-0.098758554971549159
-0.21304309187057732
-0.12110515568979219
-0.17122567917175507
0.025334863469293045
0.11497246560428757
-0.18129852549451142
-0.13667763163875621
0.098300802919030733
0.20347244305275619
0.065167612762756538
-0.20636118902542885
0.25290188367306005
-0.1853252647765152
-0.1839810002561417
-0.1450785180871641
-0.00018868475397831056
-0.018908235324077424
-0.33460048351119126
0.11978490669766739
-0.0080179433048187376
0.07138573797458346
0.058812345762592373
-0.28896888185539543
0.4944713434884771
-0.36188885974527629
0.10375586074577652
-0.0143191706123919
-0.022434670784170795
-0.1115811719642824
-0.15285188601530769
-0.10510327544044272
0.26713735940037048
0.058557409443075005
-0.058980894437065286
0.19320054748040769
0.33798043234781688
0.010428354965631527
-0.36749032828340156
0.1327153099132124
-0.09845060229527304
0.063071815512364349
-0.016677200295324195
-0.096608209700352055
-0.39451701429057323
-0.22156077685252407
0.017709215049533614
-0.43440479620663763
-0.045514036410457911
-0.18592398421242975
0.10276004828361979
0.25761594609347849
-0.063696908347341222
-0.017364872312147814
0.21713924383324931
-0.22887636845987355
-0.065702638668381511
0.63432305231843833
0.41805487550091552
0.02948245975592664
-0.14797952060869196
0.0069613578408698994
-0.11862848080472688
0.31307789977380557
-0.21410101561146988
-0.248694446355785
0.039110317815242907
0.002462122290566015
-0.42748404117910205
0.16772486528945796
0.10764720877910743
-0.15292059053166451
0.35899500095894604
-0.1960910825712564
0.068919380890708454
0.30535655484920338
-0.27591434194460052
0.32212001591349038
0.043776770693466888
0.090567939566106259
0.13098327158073531
-0.36940934752724142
0.066330586580718776
-0.09662387232848503
-0.35711443183253178
0.26313153673634349
0.11313628748603945
-0.065719475454554144
-0.095339225696767047
-0.17150320612114817
0.37153945790668175
0.48870024603742712
-0.4466501420048184
0.2791558303088737
0.012265812116216201
0.26464253570970997
0.18830514692312864
-0.077748066516569084
-0.03467605798608351
0.040715901335928881
-0.21756840990179258
0.084406767212536177
-0.27026783570694274
0.088071761177016386
-0.26736567405864237
0.31105676392791021
0.13226869398142227
-0.11596561059010684
0.14230313449381926
0.11466294495593662
-0.39616350994571087
0.37810313009579305
0.42252522889914285
-0.37963632816089637
-0.39061992026116549
0.1565316238617902
0.019638946798613499
-0.10953013645344131
0.25329774512992448
-0.055198193370512287
-0.11951840380693252
-0.3903749136750429
0.08920983102692491
0.042106319737855197
-0.067649908708581397
0.3307513043360652
-0.17496828797893571
-0.15785464357432233
-0.060841603077418337
0.0066760636668972114
-0.25572836422264406
-0.023259254151861183
0.15075720784529184
0.41652754083766996
0.58501080590850008
0.059349177077975435
0.093225150697097775
0.0085613269134625653
-0.030054556277653074
-0.48931721437918552
0.055765074616426533
0.52904562488532547
-0.070494821016234069
0.17215600373089829
-0.38016441296108083
-0.13612708841636237
-0.052949394576301767
0.019998472547456375
0.16827186978211933
0.56656588107418682
-0.12862307564313041
-0.12512628654620209
-0.32779671865522425
-0.29889140430945166
-0.0985924281135276
-0.03132765772793434
-0.0096810477272755088
-0.33730746793967176
0.067498392709299443
-0.05363748475826334
-0.45593345432037757
-0.22396971561587561
0.092564145835448502
-0.1516027858512595
0.084329019722568024
0.48080861414487197
0.24781849853141699
-0.021896439198398312
0.033790213721285781
-0.049676285269958494
0.0058899300045953187
-0.055375083203972011
-0.036462979198161424
-0.28050309350823954
0.30404850063154687
-0.051389872586697749
0.039137502272610723
0.19482175272827321
0.09001134638813868
0.05283806227816519
0.023407128812185065
0.37461019031730447
-0.25879991920416306
-0.26145849764258805
0.22483085920673407
0.046799868369320055
-0.13902020459611938
0.0054709342106466861
-0.36343928374315665
0.031783073503989165
0.051039459869803953
-0.1983188804070804
-0.029871459990419711
-0.19219570300189934
0.030625819762541785
-0.15906527213726096
0.10567445644028059
-0.21823950537281764
-0.18274112384452193
0.24060439372678419
-0.33208415865138075
-0.15346985878467145
0.20648488884010011
-0.28779959202969924
0.16221283230902095
0.0032607661013414656
0.06071669348939239
0.13817585812821392
0.82251422336387525
0.12970180238754356
0.045820038362558171
-0.12338577460999302
-0.32134455482288404
-0.10118598363066997
0.32278163255689346
0.11139626879695717
0.21394594496468242
-0.22567086477993051
0.1533571288260091
0.03595432141354156
-0.46231690046072704
0.24185939258975639
-0.34960476121606754
0.23787831213799629
0.19179843172778149
0.067879740748528483
0.52869206550292625
0.16448832089689946
-0.033786946457543765
-0.25942208252060128
-0.65734502869002409
-0.23210339934620544
0.044906973470152163
-0.0065264067281600099
-0.31317327190001976
0.41313670429837696
0.1030245259412064
-0.31025355056083431
-0.4455686835225357
0.018270455340139661
-0.0038141526793667286
0.078212500266456667
-0.025979894112094785
-0.12108200206057955
0.38735336363367118
-0.47173032023044742
-0.12826212867573494
0.45255507190251287
-0.069109463877463528
-0.28944976043884424
-0.040338298440207865
-0.2985079621036012
-0.14688083048146708
0.15788471702450732
-0.11112093830636693
-0.073020505351151191
-0.11064266005149297
-0.00024680954809825332
0.2265328283052967
0.37470213950967535
0.094668719519810804
0.42232921696842468
-0.2702202015542457
-0.61717069749670728
-0.21412789736374338
-0.19114365542040357
-0.04292899864027519
-0.077752487346413199
0.040997877592470429
-0.32773013840684934
0.074151891503114853
0.09263396360236624
-0.065097371813323326
-0.18605459435561561
-0.14527032744992577
0.37549858302749717
-0.046218237237541773
-0.38705353507099827
0.11371006118395312
-0.20068189390122543
-0.38940662425458161
0.19542401825057387
0.36916535838418757
0.19668851661210979
0.139480395471233
-0.19768470429452392
-0.1713922948530687
0.045112264644272856
0.53443823781148569
0.32936823375476815
-0.24472996627766702
-0.28059464123027839
-0.16816834668148783
-0.27582954573248036
-0.10868998098373875
-0.11607660413416877
-0.085978894185184979
-0.16174398967947556
0.37020277587095735
-0.12567861903719116
-0.0093809762083838771
0.46634198307364033
