-0.01887242495753642
-0.075535129359748931
-0.47838185535379368
0.33280451907811581
-0.039260343197866282
-0.42386674649384148
-0.0092793594411280274
0.53504585645504366
-0.33870219361571069
0.43741918913272992
-0.37238927210256439
0.67384700653920548
0.61131318064290618
0.065908497242105207
-0.54400605877129316
-0.49617956032777299
0.19686688538652014
0.24814001063817256
-0.32865725178814403
-0.41680435754203582
-0.48455324928570304
-0.54871272137162241
0.015663949411143824
-0.22303062133268417
-0.64916903645902313
-1.2992511936177382
-0.74334711190623282
0.8589568375164397
