-0.081491441952282168
0.15820421053701117
-0.46443669990194425
0.21757966392480491
-0.0059652722819196471
0.27194167961274446
0.072484740137985157
0.11591080716083242
-0.0075068360837600165
-0.19766625378178102
0.76453832413125378
0.23471058300290884
-0.45193872456541712
-0.14469074919390656
0.33499912335683085
0.14486712233498789
0.11390791415827708
0.31374591344443126
0.41749610172228552
0.032999276187040141
-0.057069412577332702
0.10633335204640486
0.047980843149783757
0.038510897325809125
-0.25397217227036228
0.07770017354609178
-0.096952718654831946
0.057273665988204041
-0.15670227757010069
-0.12462651009005592
-0.78380528511070768
0.7994308663633809
0.70253310934052327
0.072850221646800967
-0.19239273421728056
0.097507355412653679
0.33886573015020388
-0.42369738797954221
0.044749696583433821
0.13895748849753858
0.068826947379996367
0.095710551855194947
0.33380869313742795
-0.45746662512034469
0.17612044741142344
0.05985211303541367
-0.11470698023686825
-0.39406551771069243
-0.3529403799343897
-0.12713182535855913
-0.18282614620137386
-0.081324661683490632
-0.37326571799984642
0.25125238307714864
-0.14684542824927038
-0.21994992872508737
0.61300257009312553
0.17548797036318348
0.047140851990151007
0.20289510988511922
0.48240277987697749
0.50261671788858941
0.16011631741230981
0.038456157117961805
-0.43691569160961835
0.039989954314869444
0.18689237787971241
-0.15538807629708135
-0.18417823142693526
-0.65369564244779033
-0.067400560806636686
0.43871675596912846
-0.0076578874240903873
-0.23819951342774198
-0.13875247365263516
-0.10045925476380527
-0.0039878983708619645
-0.12187575660170391
-0.50810300422688692
-0.36698808175640735
-0.31635078255187193
-0.095689457817845089
-0.68555523821451847
-0.21144577737091649
-0.031098871987979004
0.32150908638438774
0.067694486177451108
-0.061282493674957576
0.16099710420592739
-0.26827931868009025
0.16977022801220906
-0.30774402779489851
0.1294808672066835
0.24359334851437381
-0.0072274304321738392
-0.58672343327788434
0.049175328265217907
0.34215832235368548
0.15760389549795947
-0.0080017664760951342
0.072110039373368282
-0.67369612652340782
-0.15954310540941483
-0.28316127933706009
-0.13922777028851083
0.36601733682305554
-0.22722811553894126
0.47564787485563675
-0.1853054039355361
-0.33715139286099188
-0.37693408039563764
-0.49697243441140049
0.16319301826126792
0.29979007753888037
-0.33233342232201052
0.36446173175488239
0.33287219820893249
-0.1346151488434964
-0.096474005857737466
0.24531398115534581
0.10535059542090246
-0.46996613670714749
0.19732118913462118
-0.027267799350676365
-0.045379684634913174
0.13738433712103174
-0.16770842796846411
-0.37737375936566814
0.017984481768841949
-0.095497495682821398
0.37732785275799896
0.45308357868380517
0.35572446066150615
-0.23181891600211244
0.42827620012435919
-0.15574293661293293
-0.27246786007384238
-0.1019314601992822
0.19678877008300907
-0.085219352543630847
0.41908438853465418
-0.37533804119569819
-0.25097454485103893
-0.33671957782054074
0.15273470405534978
-0.058605532554634854
-0.23081875551927691
-0.040312149796220338
0.026453421523619309
0.27451239145371686
-0.021101245695349782
0.046088232828626695
0.020892966125122873
-0.020305141298452692
-0.15976588836754652
0.12785713704651638
-0.02695791953123737
-0.47977443707308404
-0.024016122348363367
-0.21921045122311228
-0.34788480764507018
0.20643193451427877
0.054155294247324438
-0.028832945274993884
-0.43924910899560987
0.13343882909053234
0.21654639995549363
-0.38052879153042718
0.60066703315664272
0.059355397986369074
-0.0015421135275678016
0.40822576109602893
-0.022888444514346407
-0.12897447551538363
-0.15170526665660269
-0.16477135721725228
0.36105637010752289
0.38882442133982914
0.2362836354664675
-0.13245270264497425
-0.19366982875763181
-0.15724401049133133
0.53088334362111489
0.65658245527119308
-0.24867821357501724
0.5724389669299057
-0.61257368831626813
-0.24251391990578236
0.36155473572563551
-0.26966789210151781
0.19106232003229534
-0.18236119981987678
-0.18098133088846252
-0.34548706212122071
-0.21295238857541499
0.54275553567746382
0.065339462380822902
0.014768495873415785
0.18538702067035123
0.091850905203862382
0.10363429879359201
0.22629718363335039
-0.097953999455363053
-0.052367463177187205
0.15847770169738629
0.024098156339863893
0.29395374542348074
0.3228705156933343
0.0079522073115092344
0.0033852476289466787
-0.18907027986569222
-0.094838415276438284
0.19302424363969983
-0.19916128548993794
-0.13550821338766914
0.092784590237951853
0.061839215642085277
0.29036568293565568
-0.89405230257909263
-0.076092778945344261
0.51341341359919801
-0.29796206253991614
-0.18227693603627185
0.51277240505143695
-0.2012656461729749
0.22276765689383657
0.12249476628760068
0.19347415496640041
-0.21670383321598191
-0.12027236543974486
0.011523926068565558
0.1616934910682431
0.036558259988600898
-0.11339041280786107
-0.058368878939204026
-0.22866480693603455
0.036990150822920516
-0.2462883374145953
-0.16292882836195646
-0.006220534881703591
-0.40003147554893126
0.18091632646002631
0.076346181941992705
-0.32622978701441419
0.13064275697353839
0.20407534281634362
0.47979835081099037
-0.018343187005638629
-0.28094579790559021
0.13095905156788148
0.037265516340295145
0.058979621279722338
0.15697825066829432
-0.17465316248619375
0.35391194761087541
0.22757242507110254
0.16074391979277816
0.33185717918952828
-0.11009224032916801
0.025395239499406089
0.046698518124366026
-0.095303201258129591
-0.39061539743764168
0.012523424844213503
-1.0368199534296447
0.0030436427789452955
0.68184701075854171
-0.17683804229249719
0.19096209066382694
-0.30313066808629213
-0.13886092594840865
-0.52294713745536325
-0.39308082704257263
0.0096988117832090236
-0.2314524854939472
0.050022425044769905
