-0.13887955232122667
-0.24142303151462119
0.63231558772378837
0.079398271216117922
-0.2799193318947395
0.077655454996301193
-0.13726510493230576
-0.50739392859434351
-0.038975906694329682
-0.35482016289638918
0.25999012990693354
-0.14662009195861705
-0.46314155364566106
0.5311265068913632
-0.45696974588680178
0.39502870096596249
0.28549783995561867
-0.41539188116854669
-0.030497317860380079
-0.29336829756296545
0.14659497558704163
-0.13233421126909328
0.30886954340336781
0.055065094738212465
0.27358613544919347
-0.2859237515835924
-0.28972702868869399
0.43141782141484336
-0.042057308361638499
-0.43532713138079387
0.039670274112695671
0.17648147316878879
0.25813579667971837
-0.35026215141722944
-0.31619855291551152
-0.51841274790831671
0.061402082846237716
0.13351931128331268
0.22834267862952695
-0.82305070411270109
-0.60043161444365212
0.45639584393719784
0.026844604479449967
0.23339868257428656
-0.12974841020401717
-0.24321017110637932
0.36205805513116568
0.36597221744345615
-0.37003872343921029
0.060295870998831852
-0.68733712752956577
-0.14732851566227717
-0.22932275069294675
0.41603213334537892
0.63364261914101394
0.11653253931979374
0.35557233617635048
-0.41429667275661997
0.10601454274868144
0.245791388204878
0.24137497304142369
-0.64308740076027482
0.24126457625521971
-0.82473504878206172
-0.27911740484933167
0.056848308433488946
-0.14423345369422516
0.46683577404357457
-0.07628199528589355
0.36345620629171449
0.49071785344918817
0.45378640756965311
0.57429770235079614
-0.18048058753870008
-0.19359832762534857
-0.13446168384916915
-0.044290553186689736
0.26501559351380038
-0.23677817310399096
-0.285780147033941
-0.30321832871087873
0.23000883847669362
-0.59421221152990289
0.45219719480126769
-0.1315343683497201
-0.20657247665437831
0.30596627023568662
-0.6058209343025065
-0.51830328221484867
-0.54720593023999486
-0.93209716592548975
-0.14612746713169772
0.052336965065938941
0.049554253121310302
-0.2434416209217608
0.23960483578415959
0.1643195139693516
0.35374992126855004
-0.41761986335359585
0.12754597441758769
0.29098041754440401
0.57269906817032745
0.52192482665602236
0.67481729079699226
0.0099049914087462436
