0.052632497379540455
0.43199515128937477
-0.19172843728538455
0.16769490073619203
-0.65123346311582941
-0.011758089045350494
0.01276224258631254
-0.29085353136460962
0.66339894172455416
-0.42983421946944822
0.0050685857588255237
-0.42945611904319747
-0.13175610976593069
-0.32357404612440432
0.43551667554664147
-0.25633195307928885
0.26925382269077924
-0.41772991796680142
-0.38980047158710457
0.26241536564805329
0.23587034150845582
-0.50016037178560879
0.92680392499254571
-0.11832439405839265
0.40091234585838015
0.25822578813239933
0.18172626609958645
0.4419552222279714
-0.065504752295411611
0.51289070908269196
-0.17227233268603767
-0.95021828740164238
-0.53350921485800817
-0.71012338287274857
-0.12838793935407788
-0.44893027071784308
0.025452714803732613
-0.50200392953427408
0.46596148015870487
-0.025232780716090825
-0.2221391061735622
-0.26407632655201424
-0.30615915188098425
-0.7505234971248983
-0.49896645339779089
0.16563431585499422
0.32122737591648665
-0.26112508709308541
-0.63607092694024536
0.96948760970950598
-0.057640103212545639
0.20646188609948288
0.62349353208204772
0.42516583323747931
-0.29417400998256382
