-0.0283992594629889
-0.14967828253255314
-0.38416572747562017
-0.067436561494846101
-0.15958972359043416
0.27740266529291124
-0.098083180936869421
-0.0059779735347511099
-0.32962168562785854
-0.25113994795300842
-0.043036586197900212
-0.3877903796867877
0.28389360937624702
0.15306437985161878
0.24820837077546243
0.1744001552009786
-0.10870691935114879
0.32623075309484278
0.18745363667994031
0.22017838762276296
0.19663750874963878
0.1120699290325561
-0.44474448979111253
0.54180304796875789
0.15458737065069908
-0.44317039457805185
0.064508046788060644
-0.31660355965755194
0.44357708088484954
0.089913475748472083
0.63300542300248153
0.49359013270713237
-0.15575493278768071
0.020257416532425462
-0.10039824531380892
0.23021844936629979
0.19014007814374534
-0.28771437912606201
0.0077610354637529634
-0.066163892175832434
0.52036071388058902
0.31894592493337376
0.16441589079917571
0.29904551285927455
0.36424050828834492
-0.23451712736724187
-0.10898269931266577
0.14774330130804378
0.11029605591339782
-0.0074143293877399164
0.05871890137272983
0.49025089133669875
0.27381944317148316
-0.032553240256389775
0.24401424426990187
0.057513755184975153
-0.21121315449566011
0.051520617840342918
-0.0469464208377154
-0.0044383161620406486
0.24115327153481153
0.21607594569474911
-0.41761370850043589
-0.27721780943024615
-0.086999277311334305
0.37774960115244011
0.019427540869888803
0.35603330915488435
0.18237841308423136
0.80485107729934025
1.0666433222848126
0.35688218228420221
-0.74167891315845658
0.13177153451348775
-0.53089892201584732
0.46348548997388028
0.074523135124557743
0.23735454787362853
0.78648156012179271
0.13776764991915297
-0.091601302166381307
-0.056194657480189258
0.36037555065469346
0.16957411636772166
0.46380717262009169
-0.61274540233380026
0.12993881749169719
-0.27986227894745358
0.23064819546257095
0.48980265797995376
-0.63377247821171967
-0.27996765491514747
0.20833732837112079
-0.1841582799168936
0.23394057275004412
0.39463197815582934
0.58779876797289865
-0.13644727221696057
0.35780341282322448
-0.25859546704835412
0.43720252750636224
0.3282427350804954
-0.54779912381829543
-0.5898306881307368
0.15433046637542225
-0.50060428173257721
0.019284355322928552
0.28526059693302497
0.062351564523540438
-0.11509745217791977
-0.090109277499006379
0.11298589316341102
-0.03313158616790448
0.14917213928024411
0.58640331687100344
-0.24661871078466893
0.079828478668122149
-0.55579675064492806
-0.43205717838058655
-0.096981462801339929
-0.056096040925772701
0.11480261452487013
0.3159591971298249
-0.34614537300180781
0.14701274462818492
0.039613549212618379
0.39989525988009417
0.23135056861670708
-0.22825364493768258
0.089427516175475591
-0.011729992853858878
0.76550500971851598
0.13563508285042278
-0.12121329319379576
-0.24018666267574079
0.074639511928606628
-0.29499406361106695
0.50561544121894531
-0.13787398103152218
-0.095970693041438626
-0.10730116175660168
0.0013205652104252236
-0.52674403432878902
-0.53401781197219123
-0.60567403911738071
0.05803610334979685
-0.0094742965611822553
0.39032705537459128
-0.27040464051385016
0.39384202749037334
-0.32731071389012922
-0.31377553657235746
0.042392539916806825
-0.30597451724987412
0.2054678505122878
0.04141061371579198
0.48870464050543128
-0.15292376091737572
0.20884089145255882
-0.27123431320526686
-0.25009335990332959
-0.50685903016185019
-0.00089612155851071147
-0.076774657115466355
0.69565664471101885
0.0463253113786797
-0.19556221791897649
0.12765877376315368
-0.21993070123971506
0.048773453686805142
-0.13677495392136763
-0.18727965599374155
-0.10124583788285985
0.19412641139712944
-0.1148374559238696
0.40319503918999899
-0.11676297745150972
0.31910795684730781
-0.038102678566237634
-0.055567616785538086
0.17163100814879659
0.3447835451281645
0.085927949118730321
-0.46268085326065961
0.026598155190316157
0.32165186957757308
-0.32339924589226909
0.12150526320747096
0.31978657952130179
-0.40455488357936459
