-0.057759948891947098
-0.42266778079901041
-0.23657946470751226
-0.51760609380635436
-0.16284271932060715
0.1845613306886999
0.055668207275869283
0.23980326388697282
0.083698428196180272
-0.14851994141068758
0.033727216161965674
0.044168650390001722
0.30623928910136433
0.4644122273809872
-0.74532421358404277
0.17268867311788186
-0.052125644495322976
0.1504347240597545
-0.0092284573978084258
0.12718631769822836
0.23661584703293509
0.18981907128302375
-0.060862759334644613
-0.31397108230409998
-0.18342730616196956
0.19938761993687387
0.28779231100877795
0.38059611097228524
-0.063663108328497711
0.015082482785070279
-0.36544954949648295
0.32626544547554981
0.17224218636254904
0.023373005048606284
-0.0093613053646947244
0.016509027165104204
0.17613139768640856
0.11221714871304803
-0.2025071891947211
-0.2216027732135594
0.49267036277705534
-0.21568315802033047
0.37823534320762248
0.14309147622512239
0.52350871342354155
-0.45169133640166492
0.070381976685216258
-0.24484082857854103
-0.011322234507267052
0.39109794511241525
0.039937503154692702
-0.04370192590207761
0.56818666886546043
-0.43589667901568069
-0.12841790650706084
-0.28569987010822623
-0.031427773609722397
0.12439101504700802
-0.002354021252496463
-0.030932588824182507
-0.068869164015342155
-0.28513259353370435
0.3326000816719108
0.049414715533986971
0.24147316913497402
-0.18037415502789811
0.6399816163966483
0.36934244481164058
-0.016506647743264709
0.091609279755866607
0.61494404388878676
-0.038075018724349548
-0.18006999575983562
-0.35796176234184141
-0.21106907071688827
-0.16660870756399537
0.28283151619779162
-0.095292980311932757
-0.63632881913956385
-0.30031011872687347
-0.037015182971962421
-0.050382954199867352
-0.52008127974994833
0.062567928499048159
0.0066302150093878369
-0.15669237452473958
-0.14446513731691552
0.37889963557944367
-0.17929660685439491
0.063311106778127374
0.40429835423779598
-0.31585441925339147
0.087946473425775412
0.22536975670123366
-0.55240782297878266
0.39036103517805337
-0.10737351699783358
-0.27163399635258767
0.018031723346527053
0.080982204136411648
-0.0913292285177386
-0.15717672793224069
-0.077972659528997887
-0.50715622942648053
0.060844813260875548
0.1057152915748409
0.54194263119571973
0.3442324812517697
-0.069885811988767102
0.34904954147654649
-0.15886225389681527
0.055558270352290592
0.077945295008009952
-0.32426676457578107
-0.038972537887927254
0.64515082498440435
0.02760262355817843
0.032989666914324055
-0.44369337041720608
0.20909207384643946
0.0079254887788849041
0.12464049590577402
0.2560583264814279
-0.14963984138447453
-0.12510592327678863
0.24379459680110177
-0.34045616168161502
0.14107086018029491
0.27674265566348843
-0.10511994856601604
0.25159197942773193
0.20187096627642276
0.13577952147922542
-0.34560750840973747
-0.045874722251417074
-0.17349180276092521
0.096334380258419949
0.11605550004423358
0.19778453537914198
0.078416081454283845
-0.33291972837822004
0.10055145734798658
0.034066169422202218
0.19241423209619943
0.048348046975165579
-0.15780838469684322
0.42148851799938841
-0.42205500187911033
-0.32182216861730184
0.21953065205512939
0.21648432823202826
-0.13033418571607308
0.13785073465858294
-0.20004652569894804
-0.13999480854807428
-0.1931104142001768
-0.1495641196830442
0.17190764556934257
0.14226034183597103
0.045755812170781313
0.24809254723233712
-0.094972205157239614
-0.22166407477008612
-0.21217767750656474
0.076433273880700814
0.050579586689371792
-0.043657180300284086
-0.21415518365655029
0.18058760741804539
-0.20519894801254185
-0.091314315521818817
-0.19683624803826005
-0.026626926719856173
-0.015116292732857261
-0.10639462664409993
-0.13211799922751355
-0.0050194096918882341
0.003728901164274307
-0.63280899573342086
-0.19563390103724429
-0.098480814924682608
0.27919358956148932
0.089843710595504236
-0.015203872708121775
-0.34624468578250911
-0.11353732217046768
0.13810050480326355
0.1438290077579138
0.26335062441826712
0.12709923482227201
-0.28812811339654676
0.19573314250338281
0.11771225274951347
0.093630200632948815
-0.42748702191394533
0.32059937035088992
0.25714423191326297
0.040266730396174198
0.16979140267821904
-0.19483436045427466
0.0035890239731420897
-0.34343407058146508
0.36120949777825795
0.024964061381195796
-0.77745834065914521
-0.22858509166801494
-0.29307284949594919
0.075919609025176332
0.30912425269531441
-0.01453186846272092
0.51219671599137251
-0.18681103615250991
0.034452078976429448
0.16315774261431251
-0.075407706270197647
-0.13914800962417348
0.19699235389882408
-0.29424732556374639
-0.11730819988500549
0.45671397729387203
0.18441140670411516
-0.18615685884571992
0.29501291225325021
0.26588634672042938
0.25400542092664458
-0.13473806930286295
0.017103143961729926
0.080344426784633965
-0.42785893633069771
0.40372072450217167
0.19047046496237094
0.10609212998845727
0.4926018028814943
-0.086560127971909734
-0.16967021374411506
0.12665486535476389
0.18646718595930151
-0.0043177214275760276
-0.26985551609680408
-0.27831689011041688
-0.13343275358180792
0.21525046858838376
0.14117569865233648
0.038104812347261867
-0.55840013121080323
0.10430788081878925
-0.83661031217797976
-0.20719127931238063
-0.5892532175274221
-0.1706624335550172
0.15586406344679218
-0.18200203808262694
-0.059468579994893772
0.51478984489472146
-0.3201950958173102
-0.28659572597142041
0.024113336695788818
0.88669269784555327
0.33600851671569193
0.1701736486069331
0.091785493670941021
0.077906493943766544
0.34560028783556157
-0.14927589483371198
-0.552264798909613
0.42717209433538988
-0.34581313365868338
0.20114974970528501
0.18839500762877748
-0.017533523305002532
0.14315702972784156
0.24660695686658426
0.2710956190866885
0.067441173816923258
-0.080625462221119562
0.05772168462912939
0.33666745614367888
-0.21374280060686224
-0.129447545130497
-0.3115492324746032
-0.024323000630379229
0.45960493997414431
-0.38560653802741618
0.28441892667286711
0.18809892038471987
0.0031412764063311182
0.12236711604339527
0.45393248783169871
-0.089388941160091717
-0.24871032387665853
-0.10331271206957253
-0.12419972686454747
0.20472280736256016
0.27042065507113805
0.60498573421195678
0.04284649004993879
0.29886691044784652
-0.039541238956140076
-0.17572940074704013
-0.47635735923088274
-0.19448127326536432
-0.34766679914113996
0.28060437736592231
0.17750594202495446
0.18651519646537143
0.2589750584422133
0.58763435258516661
-0.042348013932067975
-0.1057504075452952
-0.044682942393238452
0.15584169932222422
0.49628268839593365
0.12187070763056462
0.32716986473997922
-0.44330487111204253
0.19126979183220646
0.032725281001323388
0.43879920264036787
0.40351410929368309
-0.020119838572534379
-0.20434029122287925
-0.11227867478529578
0.039890844571399062
0.22506023922345858
-0.27512258397759853
-0.22966301815792811
0.0950212662233091
-0.26518518335145957
-0.029870797400497473
-0.089416611290619688
0.008669080211919403
0.58940886776693191
-0.036192450665815792
-0.15435862714014859
-0.3250591382213972
-0.10157118501510522
0.093353101817948342
0.14794936827834848
0.081195588540581246
0.42410087224772269
-0.58918836014879972
-0.057186397207807875
-0.029192017505114454
-0.16737536494157298
-0.56186492605786953
0.3423080450635837
-0.27808500204541275
-0.24696965933207071
0.38700800418586462
0.37318018936771807
-0.33384522347093853
0.3710300120084481
-0.088106762225102012
0.27263203690417853
0.15749028822060893
0.26063695171572066
0.15418910948185582
0.27900952073768909
-0.18044012734805187
-0.15697895854083557
0.14971236445938876
0.39353734743554269
-0.10027896352308645
0.13841842628614123
-0.30786594685220198
0.48958738323951595
0.03887831056544705
0.26393205696766531
-0.015638165051368356
0.1224047467946883
0.11990125763204722
-0.20810537838787158
-0.072251304629492127
-0.078172915235065671
0.21429000698958245
0.21133173168242811
0.032667956398075397
0.1594608400419385
