-0.1209468890483917
0.252004288028989
0.22166477054182587
0.27448901348399379
-0.32030715537542775
-0.13628074965604942
0.23640637114469551
-0.53586981234360442
0.053426804912628599
-0.30993367857756404
-0.028918509858272712
0.34745733348098107
-0.073345761905152615
0.34391816425649036
0.21763507802380014
0.086038447558263897
-0.13594708799334718
0.3234854132772883
-0.018958445586442805
-0.30002937514245759
-0.090411031941742118
-0.026181294013346675
-0.27698193034009122
0.26015153554871995
0.063600302360285507
0.089809784029883558
-0.20276807503999197
0.37334859983047747
0.075904554028494331
-0.010508772258335528
-0.15934055734179625
-0.0092564405977701696
-0.1395037712188803
0.0058680813743523866
-0.1171225005584985
0.28002010378890757
0.40253128658754289
0.60375435532909261
0.089733052687118592
0.13212604434574671
-0.38977646787740772
0.12712308857271298
-0.081300144088850848
-0.10471326147233827
-0.40299203221070129
0.52086156636720793
-0.31897948227327372
-0.37727232077755474
0.20751604045817643
-0.034043345565459952
0.15524727666972726
-0.43224874511291894
0.10517789066026538
0.052028055366946026
-0.083979096384884933
-0.22244963789353187
-0.28306119702186494
-0.090114997929524696
-0.29551989657299832
0.51400842241875344
-0.051677932068966217
0.036508971499078183
-0.32196658762563463
-0.3018315342107819
0.2868491580143106
0.18676218530324043
0.28144649090535045
0.037999733732600308
-0.25460718390945991
-0.52725001909184266
0.24945224890522122
-0.1179721787877835
0.69723099408697986
0.19875561934760069
-0.16574224171213031
0.61599208139841743
-0.32601475614655467
0.33392066642907031
0.26964116135588728
0.35799306162642219
-0.0035636223485167383
0.20922696129927609
0.16207822121479812
0.17478373007439207
-0.4790489489927191
-0.39144004377444991
-0.66106877512485795
0.34341015760692289
-0.42422642199437383
-0.030195513104521537
0.055558438613196169
0.42847229100295986
-0.21919330897373418
0.51481328974943996
-0.46710014581432407
-0.0617025170365091
-0.39631687453840508
0.11249106700660483
0.37224978871329023
0.010366437361286812
-0.7950675755244756
0.18314128629921952
-0.6186659788686143
-0.2033425460469532
0.4180597794222734
-0.0065803542163987679
0.022190091868565614
0.17018183849689139
-0.49384305286224295
-0.14049644856946464
-0.45363936704960872
-0.1061786860847946
-0.11270094027421361
-0.10213774114520235
0.58192714419516933
-0.29680368425905468
-0.16107973004496237
-0.29342899744307599
0.35961973830426691
0.12720231737148396
0.10590088697182823
-0.43786704218658701
-0.45769169443081525
-0.52629957278321526
-0.023354137382553795
-0.099190753287649952
-0.56482564879064201
-0.45077358776473708
0.32882809347492287
-0.0061019386236958323
0.5256545745812059
0.25525625091473847
-0.085106084382282177
0.53746499332595921
0.01160653957884332
-0.14299401093583516
-0.42407445343827432
0.16095375327596198
-0.36899356065542571
-0.32119692383111542
0.15578217253402249
0.92152191081538437
-0.27766053873297442
-0.1456824834350442
0.17994270828954886
0.48476849145227324
0.21096920288775364
-0.19816959307340512
0.44549030462953843
-0.015677306076811896
0.20491141012822237
0.44346982086793812
0.72833443676250131
-0.20247925749491782
-0.2058520497685212
0.46801521692810349
0.32716503723267465
0.061315160125401648
-0.27248746280568775
0.063765150120805539
0.27934063681140953
0.36988011327602399
0.74575413791998246
-0.39488780617409835
-0.26869719053719543
-0.3010453916224719
0.5472945708664021
-0.51639625114382981
0.24710444076678642
0.21777869610649572
0.41572467847647038
