-0.13315329570622383
-0.41879774486229643
-0.34449843639719069
0.13310589938021161
-0.17098965451243633
-0.38900523562476869
0.25076156382263221
0.24306592900133001
-0.26351814986021865
0.42931868280474039
0.012635524373330882
0.19348741320702606
-0.41728266056788588
-0.22108673062901027
-0.44122762112583019
-0.16163526049083243
0.11932206088470025
0.22108149963574822
0.13565605733621242
-0.090360563643337805
0.45678765104186586
-0.22434570100422921
0.1541350189363849
-0.18816479079444637
-0.36079477556060208
-0.45153246610176212
-0.18976652385543863
0.35768149133782778
0.082814988455258989
-0.015442211658453211
0.33606938849046347
0.29498283558571742
-0.05312352650711382
-0.072309054441999421
-0.16474261561371234
0.070620023808586577
0.29458509902904351
0.10219314398848459
0.071712214813366412
0.19271797890355766
-0.19783343793190822
-0.12599276861599074
0.12108871055867639
-0.10670613734722516
0.033259038876600588
0.037034833392376704
0.22723749688398373
-0.23868898195729921
-0.021465555499263107
0.26128841957552762
0.018485425698410711
-0.062658250309938171
0.10718046981948191
0.066591227804173675
-0.15349596670796939
0.41723888087203514
0.31952224792043027
-0.32755186313600465
-0.4696766212844567
0.0059305973297270912
0.39649840461617802
0.11999145989224275
-0.0088708025120129725
-0.033049215413365141
-0.070316171524730978
0.021648935321774729
-0.31707848509812026
-0.29024350621171258
0.16280494222804909
0.098156611706843047
-0.054599435437019499
-0.034970764610906313
0.053907260285697089
0.47865562533601774
0.034541174596098137
0.22493949561997351
0.17125837847745318
-0.23404441336383563
0.050634988774792021
-0.17832829435668687
-0.076731438733944238
-0.18937388176916312
0.074300629155405862
-0.060547809571057369
-0.21934108757091197
-0.55912791967310749
-0.21359482146980868
0.049628631444897604
-0.13044781113280912
0.11255595989320669
-0.32929658232066822
-0.034266912822791769
0.50228419682375469
0.12881074835929743
0.032956085537267019
0.048249349223041957
-0.040108541186512851
0.093491478905394304
-0.50371235584069929
0.35491902135641656
0.062126156724520695
0.29707696344488671
-0.46860988861502423
-0.11773061084438177
-0.17057697755023868
-0.29734156834944692
0.082783801085065611
0.37484023634742558
-0.33386279347960784
0.023326842205227981
-0.022400202329063819
-0.079220399369517525
-0.29283413015524046
0.53575222053829674
0.40244834676257407
-0.19812652683317888
0.24338279850867803
0.092337255562128573
0.22806667268117681
-0.19315627483946396
-0.0066088902192785988
-0.089101120596475514
-0.33310603586103599
0.16671990093711694
0.075651932092836424
0.054256815971151638
0.15045613952127823
0.10110523598281829
-0.37765587072886075
-0.0996763922784204
0.31193528930111147
0.19230844631219743
-0.56358309526511297
0.19153164976247528
0.21295024099102894
-0.22319911379968074
0.48178564499581905
0.34413830034413917
0.299981324502682
-0.14740276712724565
0.41658300988433239
0.07649395819222958
-0.13088298823139016
-0.080320375276768705
0.52771671340500248
-0.19340426037354402
-0.30465698721527679
0.32429602116559314
-0.43962497121025496
0.39772656255538469
-0.62504916464361504
-0.41632059607181826
0.12458237008107076
0.015092328052056863
0.10839964742184313
0.13663015722578667
-0.39455194078057326
0.23968718851078755
0.091523211103182844
0.17222370482922084
-0.21243412645867996
-0.068024404629536545
-0.63095381896682767
0.13439779444254135
-0.00051724730660119515
-0.036377933715975891
-0.25628190830669922
-0.027249708883911608
0.01435279884840187
0.36690340120318399
0.33820169324775401
0.020018967810569766
-0.20675775199152233
-0.1967202970833499
0.026917202312844366
0.072254567483168358
0.013773156582898825
-0.15233160327376866
-0.16253391006696219
-0.30473716374382437
0.035594309639017024
0.20902707189096667
0.27785733134227625
0.52551725452712295
-0.29112372795321839
-0.28339851869281174
-0.14676436488661831
0.19541459843746473
0.25025121680611839
0.0024021587629075155
-0.76044044313644843
-0.20781572729600159
0.014408289940960748
0.27531736329361883
0.3747111844350029
0.083604991343118995
-0.033244686718608647
-0.10919783586133207
-0.45765331068201731
0.19671277238415474
-0.04568311124244636
-0.28834322176294658
0.19987343625264278
0.47274427392347973
-0.094381631852350448
-0.12835888634782139
0.19096006473750199
-0.10845520998622997
-0.34345861611018857
0.12108005770495488
0.22627815855372418
-0.053018421714424169
0.12081959842057906
0.25731094179916902
-0.23839051390464031
-0.038143620011170352
-0.025339326550770355
-0.12627666886103592
0.18066607824275752
-0.025611368183091014
-0.17196720478836452
-0.048693194497099634
-0.35584909627745193
-0.05062219711946523
-0.20784819921814751
-0.15339320467432302
0.058797125212451382
0.091894111674061474
0.21084243509652797
-0.097994415338698126
-0.21323319286053979
-0.30356460637546911
-0.5382963472084642
-0.54644330325298507
-0.27051993394968293
0.047528500342467271
0.052080461196499443
0.41100417242057996
-0.1409198191767882
-0.18065474498719103
-0.12758597344056824
-0.31745596486561833
0.12204493033194162
-0.19402302406310643
0.14802700585456124
0.20094787800141334
0.041390619402248842
-0.21116369067935226
0.25828795851544839
0.2286958263860806
-0.061480014245000915
0.39132814782682152
-0.32886246798416102
0.070322944308540802
-0.20425051707821867
0.089412280395825897
-0.44624895410876109
-0.010963562169720879
-0.222407327370784
-0.22445573799922891
0.63128359102378728
0.24703520211212809
0.5994048248042475
-0.23714466387984426
0.0083601577354409824
-0.55066233530072817
0.3182537861305737
0.28912959263224342
-0.029263547407669375
-0.15767878929623683
-0.62228811332479184
0.21560686163730861
-0.23199850650811479
0.07917668113502882
0.25648681785402971
-0.47507505674281852
-0.0076208717715850983
0.10775414932702293
0.3021281860481852
-0.085202707442185888
-0.24426825205240013
0.0055843277314086698
-0.19981622805067775
0.3186911061496322
-0.084856742771115004
-0.037012579026511047
-0.28207610058686045
0.64119896551928057
-0.1215948924409153
-0.17698132062954119
0.38402585660826827
-0.043843953303585453
0.26745663726107322
-0.14611412544510091
-0.11616680403536281
-0.18005615473766148
0.092788455073611317
0.12249270371536404
-0.48169624220480739
-0.018539006769739769
0.37954992221545725
0.32303346167606145
0.023933781645090593
-0.099771813621207878
-0.35974857352100958
-0.16577183027634992
-0.16916579813177782
-0.44656808426971895
0.13232824197855692
-0.038991977413454372
-0.39493098314718794
-0.047854388109037693
-0.35454215679866419
0.02642234116956739
-0.062182430378638562
-0.32908211958980826
-0.1965875191320875
0.52450629811540506
-0.17697435184251659
-0.3050696582886574
0.32358159958769339
-0.25518024864436029
-0.11856971673505565
-0.20370866142548211
-0.12409646804532772
0.17492539934417628
-0.43041051140075964
0.28212822437682533
0.0084176201991401252
0.0020976104515765892
0.0326519136255621
0.13370064088573569
0.094437610182534062
-0.082823609814695637
-0.33854503541076048
0.11765592077416721
0.30108670742146965
0.17456591458006682
-0.047839534685123024
-0.47140270593692046
-0.063784307061552858
0.20412047741909767
0.36918564389461145
-0.11165108483208604
0.083447685262131713
0.35187268493680035
-0.083946133169572903
0.30534317117744397
0.12060912066726079
-0.22455658798777661
-0.020669698107610053
-0.23544437416835295
0.064511716017425946
0.010872832423889981
0.2537658607112655
0.039574186361597083
-0.24207123851798631
0.15413998932645467
0.1722769287794188
-0.34744974777510185
-0.099199158267891052
-0.77649038540878357
-0.073392972566719727
-0.22239823648309609
-0.16291627241087986
-0.074400905408741627
-0.40149081436515521
-0.024503856080097058
-0.15795243827810085
-0.34138422174984118
0.31588266542124804
0.30674088109873077
-0.24345912293342178
-0.0094960216969715416
0.078421572264828904
-0.037037435391432505
0.37384642709985005
-0.05055067575332025
-0.30693943868142104
-0.19339074995325131
0.37991491696618884
0.24603789751996363
-0.17760050194865606
-0.28022073326775238
-0.24731835334981997
-0.030758933435953244
-0.31766357831320402
0.2269041674569863
0.15362139712526585
-0.29030808705410277
0.35009046862478937
0.078894590482664534
-0.054795599396410162
0.062772815887700326
0.17470385204539057
-0.13741779599553566
-0.25010952347148785
-0.12862800542828989
-0.16926722598460497
0.16874153469171504
0.23927774176208966
0.040102132133940024
-0.019564481717560141
0.33090987787968623
0.11384838513779917
0.19050113557706425
-0.023303633399010711
0.076776985746020474
-0.027412456492096209
0.079591464876273707
0.059751695751703783
-0.24421653949580482
0.38045696656537276
0.045886866473669644
0.22201091722621252
-0.048047959111187206
-0.21828498088246376
-0.37296968207503678
0.23171003789039724
-0.081193834317199703
-0.53879252519680509
-0.4677844730420328
0.079030621494951811
-0.35970849362546731
0.032994706647213552
0.022957053943004842
-0.14008973687732101
-0.19155077876757928
0.49472459002022645
0.19220685970418974
-0.31751173685530548
-0.10107180450715218
0.15232805650305706
0.2582961206970566
-0.093046257368898849
0.40560507595352385
-0.20921411774836604
0.30375575308434111
-0.5706528771444741
0.15882438701641829
-0.23476749210928358
0.26593156672086132
-0.04510262570356046
0.21918542584833603
-0.07223287554071145
0.18430462488287869
0.10220261858788597
-0.47419718084400059
0.004273798312069056
0.22615280998341425
0.24982574154279583
0.20938299272142019
0.13792238060505974
-0.13593469466069877
-0.25925750831101507
-0.24879776303193207
-0.32766847464669513
-0.18821863955109519
0.52502725405004769
0.1927512908818988
0.20554284384485338
-0.49096910484986911
-0.14024670128648276
0.021704430051517235
0.29355797354145902
