-0.3052129750267551
-0.18401143424989713
-0.48130979268664692
0.69197415839086551
0.41849090065955485
-0.1688146569137198
-0.18899324886241109
0.24277161716599957
0.36236457795226645
0.27765408831151339
0.59183101771263269
0.33641444235564877
-0.43097090516914849
0.8538043701412048
0.36482891687004465
0.50898230086425733
-0.42316775465999779
0.16740054731092988
-0.33224604764603216
0.047243261171650536
-0.314844118256836
-0.23344377847887002
-0.088229761407938728
-0.101455208668777
-0.098900914430578621
0.019492252756266763
0.3514955808532792
0.40710925400934145
0.31347739165861505
0.18285848602008203
0.37460250971033021
0.56550836089082157
-0.27317148536714159
-0.17031935158194364
0.28866634543631514
-0.1945806447281094
-0.32645572710598225
-0.037399202150766503
0.15595541192456883
0.08888012009104429
0.084261078386642499
0.31896927499284083
-0.30548132570294206
0.072704349440344429
-0.55198770568138467
-0.030084721614051367
0.12944465753341902
0.35833347672758781
-0.28090440008452133
-0.49490837735528259
-0.074938860449266648
0.20019726956990702
-0.022017474710091297
0.37733426702153494
0.17995830866976259
0.031406216557857809
0.085675147726481896
-0.16294577407269226
0.1357770989903046
0.014634357024149143
0.19069061246404578
0.037272027773802674
-0.13261989901946564
-0.019813896049228594
0.12453732160368387
-0.27147469441719674
-0.16086447464266054
0.72851385457789597
-0.52356703266563498
0.49531704867163179
-0.26608953508212652
-0.069103167946306568
0.54193975880833245
-0.064920947546167077
-0.037752439334763091
0.090398461115075351
-0.16859958374075149
-0.46227197174907614
0.049818975955874721
-0.028123889103521555
0.19184016654604166
0.1775692123561437
-0.28927676020519527
-0.036603926322107759
0.28959581044160876
-0.33619043660471626
-0.13884842401358979
0.18705783715638505
0.56116397347541647
-0.074484750749171755
0.0039476127788772037
0.10056789610785093
0.21325194528160146
0.1580115879836318
0.23088880762882569
-0.30724114321123003
0.027236161924184248
-0.1550529253922967
-0.10616247432074997
0.3991522629302352
0.13014636078875921
-0.14110738785366961
0.85147220802260626
0.41291955376473177
-1.0609527118636162
-0.18974186730484116
-0.075674858423569039
0.17210132188787652
-0.48721648035751292
-0.088575809139559633
0.0067113458748248823
0.0020032688137431253
-0.18340541648762623
0.28294802200820379
0.15724692545854244
0.32597184140727165
-0.17568294171690818
-0.35904664134957898
0.20857958345616406
0.079763859247451857
-0.2368412359207947
0.061993119958702311
-0.58160951570101482
-0.13623495039272526
-0.1247090619961204
0.40358592942847921
0.23732828909719034
0.094932403754912922
-0.11236136464080501
-0.37828159591526389
0.27902952511701784
0.047885741762754001
-0.61290361150906059
0.093199957730334057
0.069798901797121421
0.59508972622957668
0.01512349716562833
0.17550889167347569
-0.020230150667928486
0.30278122794171264
-0.60432411612073689
0.5185241106534163
-0.25320442010829208
-0.52283704138810394
0.64537467890744693
-0.59083857113111204
-0.35428493259092109
0.081959614682548185
0.43072224579047741
-0.43842004665338741
0.32073209012749493
-0.7021856365821133
0.42091423925841187
-0.13298424988940558
0.032209956878520789
0.13253952995317173
0.35248433832051779
-0.2475390729448356
0.185519038789279
0.24803870535139361
0.56170417887681923
-0.25350862373760974
-0.033178608517204701
0.23618731428419035
0.28090956835235831
-0.11080237443586706
0.11481082836874375
-0.32965803605385641
0.50750903679575832
0.2005729170330669
-0.076687899277243135
