-0.20823790674425297
-0.78161441507026297
-0.20951666181472214
-0.87244325661244226
0.21920924990798754
-0.45011809665382013
-0.23252030723280359
0.020458110926940894
-0.24407762844697753
0.44653911221058157
-0.065689412985010923
0.0039873932946400334
-0.55029758514178573
-0.18257879121485984
-0.21639219012101546
0.4299054948218819
1.1255403915916504
0.29709794675423068
-0.27086017250062661
-0.25210298333870562
-0.083644785616357881
-0.49699608719466914
-0.32897175463062556
0.15583058728911992
-0.25171318250182356
0.47322344948394635
-0.23723610794399705
-0.19146519143338178
0.063741479462453107
-0.32393201012346728
0.033008384402804049
0.21457137553094646
0.1427991623551888
0.35714389537610813
-0.5762725816712907
-0.24457236366025822
0.17920890403097964
0.0011447105525511665
0.36996046370207319
-0.22545741196993099
0.055472063467339121
0.30896980138847008
-0.45482075486864443
0.063127727682875723
0.28124502283171304
-0.09080772590934312
-1.0843881946166858
-0.21398649052652199
-0.033945440668669703
0.041397354657184846
0.38682799354736924
0.90612313936874689
0.26706854189477058
-0.369107200283326
0.063588408759995954
0.24096350575555359
-0.52455852787619506
-0.19585784650955079
-0.30593718841312123
-0.02556202002658485
-0.066260832064536493
-0.81776510144274961
0.61653540878264779
-0.20454089207743981
0.58323305928600189
0.72468586669110036
