-0.58539017833984008
-0.62553020946667459
-0.059199583064844824
0.15775976991718255
-0.06707961367185819
-0.13744691745061718
-0.62966077041427093
0.20840828804199435
0.10291912893627117
0.63903054414924099
0.57572745421219207
0.080649077926923565
0.14681800875119086
0.081168497770330458
-0.12230370657835468
0.17938638068587381
-0.0078183858632589476
-0.0019191212735623954
-0.30173444223034063
-0.021395674345286411
0.5481875565936658
0.094025917517807436
-0.26920094442663972
-0.17175272282534093
-0.088010830118863681
0.24019609347408405
0.30965770883212018
-0.29504010126349606
-0.0099752718965119246
-0.091823892651256955
0.11418149146637251
-0.22661714657745105
0.43690762518446402
0.62051543848594493
0.039155789150822205
-0.09333296323121025
-0.62909668479565406
0.61931282993397152
-0.33380565796303846
-0.41542550330611622
-0.19241347137579623
-0.233867343827038
-0.0039041656331981756
-0.39019143395036415
0.47229608149792396
0.24775357440873283
0.47920095564330611
-0.61962059860912366
-0.090541542927025098
0.14785601999781647
0.14015622089116017
0.53818841443780452
0.16522188846571428
0.15238472968555902
0.21561559472606351
-0.50658756064664801
-0.50294659518314733
-0.25232947011222767
-0.17254829260051219
0.15619238814340836
0.10161904979563714
-0.23446888100705846
-0.26160718079001022
-0.12578879581294805
0.10713917391199505
-0.25539463679347196
-0.20981448818498447
0.001566632448413711
0.2931433710625258
-0.47029878508251527
0.25576140448827012
-0.062504490407632868
0.26917736353663674
-0.28522630794628612
0.1488429866574065
-0.14617806385893295
0.063967170750150099
0.46740535228087321
-0.24666870911051852
-0.1448837176043351
0.53038727782877326
0.41140261822038904
0.090331566170496466
-0.43622770199907279
-0.2620537621645041
-0.51753774808432262
0.31676642584585996
0.2455382610972803
-0.59707822360362095
0.042390925821628879
0.10902065903312905
0.63046588995403074
0.3146055458621721
-0.34499671246136854
0.27744277730435346
0.22092215327797685
-0.32140547521211438
-0.49966015241201023
0.19304280345088418
-0.03908041437252141
0.44759896865384008
-0.025957417840885087
-0.083650546852389901
0.60364547117288325
0.37255077698670513
-0.4164337810996882
-0.13999254776758094
-0.15683079179279469
0.32670085620244493
0.011410683450915692
0.26895616102107955
0.2938681646926567
0.24710856398930967
-0.11336022389651021
0.27494336701338562
0.16797648735097415
-0.25824569374604239
0.42633015647503125
0.27154451703791077
0.15083693375739557
0.10888136628767119
-0.22227662395827799
0.035496156814730992
0.84005622907000022
0.0057467415371313408
-0.19954085551949094
-0.32287709591170111
0.28774844725845988
0.10246809155732163
0.31754224625398181
0.144525373264656
-0.17955057846497502
-0.045215181492304794
-0.12954483574949038
0.084280947281800439
0.25365510399952407
0.18035421340282845
-0.042088565371221062
-0.22833581290006605
-0.3667965328938782
-0.25856459264341458
0.47105245970968701
-0.31020894407667837
-0.087510258634779153
0.33927928836635801
0.1695375994899086
-0.25463014992698574
-0.31766000968815522
-0.17449371183042781
0.45758807479714358
0.25944205769292017
-0.056454312873348615
-0.40010322905865991
0.032932853981498166
0.12036872605626979
-0.13775737761848728
0.24730109136460557
0.54345747618435425
0.20009239825939418
0.4459293208106403
0.64695183768120235
-0.27296383666434609
0.46568343830033565
-0.13138358999978325
-0.18584124759293727
0.036469058187162534
-0.29503549020034719
-0.016048917937441901
0.080163661656510593
0.59552950720012088
0.15577459784645151
0.20122631139492742
0.10157614383194621
-0.31862012252029326
-0.18429569370345797
-0.45579371108612704
-0.13381593258190183
-0.19297555780298248
0.4670031095549646
0.4063825647490954
-0.12208495698381983
-0.054185797910465093
-0.16663303782248307
0.57309333211567193
0.16137948258237605
0.35890911557821265
0.15957163137428249
0.20491267563703397
-0.31395213728308435
0.36518701129545561
-0.4641294229499594
-0.36505752219546844
0.073957970751297841
-0.054649111107751183
-0.40688366515199209
0.035152288179852109
0.022372920721984459
0.24909366526377549
-0.5465863644693334
-0.4145924197404649
-0.2072666150799653
0.031591392889030692
0.034706706595690272
0.43940781644080745
-0.17646407646988208
0.20441720112221937
0.04652274959008118
-0.093673630181011935
-0.43256605205006982
0.1080677370733282
