-0.016718640907196648
-0.0069029636103298047
-0.28317470837031883
0.28388118425666237
-0.66562080614265395
-0.084436640524690215
0.18817927585779187
0.26486810042155895
-0.32753910790873786
-0.30778695208263779
0.16099561001063245
0.28784592733940995
0.52534446684293346
-0.0816908091730284
-0.50410993262019954
-0.074260138768954237
-0.005755613789975144
-0.099743851524615929
0.37662870904389772
-0.34541550105362206
0.55617001079012229
0.70756320378713855
0.20555098999244803
-0.65153099357749622
0.22191612886733386
0.16013295889554346
-0.10702368625671338
0.20751180734587499
-0.002808107438423866
-0.43347632355621513
-0.63085139304320437
-0.084739887079808382
-0.61371788205405964
0.71241605144255271
-0.15146502028297354
-0.69260094104463432
-0.17403475893557818
-0.30898769271015647
0.32231627719314121
0.44718569516629586
0.69679686170182653
0.16402340856517508
0.60583645676664744
0.067743442820013142
0.26836605899959787
-0.18380971963332129
0.30992067300394804
-0.092021407561161478
-0.5577276232256102
0.41072691302716929
0.27831274371187015
0.018081354809066801
0.17695176313648325
-0.098065606262351043
-1.2329015012712827
-0.68405723820854536
-0.76847389725481652
0.27042352907650474
-0.31840074484426256
0.023555727062082903
0.60780418237381106
0.42998885848671825
-0.10055658385904827
-0.45395617050318526
0.15575214672109511
-0.31948925840815701
