0.21352731239358286
0.16381236528354179
-0.067947741198139983
0.082908476900876618
-0.12822941592865916
-0.040708338567786245
0.3849325201923734
0.31156065341030259
-0.23123574500880628
0.34106286020229681
-0.16691184159768699
0.50893231692570018
0.11631434188360273
-0.15912760763201905
0.24546871941170015
-0.083190454358871346
-0.50303224328138152
-0.38692953041147699
0.018928163508641047
0.32702431011096972
0.16326177411635681
0.15100527760529306
0.75354443164729723
0.27209034596155185
0.83657604978716194
0.015110755316564268
-0.20894192661636352
-0.37186815001815859
0.021759678192330281
0.32803362993531798
0.014795345359470335
-0.07473771958495308
-0.31053782284185
0.29744841064942912
-0.31034898210766776
0.63418129119034883
0.25195312588756125
0.303427758171401
-0.0057204855198815727
-0.25082007922313532
-0.1528042844947605
0.15169887144578961
0.30740150197436877
-0.34974898655541548
-0.35004277380396659
-0.23170577070241552
-0.39323987976773106
-0.11595182604266029
0.63819501947027779
0.52171072109742156
0.15660714878120349
0.054151067984380137
-0.4415150432083218
0.2417868383722771
0.22714476841226228
0.086363106973654166
-0.11528877612040786
0.55516281948953639
-0.30883418346347585
0.10248371281578816
0.29440326582287091
-0.082849010375871751
0.13480149259940954
-0.42285519317335285
0.065721495417148793
0.31345317515386961
0.19187936301231964
-0.010271270767720742
-0.076907826374056409
-0.39745753017050522
-0.35846585661614944
-0.25037091940335832
0.01952816221573481
0.30370949356142829
-0.42560954444685539
0.3203030475882736
-0.083111570743912011
-0.38992341969579936
0.0057185081332195966
-0.4301152337161927
0.11552534697644387
0.17614457287285473
0.33641330857533591
-0.28872169676789816
-0.017715698228650916
-0.037190112574276096
0.85655375359137353
0.35644708124388241
0.14960693261398889
0.081636226854338675
0.26170334850719401
0.32096788664656151
-0.030281146990218343
-0.29016849999157251
-0.37810882878001983
0.38002263210062842
-0.35030780568033076
0.17577667546413472
-0.15182493066683148
0.14548407297788946
-0.2195195406008085
-0.1632930455608855
-0.41356793490425248
0.21675714361975118
0.057266389714423563
0.27906818230436531
-0.45813644495536382
-0.23202691306772977
-0.49854732285599745
-0.1955618114113945
0.014063515606261481
0.087531201402057307
-0.21467084019766475
0.030312191078827985
0.025356027137114611
-0.19508054900159619
0.39146698030898774
-0.27432066479799466
-0.5366012998369597
0.04661838730618359
-0.0093755609045946924
-0.06148562591900484
-0.026837984409913876
-0.26723181389627604
-0.14234623217708717
0.3845969023962762
0.0042673690823728985
0.37495777331145569
0.094845676710443708
-0.54416483100963853
-0.16057220683493825
-0.22559671939310397
-0.12163100459799774
0.23988591005784876
-0.03238716126659627
-0.028190638846892699
0.41157643840629576
-0.3088312835898972
0.12496279114542243
-0.098936618328883244
0.38926447141033743
0.14579994563858625
-0.23695523981501443
-0.57928899525768607
0.10628944999351839
-0.47046862456863475
-0.12544326604147213
0.43235164047994823
0.099299126875627072
-0.013759810385337325
0.17159754761930135
-0.12275877473045206
0.095324945735055441
-0.21082571147560042
0.043444003299556264
-0.059588333991453454
0.12330672151079364
0.39223928688507076
0.32955725444157896
0.00025391480993120933
-0.29618187121069567
-0.27451372424062592
0.54065589221583976
0.32785602596551217
-0.2761909029434263
0.099609677558870374
0.17114068216039083
0.28519563077967647
-0.17648022144474454
0.038759318505819124
-0.20752814344541384
0.2644991891675183
0.63149590956132118
-0.085534915107328982
0.14113029113828007
-0.32414275135593118
0.078653283418392034
-0.43735899670222561
-0.24383400407134187
-0.13145250868177397
-0.34827485069490333
-0.27283460868967296
0.27364453617997375
-0.32479004619957441
0.035395711487001123
0.014349604363959234
-0.13477168016389449
0.015656641293872588
-0.36906594505388268
-0.2617912803855349
0.30411659828504872
-0.0014363508402472681
0.12295359273867192
-0.32891901788075911
0.05116154696463681
0.30200228274854046
-0.24105059828518963
0.29757227848314383
0.048565674952794478
-0.088154965873086841
0.19854309440219056
0.22520673880488826
0.22224585447635473
-0.25181960581476404
0.12353539561084032
0.14956757134140031
-0.17142341430165714
0.27120273783354382
0.38498651908162929
0.15916554290052384
-0.30406278255911928
0.30596567273518688
-0.37008490141018219
0.060924207202442848
-0.0098088448778313221
-0.15011668243114332
-0.0045619927851371792
0.18836088796201547
-0.70126215294871719
0.18490037171024198
0.079708187424454582
-0.35700630313838622
-0.33841826167995981
-0.007395422320582443
0.013459406481554484
0.074246602650586302
-0.32705446219415918
0.047091685785055168
-0.12307673042453285
0.43628649572491157
0.032079219421699556
0.21913867293019529
0.10141662888219558
-0.13098359439229249
0.47885986172259976
0.17174105346604049
-0.19876413351868896
0.26385868855580347
0.25872325350495723
-0.28386252462573575
-0.44975584533257862
-0.47656315418146267
0.40105753689077189
0.062117633902063533
-0.10410232322390532
0.36130549378608767
-0.01514086410445128
-0.13361129427972068
0.080959822758036787
0.28237894197330188
0.20983557106091508
-0.58318425329817569
-0.41658901586870833
0.23357653033678957
0.63868665099696675
0.093161979412136636
0.27771340326158134
-0.013969849766069582
0.05182883459977522
-0.047976904183357136
0.044488556400020828
0.12481147227099955
-0.05852910209547358
0.030476152581753221
-0.061998909532672501
-0.18507501231488943
0.23456638146406458
-0.068439494389657046
-0.092409720798557235
0.053281169903635711
-0.045694303451058668
0.24991701167906044
0.31681650716135068
-0.10402701715980428
0.022222216239730013
0.53273766501226871
0.16266915632660658
-0.39024950870173225
0.54699331482939051
-0.34969235067623849
0.067833768449375012
0.013106538087413777
0.038144764277342549
0.28672126186779501
-0.012322503647346076
-0.10953413991440077
0.1660211303418698
0.082854667501252338
-0.49329449513547247
-0.17829103872677901
0.25081971230610045
-0.318795840373503
0.071122277886080554
0.19715742602028166
-0.24610181085357022
0.041986743626876176
0.013490164271583546
-0.21720105575804652
0.14310376056895407
0.1148960366830122
-0.012313942772874309
0.55336333179045705
-0.10056568772571878
0.096869256678963414
-0.2821215895159358
-0.29556310304146771
-0.1751962947784671
-0.0041637581882606953
0.20758031869052226
0.058023756380159136
0.54079767011240321
-0.46608381264635429
0.24713051213606968
0.27538948347771736
0.014680244137095693
0.4470025783723538
-0.15287313606572639
0.11095982345426629
-0.31024303945766252
-0.092077286842445788
0.33458093370120723
-0.059357833413187143
-0.031461723905862882
-0.39035036176183768
-0.20815081421784437
0.24836941356548892
0.13782078749485122
-0.23334635266884915
-0.094961088343357675
-0.064328761155100875
0.13093951375011945
-0.020731256287020303
0.37177809261656902
-0.16641511724363128
-0.038747301949194776
0.50636838606808943
-0.21559578328667819
0.11877298603841797
0.15159568140581597
-0.122798817370584
-0.14663391420848651
-0.2718786841615915
-0.29244118837686195
-0.22993519543718405
-0.34442185881897586
-0.021492221579847846
-0.12292678967954813
-0.40411802871048169
-0.14614412511359007
-0.13239311499860509
-0.31593666220913003
