0.044488839915736864
-0.022070795073259483
-0.19536410950607799
0.32262931179349674
0.51976156832103659
-0.051381012524034313
-0.087630106060215471
-0.21277971858190278
0.15420400120009933
-0.19539551850206358
-0.06151295453384626
0.60479388878824325
0.45611971003501173
0.048466017794589061
0.080889984737643403
-0.045702707864148762
0.034594163564724001
0.050483041668580336
0.023350385620078361
-0.0073486981514337803
0.082219742580636426
0.12545412693909977
0.47651845974984014
-0.44758904260329646
-0.21992454146138046
-0.19484117980105869
0.22640731020174493
0.040618014495550407
-0.55678651205040985
-0.36394482432809627
-0.031069026282153009
0.39184230560902328
0.038612466544361214
0.40968300897897991
0.49162044053681708
0.046891644151832966
-0.23592730243875759
0.12093176107681286
0.0072318757204272513
-0.49652919425710934
0.21545032031026054
0.015527928586422877
0.13009758290025508
-0.47914412229216508
-0.075821359677484268
-0.22966881794270991
0.094983329201100392
-0.32972566921242019
0.17768473223920284
-0.066636647510356889
0.19886410626715659
0.11142891318147342
-0.15448086764973981
-0.2270731385126471
-0.39081747847285181
-0.020198676661280474
0.18072999390770358
0.056126935727331878
0.3615436605200924
-0.25285810032108885
0.28106669414012264
-0.017990138940584356
0.13137660608426588
0.23390439863646109
-0.094019274204885983
-0.30717285467119537
0.094917005319600289
-0.060942553899517603
0.13864693966323338
-0.20296536101741214
-0.082786767481232898
0.13738068557302235
0.19699043716639203
0.27791206674062291
0.024780927164293271
0.1419027121233436
0.48926919093317522
0.26399892299219396
-0.1843052238213557
0.014718516373020071
-0.53401669881306268
-0.61215792103034361
0.28413631304354081
0.24686661978662341
0.091137723770381027
0.31108839847127734
-0.036363913283341022
0.20362173152239771
0.079283646784755732
-0.26354030643242443
-0.16555688710290217
-0.069952233406190417
-0.1512978511277597
0.33812393477731734
0.054523582613121541
-0.10024281368868805
-0.27583261047899638
0.6428304751138243
0.35461692754335783
0.18251763195383491
-0.021237483411466199
0.026000310872771513
-0.10470030506395335
-0.28935912945477932
0.14754340371458335
-0.050414133737131057
-0.13760774880896764
0.50842068067457091
-0.034941032386049897
-0.38503264940339554
0.47516406472091482
0.32261870980080742
0.0029820173410411055
-0.071024357813680938
-0.13334792721939809
-0.029356331020503633
0.73928778675035023
0.35052697287171902
-0.23211269671350226
0.12773538751711264
-0.5636007321068327
0.10927317881285585
-0.16331015999229831
-0.34085006918806665
-0.56411677261759641
0.008351256520221579
0.29315470740376126
0.12064668878377982
-0.097779334450784905
-0.003347783861860206
0.1233358393028115
0.46963517052991866
0.61770226550003626
0.23373087353668515
0.27067050092344702
0.49390296201932232
0.37291376589693248
-0.034935854172484709
0.24975041542276336
-0.060795850579461651
-0.44209303109176279
-0.41474260123686668
-0.47373374861871831
0.24002278481811995
0.19512607192073136
-0.22052845312970976
0.78747748395189043
0.52039993182628796
0.16338574565305328
0.16188986049743992
-0.31958172665750989
0.10715203712076631
-0.19547981579268423
0.63419573463696222
-0.34772859443673687
0.24312422564520228
-0.34938549339889446
-0.052266359342328192
0.010279644908630611
-0.32012866450746469
0.0032588068101408792
-0.13027032096423888
-0.35871514359118239
-0.0080713402078289899
-0.20543175624252299
0.39698821570269716
-0.039553339555791801
-0.1119015262783609
0.59734683813859268
0.0056184173748514993
-0.022169205382751588
0.0022707590447317576
-0.47188526487596594
-0.17028840959440009
0.15838540903188192
0.055576641196382649
0.23121354112927733
0.1044280579820229
0.063583863818011385
-0.022274846520378897
0.3891507130337119
-0.0091281615024844907
0.30429468010767574
0.2737542024146995
0.27166609588250468
0.064370822625775967
-0.23559682342090041
-0.069827230069101368
-0.093267124775389218
-0.18996549620693867
-0.087616309534063283
-0.16189310116775241
0.078100078188735697
0.18867991273208667
0.38470278003987857
0.019665542118715875
0.041127176095454861
-0.19962695481879406
-0.037487948052974861
-0.11489983154835892
0.37116989043200133
0.070930102097537612
-0.36307571715885928
0.5384321214065505
-0.21017290091613039
0.44323053772141463
0.047497110232603286
0.10924081270044543
-0.051151235445784642
-0.21713322395849377
0.25716699840547591
0.081657714303756013
-0.10461609675790884
0.21033800029890184
0.06429426853867061
0.26358270047212345
-0.379654840683541
-0.31375085658847035
0.10524274365251846
0.067228060937936956
-0.21921736021302488
0.07049289374057878
-0.17064954065330099
0.24565137484460617
-0.40885006745572805
-0.1211825322307639
-0.17805542158666571
0.35091264107189141
-0.42640748441947957
0.2962073166699693
-0.18148581107542694
0.55732681514888305
-0.077974275396049841
0.20781736766911046
0.29098236086764379
-0.096603675517816123
-0.21800857447806465
-0.092498149302941896
0.13314211598216277
0.057118486826404899
0.038578921272771016
-0.1600165294320437
0.13575127667263787
-0.40132754567148016
-0.04871244978086136
-0.11341963742943764
-0.024461862252453032
-0.034843894580436775
0.15216412998098849
-0.025554495866679797
-0.039605665676454092
-0.23808042458492193
0.33559351672805121
0.039570757046895944
0.28409622650364752
0.19478606785322999
-0.11656958119993814
-0.11513172825489054
-0.29932533114599652
0.51865722391576996
-0.054335384289616762
0.014253694335048367
0.18106825310281888
0.042805299411545275
-0.18045977154113749
-0.40056651786973879
-0.13669295384745045
-0.2888473056522155
0.0026114719011408665
-0.39161156550340298
0.083152180834220796
-0.14735896516196642
0.26035126719195362
0.12813447511166767
0.22974520414797123
0.39548579570992709
0.4986879436629757
0.20577402098858877
-0.16371332625826579
-0.02426575595737155
0.36639610024535957
-0.54514407093231643
0.087800351698645501
0.12674336743522868
-0.093071800741129279
-0.23206562996817312
-0.14178456817674007
-0.11182255122113208
0.22594651454198925
-0.419625842905966
-0.38479084526408797
-0.24118061451543768
-0.1929262214179068
-0.050323258809782105
-0.54413762558472267
-0.19047673966153672
-0.063302824355019466
0.28940270468995521
-0.19449891248654236
-0.45196392669887342
0.27537535754446463
0.008594509320565942
-0.23383610516247497
-0.29700190104124818
0.13082807674594082
0.54758728657736266
-0.17583887630497996
-0.38994474824555259
0.58892487905838264
0.072800393506069039
0.29074289038800677
0.070945077779519097
-0.061082358130601103
-0.042015325624627044
-0.38990513175127101
-0.18460700091555857
0.24386994667791059
0.31113042544373087
0.188216905057913
-0.31467618581897078
0.45363125483513111
0.13005467400428389
-0.15217886048289145
0.1603502177556145
-0.052774923095929502
0.34608622500922998
-0.30749529427028199
-0.20856581591175671
0.028056544338356401
-0.20078444268232071
0.26586155372316655
-0.1833545703264528
0.22538844454193854
0.38636978069456984
-0.17184605961187285
0.40322670218902329
-0.25439122774887268
0.0030471162463737303
-0.071816960085375151
0.23640861343528199
0.13836244050269284
-0.17646748259429076
0.34920390356975595
0.0833839970682521
0.0064678520293623282
0.043042002892330372
0.18611369182371204
-0.077169521899862828
-0.26102427383641758
0.36190098323127268
0.03142119725718083
0.38973118063906864
0.31106437848980462
-0.17286134865998878
0.26895018188916364
-0.094657426023150609
0.22833677042905445
0.17831438691067958
0.32245846268215667
-0.10688504015513461
0.15028531733844344
0.3980380656802881
0.085470066964191557
-0.17521560760196472
-0.0094868838617917211
0.17399018073158384
-0.10973809531481503
0.035342554923365695
-0.29726106454871265
0.42894026854647777
0.19506782399658934
0.46182464217007924
-0.060998064801168018
0.06296584538017555
0.57955110951947464
-0.19009033875933523
0.28183218208783473
0.43126005393370864
0.09468026585401379
0.19307404728940605
-0.099746319944997594
0.42035524590037893
0.45529477463212281
-0.1210907051640033
-0.078816961268648858
0.058945772095756292
0.13763212733015137
0.22434441027753535
-0.079428827396388624
0.031369910895956712
-0.22345484245561431
-0.0045660551747901835
0.12083214912018954
0.19166049459811654
0.30732203328490043
-0.28175614200213189
-0.059754692693088585
0.1238998975474836
0.29300153077719726
-0.024247978124211186
-0.52093828020713062
0.33610303546081149
0.11686692961523283
0.21145822433146944
-0.074699673170375513
-0.16729291726882956
