0.7369265065604842
-0.43021675516611929
-0.07978144403263486
-0.24580698610255827
-0.30504322908972342
-0.35055924869138688
0.14546893995021296
0.612895691036208
0.94746302877579214
-0.38743009290612279
0.12518636936336355
0.073250643439666696
0.42122885900570056
0.19667246075453382
-0.65255623258253881
0.40866629387370423
0.4649953703754362
0.985938926919945
0.29026559065271484
-0.59242225578574392
0.64739546575476703
-0.64996638876038959
0.30971525078113804
0.79566445848136425
0.3547987206429401
-0.19768663334228706
-0.0053512108241252458
-0.19984396752123931
-0.58866033149850616
-0.1185298833983662
0.29391183821574229
-0.036726449494743588
-0.49403208202721677
0.472047717575586
-0.16142722596904308
0.61176769513504892
