0.17285567983412281
0.10882486692255292
0.060664176743072326
-0.30306226394704039
-0.084012476334276637
-0.62786392249518563
0.10552018233514167
0.12060925413213663
-0.081576867620766907
0.17226111088038357
0.30568154832263345
-0.013872091804977693
-0.43231532787351667
-0.10564829269859963
-0.20090709749159211
0.8461026800341801
-0.2988273913683821
-0.37824465020031728
0.36180226394457066
0.25806393961445551
0.30812682240575068
0.21416482668181427
-0.63849343745855669
0.31553391116074803
0.11893782844296867
-0.059309560123723508
-0.19949066468666796
0.11404246984304431
0.030280533326201283
0.45821654793774147
-0.26081217216870017
0.10664502049880288
-0.16107090191237644
0.15168693602351524
-0.48782724143297967
0.025561457808631002
-0.4515612196306909
-0.24852195713712377
-0.05530215567038866
-0.046809689122556154
-0.30222529756204075
0.37726437205909935
0.1098409857903106
0.003051476492619015
0.22663863862415159
-0.06394541510554351
0.67040298811052601
0.16160206579499814
-0.22044739940928071
0.18316183269511188
0.17871004495222084
-0.035080271206085277
-0.26691976136651568
-0.0062726725421970823
-0.39737830554838993
0.20771084257403064
0.22421419688404873
-0.054618436809600393
-0.28692603708267145
0.55186532364200092
-0.15894594063085085
0.087415582356792781
-0.057468289083074789
-0.2574263748124736
0.27385940817421761
-0.17672109443519876
-0.11582750084299873
0.13415080138170113
0.4956527685636824
0.57008658715110316
0.1618482314298203
-0.071994125648704263
-0.054282672350687233
-0.10788126766225314
-0.25104853203634775
0.49044106716510261
-0.021122951784198638
0.16014269454774024
0.012415648133132728
-0.04434772383034926
0.33384290116078374
-0.49546166618394027
-0.015892117963193807
-0.29733961109535362
0.032354389278150673
-0.014598927964344817
-0.12026468478886487
0.31731479456051787
0.30974172868598171
0.71865426729159798
0.16560418330864177
0.34497051010993035
0.030941991266749347
0.23316402884386619
-0.32330971184381402
-0.26158687893369637
-0.1521473692845165
-0.10004900335503254
-0.061269351559736916
0.1118657307410571
-0.11857106050640132
-0.048563507461046346
0.14658190206460861
0.10999442318065292
-0.15637670736084733
0.19770420280015669
-0.22312772854673166
-0.21517788868233809
0.60549601626987659
0.072310973436593776
0.35300897538149606
0.0559680457512792
0.2042690064470164
-0.18727462764123132
0.62476198542783701
-0.074797035805592299
-0.095937579015213145
-0.075224896105920341
0.44233993352875667
-0.16707879579945001
0.23051689673161715
-0.22013725869440348
-0.28286184154530014
0.21772699159542661
-0.038806453326747682
0.01630198924286054
-0.038615435727460103
-0.14453677333402556
-0.079006013631522598
-0.2411147659483947
-0.35349927982887269
-0.29573529417763289
0.38882214158940115
0.376458816957009
0.016515315792250546
0.42144867438054012
-0.31306122290646077
-0.11808665740595903
0.67429021171660553
-0.030315253965254668
0.062221010833264541
-0.40225659326979257
0.1294962459127339
-0.24282616277205687
1.0610191381478349
-0.0626246469910203
0.42242928852027933
-0.21835055127602293
0.43071790946555294
-0.31874395034252001
0.16816036122486952
0.11765154950613663
0.32371284472452599
-0.098112618405769167
-0.16407692786634948
-0.4738977654353867
0.45364067578411305
-0.12931337768644488
0.38968567779014807
-0.028973670816612385
-0.15242740222759624
0.18175082677337739
-0.20363769582673344
-0.10601682441837473
0.28085492464263784
-0.060116079378989926
-0.18381934859433352
0.062227192439155976
0.015558330922530462
-0.081577005961574148
-0.25952173503712811
0.0818322912834578
0.69740287911876475
0.0036828736321443253
-0.22116863013347601
-0.23537714291898976
-0.032368217081120497
-0.085536117669179318
-0.079170550122051042
-0.54069916448349387
0.22760557426061706
0.3152153435385262
0.2970469054564539
-0.54302258244868673
-0.26652025564977394
0.25220331810767099
-0.24297062065321667
-0.090117809612105984
-0.4292853610423949
-0.2513380651101817
0.00085498353785158968
0.49778008553566283
0.19874993857451423
0.35363359616061441
-0.26259618970908211
0.031581819116282363
-0.014484547080027025
-0.2959481103191634
0.2042914515082587
-0.28082698496818986
-0.2001074576133709
-0.61710533070875884
-0.28153524416409198
-0.057245798651933175
0.16814361784382059
0.18377742896653448
0.54685362718704067
0.074621178789113687
0.025362204021566574
0.43242758559661487
-0.06093475428162079
0.24719330005412174
-0.12326814979986858
0.022255569775174632
0.52502131444781375
0.40176434900501362
-0.17603168728022606
0.59608301346487724
0.82286967902576647
-0.49385415119704457
-0.61551682507814209
-0.063989006672233756
-0.14627608145826593
0.54652757612494185
0.017564132325492463
0.37998207582507287
-0.12537751848375642
0.047447836300721254
-0.09817797324996283
0.15894748147015347
0.013995168596386241
0.32296834105326894
-0.40363570807007987
0.39328266997656652
0.18681413841392655
0.20487706831147923
-0.051870733602666121
0.24470450381849221
0.176016848385422
-0.30844166130455097
-0.41500094537814908
0.090947884196419859
-0.082780120242688646
-0.043202739522257727
-0.022779212585866796
-0.1580410454614983
0.055189114867394903
-0.27000633433653415
0.00086612332610298695
-0.15639001221675228
-0.098238638177916782
-0.41213257895881489
0.67751044563992013
