0.22493061452678734
0.28935334905004007
-0.27915818792613767
0.036923130529289812
-0.081056411124783109
-0.19424226161319599
0.13609885885998579
0.645690690499094
0.46716789423939881
-0.63039545616690063
0.090139729191498194
-0.59552967515825439
0.0055644491419571855
0.1020344507618034
-0.1591390807116129
0.31535124305503731
-0.35148121027522938
-0.32223683440384576
0.2531744597038017
-0.1721974067603361
0.12108132083875837
-0.13420705743431166
-0.056122211433420006
-0.24951622623337461
0.23716359518648458
0.19920469073675265
0.036063795334017962
-0.57867940745074109
-0.19731182384281234
0.15336578425401565
0.37555831618010949
-0.0038932985792995371
-0.14028936630205202
0.056157854684475449
0.33292393369974194
0.02849852947918716
-0.23108371578346287
0.14201289598486405
0.97592376248862689
0.26831690803681241
-0.11997026914919515
-0.18373162688533762
-0.17425553569509028
0.30292255940370988
-0.020528369971547646
-0.20799158073613805
0.04675572969290899
1.3738304688370013
-0.19551082267083608
-0.23110979319591557
-0.0055626002545573613
0.38480597138332645
0.22114118236795396
-0.15048034772640517
0.23756630584332322
-0.051129088493650429
-0.41402173868798203
-0.29944506924306036
-0.016455941625701635
0.14080996467220563
-0.29723296188641357
0.34890067212485998
0.077546302590944347
0.12529687768491374
-0.29031169955912428
-0.27156317067414559
0.092440766731380047
-0.61471752491063802
-0.087545768726772402
0.410238600693976
0.27290657077842595
0.3197386107942739
-0.045994788077290398
-0.27480371419487476
0.099001529302610886
-0.23569136653249115
0.16766849061679148
-0.56455011056785431
0.31741256380210425
-0.13848150324429409
-0.29043217495392931
-0.17210570712203346
-0.39348829069465813
-0.12103858248809263
-0.087029141608681013
-0.21601574674463683
0.31985666397126394
-0.43380747703930456
-0.36128148891676887
0.055560244454084314
-0.19682914104908744
0.4409263670900691
0.037145266423008839
-0.39452292852738041
-0.74795330515586378
-0.17127350725159965
0.16732296896460774
-0.14150429210684909
0.58703131359482885
0.019479029667806329
0.42587395146556434
0.1142757745384418
-0.15166101866083198
0.25182460782278482
-0.52585096846509971
0.023975171378920829
0.097851045544124549
-0.36464795652687326
-0.58619714968765768
-0.025785566214196549
-0.63278375238215367
-0.028234849541889109
-0.0039930290120771305
-0.35352030602304513
-0.16688107627636029
-0.50995046307040404
-0.15716700785267579
-0.48593112912150571
0.33444295936226381
0.1362409962146397
-0.54774531765502943
0.37528532818248883
0.037379698761393014
0.27609365525267959
-0.225328374052672
0.099520556535337146
-0.096962253662082401
0.18845741520372758
0.21268852271155769
-0.55831292949954447
0.44353947658398851
-0.74916712492088666
-0.28056044298212246
-0.40170472331005302
0.23040606755001816
-0.18742564514328497
0.12118202442333521
-0.047080038037582636
-0.26845058410512923
-0.24025630048970703
-0.22054380935486587
-0.35937469319195731
-0.37962675522969858
0.41799945705046787
-0.53236027051207502
-0.65630683756348185
-0.1637201404892128
0.11702021159756315
-0.18871119692203178
-0.54241413847458109
-0.45976164363489197
-0.13092653054579359
-0.066970733817825062
