0.25459991037751922
-0.076343565711010128
0.38551646805598683
0.49244320551909382
0.15270285676034154
-0.27035123000112943
-0.14845257010434343
-0.51957206307213177
0.1207663580792252
-0.89704759819602864
0.24696040667276845
0.18336989689902822
0.56838997736635344
-0.12268885649140503
0.31910116949388712
-0.028333399009973892
0.15926855596835918
0.55634380061255218
0.57434224045708615
0.081005634273700847
0.10279598451348229
0.16869833784445068
-0.31478902337995723
-0.54764300900402096
0.43338500233034383
-0.27896051367061536
0.57617796219271544
-0.73074268431952127
-0.20293370599899951
0.60867789835660768
-0.18528351448151481
0.084875206509497675
-0.39368295214845617
0.29142830036628031
-0.10703256066708414
0.47328362952907976
0.082063088831883527
-0.03530379868032088
-0.88224805458790356
0.50269590957268184
0.21053256623838679
0.6642336176658844
0.56974326660729335
-0.51722871429412631
-0.38239476885202045
0.028550862018734413
-0.33242269509662004
-0.33597162130520308
-1.1170389231641147
0.17489795695939073
-0.33252057102381388
-0.083144812306018598
-0.21002049593436198
-0.17919624602081874
0.816367829581093
