0.048149620125036027
-0.22921289448788015
0.15943178970522529
-0.061027071829793285
-0.23724574631017112
-0.18035292433430122
0.030141743819506048
0.13136315112231789
0.432474273807743
-0.2554583454583656
-0.1765267995707161
-0.11536129422956716
-0.0012728736094319204
-0.169656812240632
-0.53753356554653786
-0.19779127598495908
0.038517956309475347
0.21891236406942441
0.46507686416239113
0.38097394458603667
-0.050944611459628607
-0.10824974432432508
0.56950975450589247
0.65519622995870086
0.095204219956220776
0.13928251425957131
-0.34213502417582431
0.066373497699547188
0.1789996232951574
0.0017141848518203125
0.0050751960582671677
-0.35274742266529152
0.22476338312002103
0.067324538044815987
0.20129598712430138
0.14370938149169854
-0.41730278338448162
-0.31479653682793973
-0.33370387931320761
-0.42862472597989931
0.21793313043454202
-0.54217202532364017
0.53892419525948143
0.13113405984456569
-0.37019842694801325
-0.17848964466731768
-0.1716333379658618
0.16379918497726217
0.015367789660719337
-0.067598196206770073
-0.20713762914149261
0.14117252061416968
0.14309431833633204
-0.025503624595653664
0.036314095205172689
-0.47910676612757774
0.23676715358703759
-0.20379997028862873
0.062234744618567109
-0.53741482714755295
-0.55870799143756611
-0.062428242626339017
-0.049182324723604016
-0.26980190205812049
-0.23577671209724091
0.1521047608400895
0.042744230161699426
-0.060688636067318946
-0.11956193518559076
0.38273611062467233
0.1993695307980875
0.56570741616637432
0.11372324370085016
0.046122260434080888
0.24729180929108285
0.30437676892439341
0.2576628713558709
0.20407395766988648
0.33665505406248014
0.29124844236792485
-0.13288711425654051
0.22666251291793862
-0.038304925481431308
0.18657902534395029
0.33137971047246773
-0.077633018274314083
0.015810664094023888
-0.035447078292964902
-0.38861257624359496
0.3346086487121202
0.13289082467680557
0.25529911335487859
0.17060492624773935
-0.24591211124122711
0.28313619530507539
-0.066024818214297357
0.21923320502733748
0.17482608098813018
-0.12987585932530329
0.26195350081749036
-0.37743736955097429
-0.2301346578824921
-0.050915234487433902
0.057697331133423527
-0.089468342420465724
0.44418330294036884
0.11033878328619233
-0.028652801697927582
-0.024592582940790853
-0.076039008614189413
0.16691464649327259
-0.69064795148264935
-0.85922523125563011
-0.081877213129299492
0.060209570295052299
-0.19519266586820846
-0.37773488011374778
-0.16836076784100565
-0.032071389777457188
0.45704752745004035
0.37188077886066806
0.21267483928398515
0.072403998630362176
-0.30257443584050592
0.18420184551507113
0.29878837759391269
-0.64816128257834837
-0.21487026323392105
0.42736708001228824
0.066972199194205717
-0.34274867580319868
-0.47091511212349185
0.20227055541754249
0.14746008518790102
-0.10818139477985442
0.15777320770182768
0.38357180325110218
0.74210406530700279
0.1433842771014846
-0.39662170068197605
-0.15583166654827249
-0.07361908776608983
-0.37831506225270889
-0.32027045982057839
0.44808348781890622
0.098679116913146486
0.22420996764042989
-0.45521964587500385
0.13872060964731323
0.5988851541846445
-0.37811812011846091
-0.21372959946958214
0.69264499752629438
-0.29039361579858575
0.22783673867454302
-0.15647570795388233
-0.080297004592980975
0.35855149694743194
0.11184798289375111
0.63562301547111166
-0.017598546793184136
0.32179330302704212
-0.22054269172744906
0.46632678961828611
0.20959177237861637
-0.58749159282862351
0.017147449050053807
-0.18146795872942506
-0.24390703209681008
-0.32491129563923898
0.071678521761302058
0.37669272715665619
-0.21433061760348796
0.44883967498339233
-0.25100840552485421
0.1837825298748231
-0.40989960488861565
-0.27347769726699001
-0.0092743557108596018
0.47757017789587064
0.7177027840140584
-0.12505051697486461
0.48493344827683721
0.0015784865255850471
0.080698668083878225
0.16044442381673002
0.33675561760868322
-0.17769291281215924
0.068361052420625901
0.41551158377643177
-0.11359041508498
-0.83468114060540677
-0.39924560692510036
0.03230706840610436
0.024653121717573535
0.10964294076765561
0.2214057457063241
0.5954007569682066
0.1299451954978243
0.12493567320349483
-0.26777704691899501
-0.29439410270653327
0.88536990065687404
0.26529996230504577
-0.20417493140584192
-0.12788602861993267
0.23446918666642555
0.30384714506576854
-0.19898681832509021
0.20629172829498224
0.28689888973819
-0.4425248158529973
0.20193414258796408
0.0471089712365928
0.12004906565693764
0.12898139306916287
0.12762570165923778
-0.43224102648215301
0.37341670870773264
0.3096307914904145
0.21013461511529549
-0.22068547953339263
-0.20217323067528675
-0.049211114487748189
0.35471080322801141
0.050757706575933148
-0.45713035894449294
0.17233646736537714
-0.18719038115004616
-0.2506998827657631
-0.0390705467948083
