0.24810014895125779
-0.66299179139264908
-0.54714648691758316
0.21294322233864529
-0.41070484623491615
0.14507371582275738
-0.69618946469592691
-0.78115744022964928
-0.90968026996135298
0.54736478155562851
0.47915755418029415
0.36908034537204221
-0.11459040480054132
0.39896764449219119
0.46078427328408234
0.39222983054694199
-0.30253153293831425
0.32189717438689813
0.12384434590349688
-0.49410783811060671
0.10735572787141531
0.55143615471096197
0.69932969442631154
-0.9497382775845743
-0.085419074064361819
-0.01708848332190669
0.28650622931429109
-0.55444703461036948
-0.10725546255320041
-0.10687099926551809
0.42827347931560023
0.042773910136028492
-0.09053477605616457
-0.55510223917677171
0.30937531487697589
0.81212654580351407
