0.56984927884073866
0.098095920717103699
-0.0017001454873188263
0.36157686611256212
-0.36601303569478116
0.59361877367683302
-0.025628303926418055
-0.2906492218761183
0.09055089247056701
-0.11929931781319489
-0.13872460266318029
-0.80724923343770605
-0.099716204811300627
0.32774385342718609
-0.35733264810379445
-0.35997774341554534
0.17855181503913445
-0.1941770755643249
0.015235939623572533
0.05836138603168136
0.17344853888413861
-0.35519755655234969
-0.57879295383185425
-0.16897494863645282
0.48114917266862695
0.48394667319643608
0.23094699650651973
0.28914340763035906
0.42935654938470452
0.44446325933289982
0.051739417391436719
0.21286624855119796
-0.17372631262744226
0.079984720826577343
-0.56751467269190403
-0.20010302974760719
0.20550240214205751
-0.66138198164138473
-0.51496492150387962
-0.22103884589113043
0.10978520326277599
0.68902583440682286
0.15857255715924434
0.30198563574047593
0.16274539579446373
0.020280060692516526
-0.17635879035911833
-0.21384116702027348
0.085006446508127775
-0.005951666170795445
-0.023626733680812504
0.27053825798516784
-0.080963321137578592
0.6913303785334125
-0.4680308422202229
-0.10353804846787419
-0.36835646583739667
0.072804331460065499
-0.0283179850776526
0.65172418966397427
0.64740054292510552
0.0085931438657341486
0.52705621439620076
-0.99713577039165446
0.0087073018207414823
0.2251551832210856
0.12883791672510303
0.4630897478078051
-0.27523289110081506
0.10801927164255365
0.3999690073542021
0.32675102177134802
0.44718009361307187
-0.33332097032414099
-0.64001373691775676
0.10030949514448892
0.25180567435599155
0.65865798075265958
1.0206603491159398
0.64213916733894671
-0.014811655460250752
0.38920069086139553
-0.1821393344315031
-0.063893567402259488
-0.43977167241349369
-0.61516657874942104
-0.072201596104312663
-0.43375234421093423
0.11228759246409727
-0.063406533920653957
0.1694830805017335
