0.34984509904330285
0.79077521021840957
0.42647763001046596
-0.8086663871657469
-0.01333148351942289
-0.14624532846768518
0.39660299984096925
0.78540155620185126
-0.085940937564608591
-0.18632336663323537
0.096412622346750923
-0.42261480418263248
-0.36519658951779704
0.057796656876056805
-0.035008966774506496
-0.13793803087392714
0.21119540442201329
0.68638798061086193
-0.34754153948516747
0.14522866329102391
0.14738243423741731
0.44917358786816708
0.80437974498445741
0.070429658801192341
0.19368144997337569
0.35758015525228076
-0.2828677278696336
-0.25344553039999457
-0.32078090884330263
0.071060598019487095
-0.086209860535350513
0.41116155481490851
-0.073789086437041823
-0.2887936713610858
-0.51155351189656562
-0.39109777337492435
0.52822329113668576
-0.47623774292610388
0.075223870215224295
0.11013678961493903
0.31597485164173622
-0.0869026456386994
-0.025012935905688441
-0.58580225691613441
0.091094931975218285
-0.13334097536856729
-0.030368828930005323
-0.50203340132755925
0.64310459198067527
0.10982254399511855
0.40147557273804785
-0.099433329108411975
-0.78082139271967799
-0.50626706080271577
0.11535395911700849
-0.14644447949637099
-0.50191443119685963
-0.16384314521063106
-0.13443132475303582
0.056787941646982601
0.25762246417893886
-0.24521212381890978
0.24213991907716462
0.096123087665463874
-0.45881492587715433
-0.14732013167207467
0.28223532594367445
-0.51617713385373354
0.09334831553960253
0.59905299568490888
0.21280794727520555
0.064471926853465658
0.27417220958982452
-0.077336578813014575
0.23079031134308436
-0.37155436316239632
0.062751002433851261
-0.13764998185285302
-0.31391421800068708
0.17787574160054595
0.0070072189557951314
-0.24721177761537885
0.2629804251199972
0.74714553621948121
0.12980775273008147
0.79602543948454185
0.26424402826219995
0.066958840698956038
0.050956619972195902
-0.41384823857586744
0.048485455768095105
-0.33015965493695182
0.51835067319714034
0.58808970939592731
0.22742029729810109
0.24457100144539837
-0.55114252349148485
0.30022032998813347
0.012617805410447618
-0.6021924334115808
-0.010929634141234658
0.22014119224337617
0.28527952157473407
0.2129012714813627
0.41981709953206869
-0.34590595325748569
-0.17222153412866675
-0.10278866719027199
0.02974194650560796
0.44509495437385993
0.4836699517401869
-0.31888642960346103
0.0062721095113757105
0.28281762716444497
-0.10636654774337183
0.22136753536253095
-0.098456367536413292
-0.1596054280720457
0.11037663771143089
0.078235193393092706
0.38339016869204051
-0.019809172404532154
-0.53857759021969343
0.094518189076529299
0.035867948630378128
0.039566532883972966
0.21340039758151974
-0.038253921939876846
0.3732452405118738
0.027194738534774394
-0.24268367882511577
-0.23712504358644262
-0.04819861349213516
-0.54531381469999241
0.68113928924314893
-0.018135537949848558
