0.27500443578535527
-0.49904087467619451
-0.36409650090517376
-0.57031028959647589
-0.24810909620361635
0.31725574786412647
0.14736324503695578
-0.15706542297824735
-0.053733290696407816
-0.25850022435268377
-0.79099096277997039
-0.19829377199128101
0.13151757033326567
-0.18581863804090026
-0.4554754264686432
-0.17243006999108654
-0.40859018833841454
-0.14393052014409682
0.068252014863658228
-0.022258933278551569
-0.1138420563912943
-0.3182957523582518
-0.019893536142129423
-0.14098133970618185
-0.17614391980596963
-0.24632433001607598
-0.0080002955577723224
0.052267824005331212
-0.17946400610740709
0.13943414647951216
-0.37976389797363264
-0.3969233951225431
-0.42122799974431235
-0.043778573540946622
0.28060897331518458
0.16716209572008817
0.068341652677723866
-0.10569739103569109
-0.32661844548517194
-0.59835399554508129
-0.31213275843422855
0.030253835246299352
0.41232699092885261
-0.57514027343110863
-0.019182374749843127
0.011077053196012708
0.040315563731800244
0.21756966828923582
-0.033359074736343947
0.41088425011424456
-0.13675634682385299
0.68272566496730713
0.43937418880661455
0.043630008530958567
0.0039715068301448353
0.4261856462505671
0.53929231212596362
-0.082458228164131869
0.13372851320925608
0.18678334229947061
-0.28613475492485768
-0.13000892569802522
0.13317736331267371
-0.31618160850297361
0.22079777108842655
-0.1131082131396121
-0.26870521194775593
-0.22087398844827213
0.78864455744535322
0.22560809985632177
-0.3445831454775336
-0.11725840945089473
-0.14189976713501681
0.086367040439117429
0.10604693537996165
0.4884342611017225
-0.46625702598907637
-0.3350527632510012
0.031188330730394294
-0.21697954847624185
0.027879161861454917
0.34216944458753934
-0.071017653013604756
-0.16594340404373556
0.086004841035095841
0.31254418964305009
0.066450413619371235
-0.29130467219389167
0.3121408947384875
-0.35742459260109677
-0.28976162434865882
0.0010742979331996678
0.17625886699420004
0.45765502869365671
-0.18015356466387844
0.89292584234192418
-0.50239122305301531
0.021430764236069891
-0.35476442652844647
0.47612159780547841
-0.25583008610841534
0.14463896503071261
0.079545694871242356
0.14354634615482401
-0.17650748549921422
0.056903064979259399
0.019576878166392021
-0.16903826185866777
-0.14154207531034479
0.074637499352488021
0.41993405471548961
0.066582934281195355
0.32499572381205211
0.37363371225010988
0.18011090329670848
0.084332358156993859
-0.25673179632090815
0.61965527044549296
0.21894413527477563
-0.42376895278534854
0.20740312222511614
0.10304194344765734
-0.30392449514973652
0.021655261415013467
-0.071617407549592657
-0.24629914212088033
0.042343980360288462
0.26168757528664077
0.36209225030601777
0.3357153184327259
-0.42955941038355372
0.039947557078245065
0.32391540892502441
-0.11446414474517851
-0.12014034083564305
0.52541000645506064
-0.28199417010651007
-0.16110424664664894
-0.36730019544866122
-0.26928278575033515
-0.21651001216278717
-0.023926984881215412
0.18652877600007603
-0.030884390094827564
0.22337391482041277
0.47430228477450603
0.0080945033374045829
0.33872025704527065
0.086217446240011986
-0.30568916520508299
-0.51748569931924093
0.33071434975015895
0.1207158818635391
0.025665065023255024
-0.20630027496128822
0.32955426315542719
0.32812744711044445
-0.01538218811828097
0.15894065023121692
-0.19285024591975544
0.319865598422098
-0.4052677351195465
0.13865347746674272
0.017308087255320716
0.269313143247914
-0.20166598445399056
0.15464933410516088
0.12881430993638404
-0.42860801168862883
0.52430793507356399
0.36847502429484869
0.26417421597254476
0.27918262319256143
0.30536468691594781
0.8645778539543717
0.10819622736107619
0.40391360032840218
0.20685060751791726
-0.14910864716526598
0.23952213468856812
-0.14595965542277092
0.17735143748333079
-0.21195332666377914
-0.033801331027088745
-0.075763418677236086
-0.0048050584768878982
-0.22614346410858024
-0.059826390146043157
0.0026478330019522253
0.49958924301939361
0.10676911043692204
0.4522413533903018
0.25648710174824579
-0.089544538730918014
0.065168257983230921
-0.13857692526618892
-0.54553076936709866
0.09055547513772301
-0.14641915713062656
-0.30954932700783627
-0.12801667604824823
0.57588747550489383
0.058976368705785848
0.44810903411362557
-0.1110431911024671
0.042215627365608355
-0.24211533516374759
0.32048852031859504
0.40815141918575376
-0.16813107118271323
0.030182383822832393
0.6486301630517507
-0.41280204983062779
0.10998249270251419
0.039875408725265703
0.23068710373618892
0.59292767731099949
-0.09258984300390817
-0.26495812650594736
0.23450504122329749
0.026678066868268329
0.14022810057699625
0.032255495167737534
-0.088049700484524637
-0.14104806855969465
-0.097986878924681206
-0.38709085506418722
-0.27665516035621568
-0.011107508668519514
-0.38562451491794653
-0.0027045297966224232
0.047068729473475769
-0.34936279346306082
-0.16440480054236886
-0.12751605283297765
0.10896740895442644
0.40421559301627885
0.13716208274220454
-0.4253276761999788
-0.20271068928668612
-0.64033018502502237
0.45046603613467268
0.18655256726456937
-0.54063280492247179
-0.081005760886188938
0.020955929718372238
0.3117612267622431
0.32572836624672913
-0.1383969686491566
0.021824354957456691
0.60338319949897734
0.25416460548455105
0.095285681946178716
