-0.20094351074730427
-0.14517297350794886
-0.26423518572813071
-0.37251344417482435
0.093814647116260363
-0.21863903266386894
0.56396142501501823
0.33411982594988698
0.081963481910139746
0.092437909863978665
0.28770926013663373
0.27982924932371106
0.12167588090910125
-0.029517040645026818
-0.18958239226817225
0.087167176069897892
0.52663707011505623
-0.36505261278151563
0.027190321000049124
0.32879399101388523
0.42376281843917307
0.1594707552898724
-0.50004271882244067
0.59233525525352471
0.033024454750129661
-0.010817986899704144
-0.065065755698665267
0.26247734476298229
-0.13043692200809201
-0.34257591152479361
0.63227247138135378
0.18503062179803362
-0.57189307243493614
0.56855433548375178
0.095437821935776185
-0.41397290475611631
0.20150578044358092
-0.20743254140089579
0.21613707052317729
-0.082900464779070329
-0.1564213199913731
0.27023241256120473
0.10776031287823773
-0.08237227408276232
-0.19735834066434124
-0.6001119263361645
-0.36908833952503317
-0.19474290742034889
0.51518295079579013
-0.029798199860833891
-0.15607077753928325
0.12589874346349614
-0.13683495833176007
-0.13775421714031125
-0.083687654406889911
-0.27301361656050449
0.23949873039166938
-0.19960553377055121
0.19310336214171187
0.20429981940020073
0.26629164888914841
-0.15674969845582193
-0.36410535389343107
0.058572239976104404
-0.23891581580707077
0.12883181859393039
-0.020097012689801772
0.14467686746844732
0.19010488244726845
0.21323249711693945
-0.069114334694588705
0.19773631345412401
-0.032983371635546606
0.33423891543440426
0.06698457909266145
0.004694491841899128
0.029644981413573742
-0.095029475165857899
0.33882045128471849
-0.22270471665054206
-0.4509540805590081
0.026719579348573635
0.074235786026675812
0.17831302278889677
0.22064072492599773
0.11681777867565744
-0.3117289384950826
-0.073028774080285019
-0.094817990000345853
-0.31585795516361187
-0.30439563436769312
0.57876751881306965
0.063981847260034697
-0.39274517421701888
0.18107529991523821
-0.19853085458815967
-0.17323075103232977
0.43565916064313598
-0.15218933119876837
-0.11231434975214495
-0.23219053224133962
0.11522507137828977
-0.26654843809589335
-0.45235756718824749
-0.11222205297621626
0.15456813490588525
-0.19041264851451903
-0.20712607836876176
-0.0013878944973576611
-0.22491532062056852
0.06782901794785258
0.24420077248578631
0.26501355309483277
0.040931270788808899
0.028425711915385298
0.055440940922532184
-0.064464376150995692
-0.56190234003281969
0.10920938607116787
-0.050492735590929642
-0.43247417922996911
0.49415354552887891
0.18014158851221343
0.3550782785618013
-0.50661291122193897
0.24700464283860413
-0.26520803280333693
0.28650115244378521
0.22696771655992456
0.16713890341629942
0.13394326659919292
0.10544597484014592
0.37957975309384878
0.23459262945623807
0.053859355761510089
-0.19155199511694235
-0.13693083947975918
-0.026148938997575557
0.36432463142460181
-0.042175815623543944
0.49258389658390361
-0.25406944265178222
-0.32531797188748496
-0.33153231399403632
-0.7085771949355788
0.4220080701543083
-0.11582543269313227
-0.19847058176929791
-0.0041190811543402196
-0.33576548332476791
-0.25280657568427684
0.51978105828834853
-0.11898973300173318
0.27433230544027087
0.17016317969059838
0.58007446064525237
0.15908743534019795
0.13334789910061068
0.058419347661858127
-0.51129959509725154
-0.17729796620333801
-0.18251071992429851
-0.028383460542748838
-0.52561788511426744
0.08677811288327926
-0.36030340216187451
0.099081173871888598
-0.019051260454047928
-0.10642256170490497
-0.1252659378856909
0.13725191949293877
-0.35938974421185871
0.32651954313367937
-0.40152122530385087
0.058622299971117543
0.6093902202944731
-0.29500200265042315
0.32114757819567308
-0.26564705323477555
-0.028077764522011245
0.25491360469402147
0.090752239002820659
-0.30278474397854344
-0.20777102929714797
-0.59519504379920385
-0.23397778857235033
0.37258991285805587
-0.032870478728326206
0.085324390666839001
0.22302141342968917
0.17182324336088417
0.054287871045960223
0.15471190401021084
-0.52413994628029192
0.22201499256859597
-0.018806537216678149
-0.25933075318110871
0.30919399545971243
-0.068017904662036124
-0.013040405327882578
-0.16263981301255725
0.19035976935762275
-0.32203627888065994
-0.29276147111576584
0.25451284944002489
0.045640037883923984
-0.48349318742527703
0.32081902416848596
-0.56361992028810914
0.19132808911023086
0.68254506294829398
-0.34435496451062669
0.31877785074113257
0.21968136246004549
0.22951098369489764
0.12239568397521618
-0.076286838985421004
0.32060452408410006
0.41982131780097975
0.092048634371477492
0.29055907705751588
-0.15218212674680326
-0.20612089715572032
-0.17772190828667128
-0.074923897231841868
-0.14044015867648918
0.24288262932091548
-0.18027724669942538
-0.021617414184988509
0.17813289337833757
-0.37351447028529833
0.37842085866319153
0.24693809729510435
-0.5539938570482229
0.16896223919566877
-0.093547747970029113
0.091686071669323771
-0.08617327574902818
0.23740436852050381
-0.38616429142882397
0.039861771809256999
0.44858973478347774
0.17537228449802028
-0.11577609474518846
0.056536955791639185
0.075845653391446499
-0.059074907313496496
0.40483634424652792
0.097766155967528287
0.18748908240300222
-0.092270693525628181
0.18677182833460931
0.14650975414642847
0.076333489907009888
-0.12118560308074497
0.094158679297117923
0.3927299573050429
0.29711498085348165
0.38665149761856771
0.47202446731102993
0.03609513262276938
-0.14018196125399518
0.011406021740168339
0.021648406613330291
0.22017386103324799
0.24287344675789521
-0.3939420158871475
-0.031207180946393773
0.32022377604207053
0.34898405889645534
0.026671337158947681
-0.32856263925650708
-0.0082947479431594983
0.11568298500847791
0.29210635782304417
0.36342811804058345
0.098759556364342679
-0.038497473694639961
0.10242903002069552
0.19796944621940038
-0.33122736927674684
-0.41457089297768074
-0.216402366634978
-0.091581698258835428
-0.3961771896572589
0.44751570744601032
0.32524086371194683
-0.29915387324058401
-0.076243866648041322
0.3426447271495015
0.23274288826923215
0.080422045949567367
0.34538506530610341
-0.057334765652996653
-0.19096805687062129
0.040852366062505127
0.36115703228811252
0.11965593347403029
-0.3099322428842255
0.13033320209709934
0.19695832177090669
-0.18648184815480612
0.11582815632650716
0.067025675823773334
0.20885349715518506
-0.31160223863637704
0.077869300967282978
-0.32244825791561266
0.35059565860952735
-0.61435307771184089
-0.15848954690064856
-0.0050851872195083305
-0.4405000760123482
-0.40504109792364634
0.18527174146306588
0.21053146310472484
-0.46487835180127679
-0.33537490802341902
0.19810409283351144
-0.067378696406268285
0.19729840768541107
-0.07491352197858038
0.23529670680207557
-0.012853843446500002
0.24082880540549725
-0.64841730965812794
-0.12097772645678838
0.29368065772160251
-0.27302471232868092
0.0024133855623011463
0.035327592885183945
-0.10254237529018725
0.15254785653551342
-0.23675666567113088
-0.13073175915107532
0.18554748482712238
-0.2758225497574085
0.22164254430873931
0.14287434125447651
-0.32026705051697613
0.096711659200650391
0.081500613295906577
0.28449058550649059
-0.14223673787369609
0.46622641988454883
0.059184675486261024
0.31381882430653724
0.024132415158723695
0.3213586214698273
-0.119376601342639
-0.6062720926243248
