-0.70648649071364589
-0.094908183213840744
0.27858543058164797
0.29597378002410124
-0.19586755963191485
0.39365139927187337
-0.14029282188897624
-0.14976156325156223
-0.057602995465786531
-0.62746218122781128
-0.53095890818809233
-0.35425452578445782
0.25646683032537754
-0.57033040442900207
-0.19176715525915075
0.425390343171764
-0.24415065433336969
0.053204990735976621
0.41472573895046738
-0.67267438865400631
-0.32030150602417379
0.21037357016582803
-0.2803653949494157
0.023097901544779212
0.25808391853550966
0.1649525036614008
0.016652909111327281
-0.060532737371123461
0.12067106281561531
0.25721138429452861
-0.11242204311488463
-0.5007332244474243
-0.47448520642933989
-0.48875047244249942
-0.28078789458434716
-0.17597556316147089
-0.16677370634496275
-0.1451846437794212
-0.030751856940009564
-0.55826698794926455
-0.036097353867777272
0.36899935679814044
-0.12750474246658977
0.19021472255295299
-0.37429716573959687
-0.13531472166083133
-0.24312859886312441
0.61431242037029954
0.2807252278395086
-0.43174744605924642
0.074993939814711585
0.28949884996684544
0.065299193247970094
-0.39474513874865974
-0.037765454702853252
0.17338856738614042
0.15765513548929935
0.45408854712032964
-0.28875402904119407
0.098739853308387041
0.30634508278091666
-0.42228358618659156
-0.027031466082979957
0.40948792996168604
-0.06745307235897513
-0.14857464902624773
0.37395803770456582
0.26411745918883406
0.068621636609884212
-0.10468959629000381
0.21286137900349686
-0.10678404113554454
-0.095918591921059421
-0.36970138135815028
0.18119887210433305
0.048768105053995169
-0.0045708468142375627
0.22892989145317186
-0.071588043158306178
-0.10182918035010978
0.19260543958644991
0.0749456071043752
-0.09105877944641308
-0.0805223546762006
-0.0076844778309724786
-0.36436184185800508
0.0047699515523332873
-0.54846431416040697
0.56611905015713027
0.35670616446390579
0.28086131384586971
-0.34475585022334193
-0.22238384412517051
0.25765690824982845
-0.01338390964966913
-0.69124639091624207
-0.0046821758973571229
0.12328089161422809
-0.092600870126128276
-0.11692943873252643
-0.24543773627386833
0.71510095210986269
-0.014952331783087063
0.37995589292415249
0.03279785491511833
0.52895890763961928
-0.11718859933331387
0.14532717291636918
0.22372708718614484
0.097690141146915752
-0.19697468817332139
0.23888673433541111
0.23902733910029886
0.40654330328189803
0.37754141026106269
-0.083011587794101518
0.05421381308716116
0.18558300886100468
-0.30779212797189742
0.056187463964789519
0.62627690753386211
0.07393809348061689
0.3318522113234082
-0.60411869744490032
0.069435880763567964
-0.11478761747880482
-0.36324949356526454
0.27008901508686317
-0.38805404775833074
0.38822598456207164
-0.60374854406600231
0.59403152912575419
0.27290453903792339
-0.63938713634470035
0.067641240956145446
-0.010895454866098171
0.1625672329275599
0.24715971383325397
0.0078392635646149667
-0.06119677575834901
0.10262679615079075
-0.16451803949972033
-0.23601870933194349
0.28548662734232555
-0.031871250925315481
0.17082606681543167
-0.3477217881123944
-0.064400313294283959
0.11138391116228077
0.16420432708941868
0.27917978547964756
0.70177454058467992
0.13574051798806125
-0.1966735777457691
-0.029479793094585614
-0.030905715417075066
0.16605468658560929
-0.21405144645137897
-0.072867782606105949
0.21472396344669381
0.068763518302828688
0.016806314262415949
0.12345910680190506
0.26353358514141351
-0.65347961954220679
0.49585882378507146
-0.42562728119911042
-0.40242461945706748
0.19965539736819382
-0.34540649734214834
-0.27295546612833888
0.082087675030443494
-0.15625147742188691
0.29397492165606026
-0.028809621725818461
0.38217378564068094
-0.020744637190587036
-0.47825975178060814
-0.28301264179149899
-0.18180557534933761
0.00061950077968942006
0.27891300242107919
-0.42843086138198694
-0.38868309527026734
0.50084654253555583
0.17096064944919181
-0.023941942214510917
0.49461579344338419
0.45700283483641113
-0.4255844601489685
-0.40062649865839817
-0.14894289827964741
0.28253659346784471
-0.1932286188191282
-0.36441382215612927
-0.064259357531501235
0.042235370836285917
-0.4102984479379419
0.41808042692913738
-0.29407467793796871
-0.021250363062452839
-0.0037271018076264323
-0.15340549449804142
-0.45236139223349164
-0.3875344146090306
-0.33402313626133068
-0.10113008482543097
0.049498854473974438
-0.11512463706828517
0.18459759004828477
0.60471605412226892
-0.11880735810519032
-0.20685751224031426
-0.036515087519287698
0.13651367856078844
-0.47724829711241168
0.3285486369123683
-0.2310784351439292
-0.38308520791182621
0.2755823584513532
0.31883156360462378
-0.040742222039948789
-0.45542376720460115
-0.45749291470746906
0.17089092495659758
-0.059777164546168389
0.030592915350489282
-0.035372780452126454
0.37412525019286735
-0.03166996478418483
-0.10982322941913346
