-0.1274071151632658
-0.50323731037595831
-0.24266781224120484
0.25196337604622893
0.25801531546845335
-0.20712223474467623
0.082081213713543169
-0.28923919660952996
-0.083608751654433294
0.079486262595102344
0.37335629023058381
0.10740018077825038
-0.043915982949408142
0.130100890432921
0.064300073682329345
0.13800811924869269
-0.037028368863027968
-0.25639290017210759
0.24179844601280842
-0.14411841180131113
0.21828418231813002
-0.019471683351571255
0.50673819448485735
0.23627064945429666
-0.052573652558173374
0.37172210942449552
0.095126576696112741
0.39664643903733987
0.049271864353424254
0.033285296111747825
-0.023471793214631671
0.21805342681889872
0.075654252502397545
-0.0041190935768698669
0.15157729101511466
-0.25922520421178147
-0.048028230435086125
0.0529266525766438
-0.47471625199604706
-0.35125867558838497
0.18264617553129411
0.30242494978034101
-0.13364551077212741
0.041883075526811232
-0.043586827816643671
0.035088782430406841
0.083984955703013314
-0.12032581510462796
0.41230771158838364
0.34673364942262547
0.08214501875763669
0.43695560535718342
-0.49502178307527145
0.12034534314252376
-0.13800566215701193
0.081886152993821223
0.21584298363793389
-0.20038656601895083
-0.097313224392047259
-0.073783182615602336
0.024988505514489716
-0.024857279159720035
0.041475536492729156
-0.17297894133631206
-0.085886939639966797
-0.520618788078266
0.23024017062067176
-0.42458584451970044
-0.28025519490812723
-0.26988562519829695
-0.20634890803985351
0.51411681275937715
0.16153863175447428
-0.058672334742525617
-0.39783657831893077
-0.0797007406197386
0.13807813428012164
0.20279237194760713
-0.24373489207368026
-0.47782512891524609
0.13707013158198872
-0.00076913017032401111
0.078938934220235457
0.27170250377075633
0.018754928827320008
-0.039106987933865113
-0.40616988708988444
-0.10385249692110927
-0.53742164316790719
-0.21099106471255866
-0.21287538541839807
-0.15994941276354158
-0.35100559178293023
0.04626799688068068
0.12470545739763177
-0.46401983780463119
-0.19131461739415667
0.64723053457024382
0.24655129502745532
0.062764387180870324
-0.076517707447291805
0.11478251590567266
-0.22853076780064052
-0.0069844759763317563
0.0067543129153488195
-0.22526805200436556
0.27835614863783581
0.16727977205625236
-0.17212778337033796
-0.13005533890891402
-0.18961310248583846
-0.079216385337702172
0.1125735599101952
-0.14122575633133783
-0.13050807335558282
-0.52990228631284353
0.120239121485769
-0.039768544217325008
0.087321668215455492
0.54414644396027523
0.7176298522416138
-0.26101876685760433
0.14970189788892327
-0.13906023274170759
0.076451663455261928
0.14260379774472859
-0.61831221828289196
0.076407780494817293
0.35946739973966418
0.070421388961081813
0.1109151432696039
-0.6742857403809891
0.44513997031106395
0.30111311737241053
-0.60569811969607767
0.68440031167786686
0.27618734153067448
0.22487319826031424
-0.10724694679168502
-0.11640882347110899
-0.28163506570201086
0.65349513948138638
0.11154829691365355
0.10831865061579614
0.31722320868945647
0.11358279327743605
-0.13239822141264226
-0.140734549939734
0.010196114640856664
0.19910073420352853
-0.0013359420370738073
-0.0036548409607860548
0.16284223982837431
-0.56274239090992062
-0.32051815104594383
-0.077685989991131604
0.23038910566746254
-0.19555604639475266
-0.077185645430701597
-0.0070308705375759653
-0.089596970669610795
0.089347949443985789
-0.51834624542946883
0.058669392792762981
-0.10773165550642837
0.32775456468862646
-0.23340562558579406
-0.10770867363028737
-0.23922198397430719
0.071107417840642492
-0.18598303844579933
0.10260970850302352
-0.22858244458652638
-0.36981751428158494
-0.018898884249804494
-0.2643613445604388
-0.20307800864541731
-0.21571002441332837
0.19018918890344652
0.0031008325943577592
0.13359556017800106
-0.18848663390790202
-0.23140985550618898
-0.16376513313962895
-0.11476156810625006
0.51343039325326778
0.058393127259726937
0.49800641648770505
0.192132742455286
0.51805794989356457
0.59484787572851461
0.21447903895071116
-0.24665788000645569
-0.20707703725372206
0.088662173332520119
-0.042550810657639229
0.41274082544293922
0.19562978151094185
-0.10757524394752536
-0.064036373648105396
-0.068209711653070978
0.35452763995555431
0.25837119804584946
-0.11039562990719612
0.19900321628815409
-0.15696415887677534
0.002909473967487235
0.14268169743523743
0.21171402639385703
-0.018257182730683292
-0.10910232621176223
-0.35804097167024079
-0.35217775901795761
0.50792723498514525
0.2297043087445525
0.14116758659015796
0.13824454796970703
-0.074799761225378777
-0.17267240090644181
0.35158720153714401
0.14987818244214857
0.28904210905270145
0.086960592067492515
0.25816557995778794
-0.32031317690608718
-0.028233754663988107
0.52090817742643214
-0.14175630329697969
0.099776321263423784
0.18448330326037121
0.12986038306099301
0.091194116819943133
0.2300849256798651
-0.22969975318866848
0.36879371366998581
-0.37607643541196695
-0.13848370707774893
0.31219625794046468
-0.062428065539318442
-0.36425665459700773
-0.025165045559056687
-0.10561260257085635
0.46805237856511006
0.32100809542567504
-0.021443797929975521
-0.44484300974250357
0.0071224221704044325
0.3342716518406651
-0.14533910847514631
0.15658714540449015
0.15230806818683626
0.11903135789774093
0.2020697946285549
0.42576799971371937
-0.056212916537141645
-0.031007652127522458
-0.10050466189178754
-0.69382483504142933
0.2046267447666906
-0.028593259088722671
-0.10108526894210322
0.083099724201184957
-0.68458475248755657
0.4031627578712258
0.0063214974807817943
-0.1160962311304858
-0.68394930953681132
-0.37517527113987736
0.044792030976933954
0.28610116553222709
0.085170669989827807
-0.00089859374281223657
-0.1248905375141421
0.46684640602997451
-0.12773517570484622
0.11951947157481643
-0.22678951028894068
-0.17252079440396551
-0.025398369220310701
0.10658231866040606
-0.02805561185848373
0.54885116647126109
-0.065405530778402082
-0.082882522816419016
0.14747082161158964
0.089748736448490254
-0.15973790014191303
0.020936001875164794
-0.086422218168696566
0.15852967933848935
0.079298648578176215
-0.32874557856830389
0.15169473457053212
-0.23448398354322905
-0.094157187223236835
-0.22282360844904731
-0.020994632322991411
0.57228638984475377
-0.10634778783900813
0.23811503471455678
-0.10824443644185325
0.29116779775073254
0.34503959346400925
-0.14778818709599861
-0.11394374193380362
-0.31126553983246052
-0.27677424808499124
-0.15048234468960994
0.24110564464689357
0.096874693308776558
-0.13751617546539435
0.12110116135361013
-0.032309692159636395
0.0016576204281972757
0.086350521454349877
-0.16620866317080105
0.25096325994872659
0.024367076530991422
-0.14212852321747516
0.24190012676724895
0.10054299120332577
-0.046289398595398962
-0.078113384296631866
-0.2083587192498452
0.41705768691552819
-0.34619329261706605
-0.26404706893989977
-0.16216671517894216
0.050380493130129517
-0.19674478344845353
-0.22919589672349219
-0.032546822270415665
-0.30490891559132
0.11959068192950344
0.30526307262130503
-0.20470635387138708
-0.14531442025946542
0.48192838559877044
-0.0042947641108896668
-0.25815343355742826
-0.55709017426035967
-0.17923377829056195
0.43381240654540631
-0.091428615723418621
-0.025172691231327447
0.014687706654921891
-0.16583196795690866
-0.37209810550911698
-0.26457248602137856
-0.72987227544552868
0.04057093426430472
0.2186505608267551
-0.33045511506033404
-0.060217044522437285
0.091784569686422443
-0.1896934265936685
-0.032351401464643423
-0.008013600032234787
0.62092215640648085
0.3785945066457076
0.27342208997399808
0.015459412965124935
-0.15233980108073486
0.18017228044350092
0.16803626652807438
-0.23532633526304042
-0.3029377515447883
0.20362598380726052
0.42807744558759225
0.24064059749684771
-0.16639365556790839
-0.15630378340711051
0.069895689466506747
0.56515484213060585
-0.25635650994203224
-0.10858528339936192
0.2074127695302046
-0.17082878894503734
-0.46414012297005419
0.021609539536458194
-0.22996038280142569
0.35752488044310921
-0.23381505680168724
-0.50142939926052432
-0.18252358701998755
0.22201026262368809
-0.21009668086573849
0.32689219064127228
-0.17086288903707494
0.16870332226404886
-0.086823993027953017
0.14925045193862876
0.068244633497567292
0.17352244191431301
-0.46869816150338467
-0.08600714989296554
0.26914484714637521
0.33420021648199327
0.061066385235712742
0.028783108517158328
-0.23803008478864077
0.47820803926102928
-0.11997322545542366
0.087464060208485905
0.068697599727380668
0.18580451814903773
0.11238605583464853
-0.33227500827742612
0.097363826832715009
0.25101277035218239
-0.087732511769132465
-0.1796707237563212
0.054714167828984014
0.35612143456210882
-0.16089850261472893
-0.005723308574876281
-0.042832085172845834
0.2352364038258131
-0.37200464341595951
-0.082479465039718661
-0.22993757311001772
0.53543644429645698
-0.072266952874947513
0.32139313697015742
-0.096199115115801606
0.24219059800816628
0.10472959919509654
-0.12205990480728846
-0.029272583556636787
-0.094647671177819234
-0.35399945495028518
-0.0011843652547392359
0.17417545495901934
-0.38479588632206324
0.079152629449564582
