0.0018554952631929507
-0.078010178000523747
0.14830002650023136
-0.36579122795413149
-0.52140048673359629
0.087001542772342608
-0.16175136260288198
0.096337498718226694
0.31601625189735699
-0.90209006034633443
-0.32472347174694349
0.091850744624027314
0.50437784091002968
-0.18762727817182245
0.19656250090801522
0.54628323138867318
0.33364934014196457
-0.31085483956260912
-0.16504672896142625
-0.019441127380683942
-0.17783875891841538
0.10473185692830629
-0.089922207370926474
-0.36308692733241477
0.024347080667074975
-0.25845619035308498
0.25863904863485521
0.43669106693478493
0.14209402362572368
0.073014337491005138
0.281639331511013
0.050115989088488765
-0.39025445014342774
0.19919753701838047
-0.27049510690070122
0.62171505700122831
-0.15462317182559296
0.051779893647955572
-0.2094565811086507
-0.056810171925063907
-0.11275176858611216
0.085058905776741703
0.24489319781031402
0.013901403842617037
-0.079233725161089064
-0.033913835131713789
-0.1717748497642663
0.24234624797845192
-0.074123787406669125
-0.15229398100812602
0.074771527654910755
0.12352396572525023
0.16485107929304885
-0.081532675986291964
-0.050315562195617357
-0.046422555470830656
-0.10971896623399313
-0.26791502594265798
-0.045519868162631642
-0.067056619778136567
-0.1256157919898902
-0.040910745941203613
0.42363682756927906
-0.40696164107715704
-0.058377330862376106
0.23879392408684744
-0.30973422955670404
0.2154724846480279
0.05047880968115577
-0.19346952282746196
-0.47497434672773992
0.018503416166573632
0.22671435514022914
-0.2170196796088458
-0.46367652482117178
0.060623259309812598
0.23036114977530162
-0.16612367319389171
0.07437062040401024
-0.43033240516854931
-0.11569694456468567
0.064827542644439407
0.30213143628933492
-0.30811282596023426
0.22661742533116824
0.37081539654752321
0.31966450650772638
0.88310357354246605
0.11374992963234212
-0.046294907069836584
-0.19399818782576814
-0.26838499129185472
0.24607994060847491
-0.061976676437319148
0.35280777094379195
-0.37501742178756647
-0.36422438316788946
-0.57077732288403793
0.036127780875013553
-0.18303289525155131
-0.085037710948816875
-0.093297292341566668
-0.092858468926648938
0.48363930761374552
0.12031968561734604
-0.059735585693788215
0.093762599013193268
0.34785177325914834
0.61325653754277376
-0.05530193264540275
-0.46329683513217607
0.024889858902930669
0.20064785124233889
0.7243904559355927
-0.56048854127434433
-0.38337235993205937
-0.058398616910449758
0.28274737693522367
0.1311824415519933
-0.041747701628175496
-0.32937526870906758
0.26162707588269729
0.32423230722665836
-0.019278309461949399
-0.20605196502704101
0.14964784126008218
0.063002329568853335
0.075503412150328519
-0.11514954090313141
-0.084979852280633192
-0.29233387416933804
-0.075419075932881899
-0.054423957636207519
0.16713715021777609
0.16208380335063188
0.072396805641190443
0.3257473735174698
-0.097289891303399711
-0.07479841450481807
0.16163306559909066
0.21214482030160439
-0.22209131436379989
-0.014824176072372883
0.075476102605013931
-0.0038496856368818722
-0.029836855426483032
-0.36171504759602258
0.044599158693121296
-0.32218309317271387
-0.10453353889806835
0.15320971852917203
-0.27178465975979238
0.20339100107535954
-0.19068922415147657
0.23044825652707834
0.22737087409483642
-0.019139801510612328
-0.42315117553937048
0.107815864795387
0.1064192462162464
0.090206812692939051
-0.21660223327242631
0.12374426512579194
0.54375252475510172
0.0035279273997904409
0.2999050754141645
0.0025978518141754545
-0.51693754770464573
0.56306887350708235
0.21411213379071575
-0.3395461070491782
-0.13904228136535501
-0.22694727523483685
-0.071860442593022419
-0.074624476759812639
0.40877715065342018
0.055134347186043875
-0.064991767865991534
0.31751991167486815
0.16744113885482745
-0.41943954998580174
-0.14831850830512117
-0.19948624942889162
-0.10974011811193499
0.17074571425005589
0.49183853584232695
0.2320410791089739
-0.67853202853930616
0.11165801937692722
-0.099894287434865309
0.09308640817708258
-0.21405139788705924
-0.04256482816476722
0.1958935279821459
-0.41922709285040272
0.007057699308243918
-0.078307125841877684
-0.1604731815533014
0.024449242364796092
-0.14444867952342752
0.34557430597630312
-0.0039623054868009244
-0.0043349348016094294
0.16994155684672904
0.015714027775830992
-0.044091120672441961
-0.27692512849893658
-0.019726222263395498
0.2175496960089921
0.23943954875422538
-0.0058420290083689595
0.049353902331541445
-0.1383438447503845
-0.14968378969654003
0.27277919978556586
0.61522083763179292
-0.23360922128748851
-0.10360324680751751
-0.068881869155428724
0.054681534144435169
0.2548100032366134
0.08163785020710547
0.13424915523524006
0.10974881210961665
-0.15594581737656629
0.10441114901921575
-0.40543277265130367
-0.16350665548206275
-0.099100522349987272
0.36702512614170685
0.13076353020856349
-0.19023659140113952
0.21932960020947215
-0.29330106474497264
0.24217409751570237
-0.18191241817672024
-0.15938617163546218
-0.1036845928226508
-0.20867724467645374
0.46912278016679759
-0.33805897157617909
0.44167677415034151
-0.38206657176816489
-0.19051245140467601
-0.17171250358099005
-0.083058231319376397
-0.21958084706077088
-0.48244190168317408
0.378714551785229
-0.02015754208415501
-0.059488657694935887
0.10399908845256998
-0.33498493228662229
0.25731245755342369
0.55600711943634329
0.56640014116293669
-0.19888618096131908
0.081966895113942853
-0.14983205803671887
-0.12360111345230626
-0.18942731667103413
0.05101105379387328
-0.018765605152597065
-0.29200498543195547
0.28259394120300352
0.21530996514528719
-0.41765048322281001
-0.035045588916211109
-0.14955437766468288
0.17314389518412551
-0.25112814787838084
0.17226755757353626
-0.45465677340925637
0.0095254486297595142
0.19217406016060734
0.26285240244426938
0.029680092341625556
-0.26280018192593735
0.18044181981978233
-0.020565249503384203
0.35760946510452812
-0.025986929428102989
0.53443851531733699
0.0086128973153428972
0.43900806273914711
-0.26751447711701137
0.23375428744195495
0.15270416842131809
0.37477336706135989
0.37465020141334326
0.35981702613941685
0.20323694585057475
-0.024248436031711947
0.34813115688892854
0.11889998554738127
0.038888848351436245
-0.072314508672436842
-0.21953626069065355
-0.03370797937453953
0.043633481498543618
0.12029928827343797
-0.0150791208516534
-0.16745770301693624
-0.079112444902325524
0.2542233328842094
0.066086591860944205
-0.26106942919606524
-0.057937272226421213
-0.23946985479962127
0.2685142823013395
0.090534785788404903
-0.2405048222621943
-0.29425086564091157
-0.29018740574521462
0.084391628516443426
-0.17453005833342919
0.1815605566983389
-0.065796745114287805
-0.35835783362996854
0.13759699975582967
0.23711844861590506
0.085980474293787593
0.18698611063653647
-0.029327758507077126
-0.10225666135567188
0.12478997757779335
-0.065028254468738333
-0.51189622442922489
-0.14266519539032363
0.026482207119673803
-0.23551891889130588
-0.45300872619458626
-0.32548608351069658
0.3334852405842107
0.11790767845684885
-0.18271632320329995
0.20701792269881417
0.37414590303488099
-0.37617569850703547
-0.21018504696124427
-0.4875308884806076
-0.10391403314631828
-0.083495559051038074
0.54092827397292698
-0.0106686266547577
0.028336317562378331
-0.51931260726380002
0.46004010811778645
-0.21474313385191543
0.076308188283659581
-0.00044659056317081789
0.010203165951478096
-0.28154257966723367
0.266437353768815
-0.1666831638179177
0.26432481168791916
-0.1977163676701072
0.090259428920908977
-0.078213025148338847
0.015640981717557328
0.28686487765634922
0.47831190789076272
-0.38287166008979195
0.20589171790285571
0.1315658633199166
-0.23643529228356244
0.24073907578338621
0.051133126418395715
-0.086401558149341584
0.12603319073516656
-0.63020366766776481
0.041263331975649277
-0.012666238398057795
0.16952343536927558
0.099964464533183195
-0.42527428034320108
0.095716638585861838
0.3223996562737983
0.2067606567610045
-0.39015891252579854
0.11504195909275658
0.17221051021449468
0.98333929178005286
-0.1896878231057634
-0.57379338582941164
0.41041419129218881
-0.068039225343636767
0.40770011035114384
-0.11576287085234796
0.01101349782368702
0.058702740211535466
-0.242649472894509
0.013968732003816622
0.25696833014362563
0.39204860206608605
0.12863207896214293
-0.040825625533081215
0.046626243488827358
0.30238618750289709
0.146415112149924
0.33867504395034087
0.35625531282455969
-0.040811852335405074
0.023981334169850325
0.10748431463142405
0.1951354167811282
