-0.35965468400011436
-0.12664007007891181
0.50581324760909463
-0.35347555228905098
0.071608523949042782
-0.31081939633730987
-0.31113794743734469
-0.70397182856061657
0.46283492278583505
-0.053654920234385908
-0.34814275021916913
0.4092649856322198
-0.16305231574622239
0.23733754581099259
0.14096519625004908
0.30371480427546099
-0.64468054728140622
0.54082734517476538
-0.35137339126178363
-0.35165953433976277
-0.12288220548549877
0.02940089717129411
0.043490239277039058
-0.039667835573022274
-0.064478509086342936
0.15761316252578084
-0.12840721706296337
-0.18101086686146253
-0.31357074581880212
-0.31461320002471022
-0.11924491917680391
-0.2295102959612251
0.56146615516717013
-0.2695850956929754
0.09144328118330948
-0.50706538547592961
0.10022191201032034
0.17261081413821264
0.44300036253814867
0.1647703911545032
0.48703486442415767
0.39094772722132731
0.038178658272240436
0.28925127201317974
0.56604267633420069
0.26580944210440977
-0.2573496569861794
0.22498131477257316
0.40894718146956743
-0.3396313335714039
0.14191126392135406
-0.035331105405964285
0.28846564997447022
-0.3501289600013841
0.27005212203409462
0.033928653095033831
-0.50707398410989457
-0.16483244704017108
0.15764077947333333
-0.09870120718187271
-0.4294715948829434
-0.25836526333321091
0.019931130748356844
-0.43235529125099753
0.070797135647760065
-0.30448844922574009
-0.46838483729839775
-0.19238458915584603
-0.20034070524860439
-0.63619711078563779
0.37587088216824022
0.8759842900327911
0.2859684742514047
-0.1489471704270364
-0.43519562135564366
-0.24830146567828265
0.63078351497883112
-0.01139196394945936
0.4165104013612379
-0.45900891257261639
-0.16152616181060594
0.82003580699215606
-0.77561979392820624
-0.42449653101178414
0.59906654749968624
-0.5108630087613355
0.1389998826632407
0.73906445873424431
-0.13429630469604148
-0.37926830466803335
0.55880458972933966
0.40470044516663428
0.48161006612845431
-0.72234047169595172
0.14055130282246764
-0.30718905933048091
-0.084276311677352458
0.4785644072980334
-0.079527213235218247
0.13798016820139652
-0.10045765806552337
0.28703542823473166
-0.074924586193194073
0.17153422321219644
-0.33976129108825187
