0.64174339344368048
0.24539322347399145
-0.072539603401297323
0.047866632507950757
0.069562632851780368
-0.20847327386422335
0.42036527427797998
-0.08727141755773743
-0.033409947823104878
0.42375988937607495
-0.12680526432647096
0.2246765251405787
0.10434692505560807
-0.49061175067869206
-0.24941279186942081
0.012743334895792742
-0.20889327482818398
-0.51387828270257163
0.053870426578673337
-0.62145083956775737
0.15587865010347851
0.13401065037073803
0.64954717085756053
-0.19107277599226921
0.096004281620659118
-0.48547549340318563
0.41090582839834705
-0.19885950046380005
0.38578274355589248
-0.0060277452877842193
-0.36635582394325089
0.018947337487768549
-0.15865487064364422
0.42224028605711778
-0.20226489189519498
0.52102626488220072
-0.34603360760503749
0.030782583600099549
-0.05848721509141868
-0.12349832684336963
0.3877397004438819
0.34417803548868015
0.36159900311149101
0.81206087810914418
0.21130995998522126
0.26814408926757072
0.27099326167203913
-0.45869611294147172
-0.38194060878583086
0.81620272959289564
-0.067843835633120478
-0.32756126059594481
-0.25941521330390516
-0.11287782445892226
-0.2951832608005715
-0.11840917639590909
0.17403699704537062
-0.01210528518036371
-0.27454457142843502
-0.16162183949879508
0.267852101952747
0.15681547669696297
-0.14681736102665807
0.41977736346011335
-0.34867960851273749
-0.15193000244708321
-0.2995629769918477
-0.19952123949905606
-0.46436159791039339
0.24829186135738737
0.090627826094195452
0.25232945571271437
-0.4056100014410014
0.58174935706228248
0.20647336671365074
-0.23375887029237619
0.30661892329783835
-0.35017420456579634
0.29285059964216764
-0.092639446214566823
-0.27897370303977126
0.14100850065498979
0.25713227479605782
0.36698049656448467
0.30416388738194527
-0.38073815944495282
-0.377051741293562
0.13751491216588416
0.37434717560861908
0.2980550167923347
0.26390530086865244
0.14899461000874703
0.68218856532533145
0.41108302090369603
-0.082627301735555492
-0.062636589601781034
-0.05894350872163049
0.33643187810455938
0.88415008028769282
0.093393416619474201
0.081356701476105256
-0.37848170763228745
-0.27910552549385143
-0.072913343576148329
-0.11202592380201273
0.17907492596615157
0.012505784948426961
0.39125481302051357
0.014754809937081923
-0.15752331465325761
-0.4922896969098281
0.48426361883089653
-0.42217814742783999
-0.055632151010096137
0.11531507258902605
0.10858275337991842
-0.79625122796293557
-0.64673318618970987
0.62217434646685943
-0.024648641582183276
0.15378182736150528
0.53553090624755517
0.11901439473751811
0.12168428364608513
-0.16799795939354042
-0.51670595010590803
0.1972268006433481
0.52635972887322802
-0.17710212408968992
0.21930501970531019
0.52519753141435677
0.51420292216945696
0.24846118622601476
0.15783140377890492
0.096044566016121602
0.15409814216144771
0.6810294534396083
0.18955289655279495
-0.066034457904643087
0.1434662632950946
0.14899789602897598
-0.200297179483405
-0.023707342108538334
-0.28351066330647345
-0.18766958110045828
-0.079140403307764715
-0.13117421705822707
-0.37288291632670822
-0.16743134422657938
-0.50852920894315612
-0.36552350122931127
0.077848359028860337
0.28799071353728412
0.20883881889418138
0.35657040112984262
-0.23304305668715047
-0.090078657743103266
0.046847407269480133
0.79050409592819426
-0.15662392388149701
-0.25443112063631462
0.28290464870854515
0.26390499965186442
-0.37148765531802908
0.086499901568094159
-0.091039836153602491
-0.081214324425052026
-0.27690139387332896
-0.095349256921407943
0.13450534587811297
0.18551194069186039
