0.54856293261415034
0.066760920380987118
0.44349395544938547
-0.0017995513971402186
0.30914472591525
0.47688267520329114
0.25269512034500108
0.088078483436877769
-0.12335392583609607
0.3485006426241099
0.13420803627031364
0.03979462807652924
0.02912575443321826
0.11052484379473106
-0.10809022080503894
-0.25378140226285728
0.029949382140477435
-0.35841340411211831
0.67686283759899102
-0.14636819388144828
-0.40712997219222907
0.25072944049461121
0.71720408911986155
-0.81116864155351542
-0.037521072133306445
0.40384775805461132
0.14208192326226868
-0.037310728875643601
0.037142181898445002
-0.40907367771294995
-0.41290800418174384
-0.054485943100306557
-0.27895910306671923
-0.33375330494834093
-0.23464363995453194
0.020453098932103189
-0.59426642171621735
-0.14952722715022104
0.12637790809644353
-0.282666929621263
0.201074381917381
-0.11001027962812887
-0.22798039483543373
-0.34688110158078017
-0.20300210520483203
0.22485731822998997
-0.06096213382673818
-0.001958417255942202
0.63609529446801294
0.19387692537548798
0.43314655265744872
-0.031225331051353191
-0.37893953685895898
-0.036627416237766594
0.38699357468816392
-0.11747343012821992
-0.09737271674455833
0.050047618381739843
0.43756415259466946
0.30678882590373363
0.20937024665493334
-0.083226540059666815
-0.052946431785248778
-0.48508132329428927
-0.54769751205648121
-0.62382616116841372
0.56171112528944089
-0.53902030554062008
0.23060748337214892
-0.04396207410954027
0.11903879125446649
0.12763982769938786
0.37956503866792435
0.64670123634368148
0.17425162831167196
-0.055240116550538676
0.13699780385619922
0.30678627456331986
-0.17156627205444661
-0.36066598511849141
-0.18903324136605515
0.37037783829066168
-0.38655265794440208
0.33828459164786939
0.36132975946629342
0.16638303116559508
0.061630927943545397
0.10203322053640101
-0.13693450888150746
-0.13628734156580877
-0.034605513110850056
0.070303253082970543
-0.11167473791114808
-0.3554451256660513
0.2793679916212059
-0.013509282119240825
-0.29553141274466921
0.12059711254704225
0.17962963552327876
0.08790952972920095
0.037017488505048608
0.24122973401059111
0.27044348443894956
-0.85757004448698049
-0.18224152754536468
-0.28552031610184103
-0.41924366536291385
-0.2491743770815967
0.25448694137611988
-0.073489143418077968
-0.0032448603630306789
-0.16632888935804044
0.35636470145740656
-0.60495094467211663
0.19340614518339561
0.13593033867186502
-0.28928365243190229
-0.18976130422034154
0.35721158329319042
-0.12266842086596287
-0.03465072915133266
-0.15312979705895882
-0.47495432358091255
-0.15464709798333798
0.96428241732455533
-0.066341743960856792
0.38040562446419179
0.11663778502704301
0.72531527038036281
-0.0043705220335998364
-0.57381577651827242
0.41637333152721562
-0.53745289723837952
0.24774191136470419
0.36147281222315797
0.30135603425333385
-0.22225304738210205
0.13027301509703978
-0.035532700212222844
-0.15012494287096972
-0.012333695980911552
0.3003754323104868
-0.10929798645144846
-0.059974154142255764
0.22741057312007906
-0.15741728318531784
0.56081316248895008
0.66814422135108964
0.21762636907312272
-0.22127246695721009
0.033349117616666688
0.10454184596028696
0.020157640839421866
0.51009887019925237
0.23072827052244133
-0.35858784522796955
0.42051829193929718
-0.049572922371895423
-0.49461517878279304
-0.58322935921955399
0.21051738774002088
0.24134403932126527
0.41227823088184684
-0.18521854064069673
0.1205042564304319
-0.28962049542209239
-0.020899102273128418
0.41369516682932905
-0.27838154810132126
0.10604434458656756
0.089493053649924034
-0.18424624617734928
0.00056001523661692015
0.11428146647703893
0.38548967304822385
0.12878530355281192
0.065735458592254395
-0.19163701873062869
-0.26166105468523992
0.50039376701240679
-0.10969589410218794
-0.3006741920349229
-0.024231995708325814
0.19167708547201842
-0.40780195291960875
-0.1049728723761041
-0.34449755660701015
-0.071373745696475518
0.20221991754774243
-0.096913790443491188
0.13101180584976527
0.15880723462743448
-0.051390127468662748
0.14585830048889106
0.26880963809083458
-0.18111694031013179
0.2054925179698113
-0.22743887224738268
-0.045338330649514584
-0.43893835200033421
-0.025291883163927071
-0.11959016116588066
-0.14792776030143864
0.030858934898012912
0.12130672253538026
0.44539036290599643
-0.64232898510611336
-0.22588490286326207
-0.28223109090774035
0.24666263503644448
