0.033276051442833875
0.3993770383741938
-0.23685062002650095
-0.17890384086745997
-0.13379833436101499
-0.31958388558188422
-0.54609388108357726
-0.089609268342443732
0.05234478035507633
-0.2705744989781621
-0.16275694215086348
0.24089200618821496
-0.18037008502102722
-0.18165360572992667
-0.079949586719220797
-0.40952744900814064
0.32614924219394265
-0.23946009094103404
-0.07511576676809413
-0.028997823823993806
0.051552699781470625
0.45177522500306266
-0.41862881589499767
0.20162344067736662
-0.15524652180362428
0.17823405157215894
0.05192210614249184
-0.33115032131029409
-0.5168231684126996
-0.142335196962594
-0.25474949539761449
0.27112713503853419
0.19199536958141103
0.17656689074646958
-0.29279159853659026
0.48245496467132665
0.18694149174988398
-0.25841457713889715
0.26950820340015247
-0.037923991727428288
0.15107118454183158
-0.014128035649863807
0.14940286737156933
0.61939589464897482
-0.17445096584394967
0.754834641136089
0.093788432687731252
0.034628492600350738
-0.23472969305417288
0.59503115090920422
0.25834867287562951
-0.59714045257659043
0.26543819714577277
0.10069786916050638
-0.20252447018068431
-0.26414879785243334
0.066259233448754215
0.34245029369660845
-0.078549850881629524
0.76327547057775491
0.37412430110383982
0.19371934452926995
0.47786676516137389
-0.23519198412861686
0.016591105810386007
-0.054327553054827268
0.38564371624761667
-0.19937894867262443
0.084780121246077089
-0.1212868629402893
-0.047248622435723579
0.45276274965525931
-0.25728223337217926
0.24764022323992962
0.11592902783620614
0.10844327573618111
-0.55085035928240222
-0.068283244055276651
-0.1836336417044693
-0.089071990052638092
0.38889936112149187
0.045350096362728867
0.22399643776760692
0.16278612339995566
-0.44594487661292526
0.10932944325804095
-0.16066838188527441
-0.34266052877791464
0.13553715130736588
0.24626749237908302
-0.15098207540236758
-0.33614592932257115
0.34372223496900989
0.21872965630600169
0.18912745030592334
0.23220734798735831
0.25753121290362113
-0.18235094354243309
-0.38079990705683053
-0.056473677222963155
0.065041125430630203
0.056566490433475398
0.44820573364735672
0.29278017212712187
-0.27917346739997145
0.036162320097872479
-0.084645556472630043
-0.21264250593193132
-0.20832679988632991
0.095724903894857438
-0.0078944008003405085
0.14755299872362779
-1.0360827218711809e-05
-0.56206699391968984
0.19269009190971695
-0.056553253136134081
-0.35598110788568949
-0.12669766243823594
0.30558776366623808
-0.21646413633536715
-0.0080589954825478569
0.16387121791358539
0.1355488729478522
0.24683988493210884
0.19088722795744106
-0.39614407408611285
0.42763365346816945
-0.051452562104686968
0.145330847097316
0.042101007624416438
0.13993346257554778
-0.03170010288123816
-0.039522933700663614
0.13095431497391147
0.18334366048299836
0.025379629006599087
0.05214907010712462
-0.16377492080640288
0.14548945689340492
0.3231208935653167
-0.15557112894797306
0.24979691277556657
0.44964198674418809
0.2051111832250592
-0.48301780385037574
-0.054891854078103049
0.11781236839099253
-0.00039829433357029936
0.12995249239214965
0.044466560607810734
-0.12599525561581298
-0.3385761258889774
0.50957163977934061
-0.43754428172482274
0.69824630783608188
0.50072343428145305
0.45487399101308734
-0.13378554788963437
0.32709401921930986
-0.75325949324210573
0.17813058731959469
0.22525626381339361
0.34700316900183259
0.134440883838535
-0.047032441980474668
0.63162923959202766
0.41686378806499891
0.30033777480859414
-0.18503279067553677
0.2395624828464902
-0.0033133935950656135
-0.21405046464375141
-0.27507700622502118
-0.017721343714593461
0.11882832355226103
0.13114099016679415
-0.22223846448560369
-0.32536657473716413
-0.63791718734476122
0.28148712509169049
0.030625949714925653
0.45501883845717606
0.28967854925905767
0.11788103266246473
-0.17008978528404364
0.34098628956727195
0.27475804803242782
0.096831121112559856
0.3282159447133749
0.093635317349305164
0.42861972111346797
-0.41020590500300791
0.23842815147282659
-0.073170272527704264
0.18803433203746123
-0.53141997012868425
0.28932043892064685
-0.26514914447264826
0.17080618690646449
0.46712095497031797
0.75210979656406896
-0.13767579399531649
-0.22981399938702041
-0.59418015780502198
0.16731256875725639
-0.23044771349926929
0.053789106309404131
0.13862517240933567
0.21005478078770634
-0.095939400321586335
-0.27981292523944351
0.031375646216248491
0.0038720046214436011
0.36222720366108879
-0.22321461533180698
0.077864558183380325
0.95086273076708105
0.22966035382319883
0.030889098639913192
-0.16358040942395827
0.089195279485702772
0.31069370613262837
0.070119911133560212
0.24017959559733329
0.033803924476694613
0.018044316968048139
-0.25818628919425612
-0.33624591838272361
0.16862751781211746
0.043463050340928448
-0.30883649679996461
-0.013685727859738423
-0.19677838308579551
-0.39438813890143742
-0.16212548244487973
0.02754286919793196
0.33505624650024457
0.4975165322640131
0.44088355692749587
-0.29993899765349441
0.55438554403455853
0.49432550441926243
-0.24957379348958131
-0.66846221102358283
0.31528489060355069
0.24092594721483762
0.10291914631373578
0.24193609628924892
-0.33518451995768422
-0.21231226861022451
0.16028163794676317
-0.13966942292875009
-0.48461989470801631
