0.45242745822524538
0.15015379612096366
-0.3770644955831926
0.22164643033759993
-0.093534299071981755
0.046558151072914444
0.30810876273007892
-0.020535882025806428
-0.43902804055363981
0.1978107731798999
0.14930134680562565
-0.044893005131501088
1.2250491224299138
-0.36597902269135552
-0.42939648190308122
0.061057431034808103
-0.40690613984788382
-0.30170392668683449
-0.11402859241257127
-0.13112122772195781
-0.12782004485643217
0.025191886606951312
0.45427467653031867
0.52615007058876817
0.40513977544066992
0.23632723741773209
0.48413818891549298
-0.22012159629124184
0.37307385310488156
0.16111039767651678
-0.098602240704840818
-0.25147701495518848
-0.42191304218542508
-0.048334919085720143
0.20155756761778124
0.11486911928257987
0.10889944628966947
0.41223751339555775
-0.39480561912863177
0.16729493379923163
0.46311200793832341
-0.3630422754521202
-0.63962210417963061
-0.096851364411182764
0.93927613504439689
-0.18689618300839855
-0.49799346977145975
0.25873596946894328
-0.028455496304279883
0.48766872595921434
0.17547901334723209
0.018913517453721718
0.24644951747098076
0.048170558274076528
-0.17139863204624192
-0.025607580034771031
0.16095266788313015
-0.35085527588472565
0.058909637400117468
-0.053617373960145098
0.64015027306753258
-0.3438954685691839
-0.089309285737883104
0.70040570078842113
-0.083904162820434766
-0.048791444619011311
0.11683143094487736
-0.21789895958591457
-0.59744264757343124
-0.16601154171973723
0.24793520701360625
0.22949135323127093
-0.37386275625697579
-0.047307100559696807
0.37427509840532325
-0.43449423025589451
-0.17944840942921228
-0.21338871342324026
0.021529002166098623
-0.13008365506858791
0.30884507826947855
0.64416851083158733
0.20421498001498034
0.29840186936471763
0.53365933154595191
-1.3711806812074527
0.18380728464088403
0.59442454863715422
0.21798553781611432
0.060534058557863882
0.0025890348042421018
-0.23703409313587534
0.36568346282089859
0.20322672627820063
0.42128766584719118
0.26956931457106703
0.10308721739967223
-0.30609481796549354
0.080120223554389552
-0.24228601796206375
0.087740042766272383
0.30672428796799844
-0.64956921205559393
-0.40001924561002195
0.11282782023476766
