0.17215095240263331
-0.087383019339441634
0.26573271049972835
0.069777405038282947
0.06500809798713475
0.024567500796522208
0.12506467206227267
-0.1107551190664957
-0.23776827430332828
-0.57710664418456015
-0.44647047656337813
-0.26049659566701394
0.10224839836194506
-0.67339076730703695
-0.049410567811515219
0.23444438269850815
0.26452906558815253
0.49324270975167067
0.24094434318409247
0.48819286627362318
-0.033484987280887064
0.073833710556940046
-0.28153582851387399
0.2489271414178483
0.15957853973797159
0.081998672846651147
0.31629474701685961
0.056282707408796033
-0.43827483866717115
0.22370857876839723
-0.30377923760662734
0.69821642316704091
-0.17364938608941397
0.058151353626897759
-0.2352299871517996
-0.063800602212123039
-0.12662575191225847
0.095525312248986777
0.275027041258739
0.015611956568672021
-0.08898334945114042
-0.038086895909769082
-0.19291155947060309
0.27216669200136989
-0.083244639375971263
-0.17103359085793049
0.08397208336204752
-0.091565183691978053
-0.056506837771170999
0.44412108776487608
0.34904482923456409
-0.052134800774260304
-0.12321976650684958
-0.30088168047378988
-0.051121038767901576
-0.075307864404947605
-0.1410726794997067
-0.045944769036060665
0.47576488157447039
-0.45703783139760812
-0.065560598363772024
0.26817725849224705
-0.34784669191798878
0.24198614112310932
0.056690172683459314
-0.21727573861888597
-0.5334194270088094
0.020780241537837994
0.25461131163551715
0.25870684041104108
-0.18656501172784104
0.083521844906997628
-0.48328434276453547
-0.12993332861351409
0.11685281579511084
0.47427954192415872
-0.54620288763878078
0.072804501737875504
0.33930838315187106
-0.34602577636046983
0.25450245471815824
0.41644383052503109
0.35899887872080444
0.99176851430772783
0.1277467355969788
-0.051991445375414155
-0.21786945527415141
-0.30140947455153244
0.27635981147625283
-0.069602839523573753
0.040573265285200832
-0.20555489529376694
-0.095501509420381187
-0.10477742338122227
-0.10428460321913122
0.54315060197164644
0.13512489295905897
-0.067085984984955355
-0.24593790211427141
0.43957957545003784
0.35393880627164037
0.29795042134550798
0.10529998553615211
0.39065455819712475
0.68871709202640996
-0.062106775718352013
-0.52030501022586495
0.027952529154046606
0.22533735259093396
0.81352591902674842
-0.046884711216205847
-0.36990453972111825
0.29382000495141297
0.36412874238390408
-0.021650484616143113
-0.23140643673913233
0.16806184647234187
0.070754698164997104
0.084794025454019414
-0.12931856752273002
-0.095436531305578456
0.28438446217868796
-0.091361308786038223
-0.18813516238417449
-0.41497591923087146
-0.44163233115560069
-0.32830524159667535
-0.084699311756118889
-0.061120766832694393
0.18152183971940994
0.23824901127351697
-0.2494194106855174
-0.016648274924488726
0.084763355498654575
-0.0043233852959361132
-0.033508248255904698
-0.4062236934655612
0.050087036992750314
-0.36182737475425392
-0.11739627793871789
0.17206200889172973
-0.30522746855200988
0.22841804404766211
-0.42886834180379535
-0.081021027588849992
0.3188434870107395
-0.39267859096470897
0.1210824904920192
0.11951401950539123
0.10130666355027444
-0.24325490409534628
0.13897086327666947
0.61066068554586239
0.0039620350553449995
0.33680807097600324
0.0029175146736200256
-0.58054615453581704
0.63235389014558374
0.24045840056230314
-0.38132688873208681
-0.15615128388906252
-0.25487289229615795
-0.080702792427948977
-0.08380693801315707
0.061918569049250659
-0.072988934695537841
0.35659039381042884
0.18804459011518276
-0.47105113351839117
-0.16656894053326454
-0.22403281692914459
-0.12324352110052318
0.19175578994307702
0.55235873637666388
0.26059348323450376
-0.76202466167721417
0.1253974180443892
-0.11218617159444819
0.10454059014810282
-0.24039019117131072
-0.037034936604073108
-0.22718293290501254
-0.65576507308375842
-0.087942733086644825
-0.18021923319473332
0.027457695226863851
-0.16222293350030687
0.38809685102532471
-0.0044498628967318326
-0.0048683438462004021
0.19085268183994952
0.017647621918808649
-0.049516485442426691
-0.31100046641659301
-0.022153512603956198
0.49922572066983611
-0.16104519768984124
-0.21168091903857009
-0.20310684177109323
0.50665257424986776
0.11539522450740036
0.13773477445352245
-0.262354583614123
-0.11635151441135856
-0.077357708746417814
0.061410037852016368
0.286164098880267
0.091683299487049799
0.15076836876633817
0.27197335861014194
-0.10865873687492453
-0.033041016216696341
0.32625686250039609
-0.114496407135577
0.098370152217915993
-0.22665879658663129
-0.020045136109628561
-0.38236721505077126
0.14662514290619022
-0.039096222438732446
-0.20429654472525616
-0.17899846788072982
-0.02263790586273352
-0.066808672762584453
0.11679606394323287
-0.37620446634213772
-0.12671823701943974
0.18959983133963867
-0.23224490595034861
-0.0034053340246315805
0.46113410702786595
0.14982127640121826
0.08659623402191971
0.079096090406343869
-0.3279358834554349
0.31736682040024711
0.24180362377111556
-0.46904192402282535
-0.039357910774889072
-0.16795688228249131
0.1944490644504856
0.014235899803938926
0.0027277201818626754
0.81357379796910434
-0.05722435084896723
0.033332195642796436
-0.29513746042604388
0.20264499082908843
-0.023095781239479158
0.40161292348348104
-0.029184593022247712
0.60020059730809705
0.0096727050260451489
0.49302753062744886
-0.30043184454783423
0.4208888250350582
0.42075050398710095
0.40409212251902876
0.22824503249388334
-0.027232179891411672
0.39096831968074952
0.13353050032909433
0.043674079131996391
-0.081212730847937398
0.34863401058686799
0.67940913690034854
-0.01693459038345951
-0.18806319247954587
-0.088847145787547169
0.28550523937474137
0.074218475600402539
-0.29319374044238017
0.15290034471674993
-0.09974830434488649
0.35268209916197413
-0.21521982303769249
0.043572617569946709
0.25045839092232836
-0.19600579347792951
-0.15388133385411792
-0.47019278103753903
-0.23082579373968415
0.30989738315505966
-0.051126967085452814
-0.55105802890578326
0.031198649465411319
-0.39011804334856526
0.35146412606799365
-0.19679850319772704
0.24755291380343486
0.17123307199235832
-0.21461711931763405
-0.2235398006901255
-0.4893060221040551
-0.087837053404416873
0.017565587621971301
0.32216329097056312
0.14775490067941924
-0.26552839959344382
0.032845717560595698
