0.40418619020794749
-0.6780680417832301
-0.44322078392400288
-0.037836609463958892
0.47719500940080439
0.047023192932132418
0.49892184820936863
0.59870722835546653
0.057105775082336663
-0.28731795850931924
0.14727361501768546
0.008807152655533123
-0.60468522701505589
0.26238059585236773
0.018910285902529793
0.13595237777310512
0.21489850668437804
0.367306777958403
0.11772439141289395
0.51121514057358919
-0.49454918907595957
-0.091119408848679528
-0.41750824507425061
0.099720175235694694
-0.14330799850455092
-0.43573817418243072
-0.26590932123916916
-0.070853477576018203
-0.0291051114898816
-0.83347035563122829
-0.32525271812615097
-0.1915157420278247
0.099603795585985005
-0.020686072517186144
-0.091993755795086535
-0.15997503007287589
0.033652449273013828
0.12118363710367006
-0.14242446359849642
0.01500785323024517
-0.36573365166440902
-0.1042119164805034
0.260687730055217
0.067409555311950906
0.41270884182578832
-0.2799197151242761
0.14690195752436963
-0.38302300636966186
0.39353587833259701
-0.34699950421613962
-0.61708414040530946
0.10261595196528256
-0.46852771503808743
0.2099471900154212
0.80954272108033587
-0.17598476586546616
-0.0034616574581039067
-0.2180958791403679
0.056273362719656432
0.39085029862717141
0.028551570279955401
0.16873395315257281
-0.00036620809060376952
-0.35369303713432321
-0.38829886165511629
-0.12864004640786841
-0.25641842317793079
-0.32530014095455617
-0.25132974365244654
0.25772245370488245
0.13634207533326401
-0.019195198338835401
0.1246892445392177
-0.36879203340047451
-0.57052246506902671
-0.58971177716007284
0.43426448138955981
-0.049834962935281391
-0.34149756282246091
-0.062437530055118998
-0.58737114247087296
0.3146457661125231
-0.63101135396218977
0.88514464940289916
-0.4129602052899296
-0.68541256582382271
-0.1973329333187781
0.081012522941871626
0.86862041767578002
0.016488031364156178
-0.47627746103101232
-0.2842956652285043
-0.41658356851705181
-0.3406777418789102
0.22458165218367182
0.033662932252935651
-0.24263446104737796
0.41366802918328627
-0.32118836061359496
0.24559582939702271
0.097452000077362058
-0.22479983568388073
-0.33672118686241054
0.60283676416291609
-0.50036562163142062
0.092644152874828689
0.38937235176081569
0.51783448233242502
-0.49633139944091897
0.48388009194657577
0.4988369726413649
-0.042994278392431001
-0.12682473265346267
-0.086591884883084974
-0.44294820567573256
-0.15580487076245012
-0.012013574526051733
-0.072363527013591347
0.2634363629405001
0.27569324737042727
