0.050865613537638035
0.19223018360065436
0.20771744156112731
0.45192363963713134
-0.33031652544919632
0.35123658274900982
0.52918486798581466
-0.02527711555150787
-0.15922279484861687
-0.13778566692815239
-0.015073372077097087
-0.24610770731119919
-0.29762782224185036
-0.5650664598797106
-0.21620626663690071
0.16436204313205188
-0.44550223412501794
0.424420180464747
0.30309824219328574
0.28345266373546424
-0.098298492123404482
-0.31950568191854484
-0.24720732749905877
-0.38098058122516665
-0.29344417511543097
0.11868149722666786
0.028125160158779253
0.081662772419592952
-0.49770563215402086
-0.37959958836283869
0.22094916917347218
-0.83753567915033111
-0.31816408806553925
0.50551179362378817
0.33131491526731088
-0.25371220002684669
-0.27487509355523587
-0.58105456655425669
0.093473689147567554
0.26079030345431015
0.2492038144560228
0.41714961980870385
-0.061677372822438535
-0.091358155942394006
0.064961178790076707
-0.080841926611301268
0.043670650101605618
0.35495469977179805
0.045279596416795236
0.13846058784989632
-0.02660295831062124
0.20491446118496931
-0.40843563896650648
0.2716029657222595
0.20217765140429614
-0.21650345234692589
0.18759347202194412
0.21755875970192026
0.40239706137351144
0.51633802415540198
-0.223399564779831
-0.10301650095518319
-0.0034454292300294741
-0.084047800512347337
-0.044685398442382167
-0.02208166778318469
0.37849760355916323
-0.18007493579657141
-0.060565618921178184
-0.23049685119317426
-0.29228309750626552
-0.22417500430804532
-0.06047184815456097
0.065725866998591689
-0.40204232860208328
-0.0095692254526556064
0.240167222628313
0.37215860494487524
-0.24318954612058105
0.056489090643835387
-0.37069238864342852
0.052617250930617636
-0.017018543731795843
-0.34155317317225742
-0.5028208246563356
-0.63567198953529724
-0.0237088257351524
-0.13363653639202785
0.23456920033146181
-0.045895083323199068
0.18172695091492808
-0.32056498857661725
0.20274360495989341
-0.52898509540317307
-0.010666262016216064
-0.16045854961217459
-0.30038912453352995
0.28549689420180235
-0.39962946619639128
-0.22655597426197602
0.52381482558511572
-0.53017931449889177
0.35805543043392091
0.20659243693785695
-0.051548623329659891
0.15193299335350574
0.094748013672570408
-0.28671099624956448
0.19502637875595194
-0.33960756257665226
-0.17119261340893649
-0.17411586938454998
-0.3153558098487797
0.1520050258405333
-0.046640083742327781
-0.24957635933176442
-0.15959830683913365
-0.25440650712939933
0.20377308504304492
-0.082261128329045613
-0.3335561862399774
0.15577629360912754
-0.28158912912375905
-0.28409187584564999
0.11641654132435504
0.064948878898382759
0.82853061213742973
-0.22848978287928318
0.46917870265320544
-0.34790094655370252
0.29945452416679613
0.0386134741182943
0.18651021922297789
0.43899872924297845
0.23753737198168154
-0.015782391037173896
0.82537609780648513
-0.22405110812792303
-0.2351372625857438
-0.34241286353324879
0.33295514000067988
0.17275579714541167
-0.48498121223028617
-0.6238066531860933
-0.044452239563484763
0.070190800510418788
-0.45173548103142691
-0.29227102740408184
-0.13521188861203043
-0.054390129829551437
0.62497352559207442
0.33883894187304398
0.068523064371943429
0.39347663949553402
0.2390149130527372
0.10805939753488905
0.41244767012326844
-0.55335168022536318
0.15311439957814504
-0.49474458117688952
0.30203954209251865
-0.037686736400549557
-0.19708464697330391
-0.024727624081063073
-0.08104944774825909
0.068036381462310627
0.067371692384955495
-0.27714168725219768
-0.3089432637875355
-0.034105224589374497
-0.54644163056709527
0.14935800917769762
-0.068038090960132983
-0.047386012924499857
0.18016892039807475
0.0072482081798273977
-0.31603513907966008
-0.41724936610491581
0.070245280826773504
-0.16411994965341775
0.65747128456085613
-0.40269523750536712
-0.32252652054508169
-0.11372562416163963
-0.024049401692642962
-0.086969968311206874
-0.67911444730752535
0.118979358382103
-0.08919503698461087
-0.5698390012024922
-0.22250806866068473
0.1050416515185381
0.28395765222965869
0.088453231017343273
-0.072671340294813952
-0.058079336746642299
-0.24672151462179956
0.15297952064861622
-0.13707719053457043
0.030714198759458463
0.1862840240855575
-0.15450591425338481
-0.15323294494803941
0.50131249213181184
0.31127699025934341
-0.34671529343639407
-0.5879889468623275
-0.46060726496360305
-0.006933705624534838
-0.11890435565733162
-0.20827133772873252
-0.082862512747169867
-0.32178292958810606
0.16486515044127081
-0.05790465713230232
0.31470372865538848
-0.31720987487417834
-0.44497565425925101
0.36962142139517373
0.035747683342504492
-0.20092649581116401
-0.18475558016982674
-0.23374837685939304
-0.27885819462230699
0.56191598283665434
0.028521035249392219
0.24545093312449207
-0.45184710905176273
-0.57396336432086514
-0.24797863012314048
-0.22157026493286389
