0.013797265709831565
-0.063797412838443215
-0.066092748812593874
-0.14063637836894813
-0.036491154514666266
-0.45867476756188696
-0.044228322590885404
0.32293649900567306
0.0055315459985691533
-0.22723966739261772
-0.13272852316856343
0.045508152986392568
0.2901624499075488
0.51015921759378058
-0.16077088386354388
-0.14422222414081731
0.16272824577816766
0.64283139880089712
0.095885209195426729
-0.18867552539035196
0.042079457119903012
-0.12067358777783552
0.20827833233257445
0.09193600526431471
0.056796650738575254
0.04611899221597076
-0.11383903214274883
-0.1388344994250878
0.28902355560805626
-0.15775206091701274
0.31748577459010013
0.23565431302569631
0.10431564659078736
0.042520158122915507
-0.35780954277925248
0.17540623536240205
0.15597334779519287
-0.11288920988677707
-0.038160425608606843
-0.28209919168667114
-0.65333629769968071
-0.22639754224355418
0.67982920969008809
-0.17728445166636475
-0.08670260352870536
-0.4600437844397669
0.12826251932782481
0.16774994176548641
-0.073192761817521795
-0.47267657569932436
0.048498558586037216
-0.53029132704752469
-0.10910201779113494
-0.53193773099851627
0.096558045728979205
0.521732600856611
0.1662939953755094
0.14816734347762861
0.131986495605661
0.049027982325498834
0.10828664831198201
-0.0092819227616201729
-0.058741792801539808
0.24300417660005777
0.58167271042099844
0.27956950741535563
0.19639986023143954
0.023422600935455361
0.22519224142873528
0.19435038438416202
0.70901443150577148
0.19318445418594682
-0.264831841726752
0.12794798638434021
0.18096268837351587
0.011832718393648477
-0.26785503821091194
-0.31578415426233813
-0.015902240935310577
-0.088101780329378501
0.00010794484226622723
-0.16188234767675108
-0.0088668196709968741
0.33970773842584812
0.030616860519748948
-0.23482597298331423
0.22124148748523023
0.013713828735750623
-0.058393250542006669
-0.059427119346719737
-0.13419154878027661
-0.25517805477996103
-0.31412046987800102
-0.18421838012260422
0.14376798649117711
-0.47553891651461194
0.31658221713406853
0.12050756880415243
0.077098222985258424
0.18456197867949151
0.55430176728764269
-0.19685630853180028
0.073734972223347878
-0.13278753105175239
-0.12907518847361335
-0.31844004122582181
0.47364143815123411
-0.16169903805798402
0.028061684525937134
0.23884683468794513
-0.18475880251667176
0.40684337849299712
0.32393287753983224
-0.18673425477325181
0.061958705008967732
0.048260147141747013
-0.056855280278380799
0.1344725726811081
0.27598054728516391
-0.19316641256009451
0.37464105676131493
0.53325708760847879
0.0035463317409122888
-0.2546783616254602
-0.26923039094446066
-0.36952906896821841
0.046761454478294703
0.31115246873645924
-0.10413804005911018
0.10407346542741681
0.23209175327368778
0.50256765750889854
0.12045180098971786
0.0049490139124222787
-0.08760186754562807
-0.21893066111515283
0.64557271807822503
0.37758771113385475
0.18230231093033863
-0.0016720365180965418
-0.046099945646160774
-0.1241878691554026
0.022982559352728003
0.03201370152773781
0.49284951470207189
-0.18327791434336049
0.19955466358621499
0.18458550541288485
0.036221654377626145
0.20136130740138314
-0.043566582913106326
0.016551829024137873
-0.32412730692626779
0.40364313802072754
0.29730308467821692
-0.11083676769145487
0.19874841945016644
0.10394332660523374
-0.2568346653657882
0.17403284703382441
0.064326838714614615
-0.74079709776749436
-0.46715481291338523
0.34181876471260847
-0.1763942400895433
-0.11786431639880075
-0.85100420882868821
-0.14166998081818349
0.073752660620653707
0.13988359320300184
-0.27345894629049317
-0.4359012871497509
-0.2557431127867551
-0.11270523498290032
-0.2955280293191847
0.094605155763423501
-0.29533331695012605
-0.51057954223716207
-0.18611557446382229
-0.031364518804924392
-0.35492215139505534
-0.6660111936089459
-0.42323825803305937
-0.040979249392106377
-0.45407143363282521
0.59279475319316477
0.15300069553788639
0.043265995213577477
0.25921114764928216
0.51112042218571363
0.33956459704324582
-0.036372854492841368
-0.24366658448640535
0.43736585278942258
-0.068497517471143271
-0.21891196124512968
-0.48923925064858576
0.078152213853152006
-0.054245018071870064
0.023112597310093689
-0.34982468574797904
-0.32095254640192183
-0.13045288723514784
-0.11301149946113126
0.63603908456584246
0.32784384832590041
0.065997755945582395
-0.4157172740065958
-0.41720313728038189
-0.14455283186373372
0.07690302786795547
-0.18188694188034138
0.14587709065734439
0.034974911776227066
-0.079053287772662725
0.63705073033509263
0.16936182913627823
-0.217039829928347
-0.34470496068741463
0.50753852349545037
0.22474123195037904
0.56364996520167387
-0.078629379757921933
0.023643618101887413
0.46249824974252962
-0.19925150447501405
-0.43200649511512573
0.026070625269421287
0.57962621512465673
0.021118911370204812
0.29326048098972207
0.00036026329815336749
-0.026326997479318895
-0.031299093306683512
0.4275527791910293
0.50768204546859796
-0.17857404305092439
0.35016549488838161
0.29887278098211151
0.17066904532197855
-0.11408805340811506
-0.45960896840308529
0.044538299598936064
0.072679164072455546
-0.37053390358945387
0.31505741622098177
0.48317566942746532
0.053012506342516301
-0.42571985438188115
-0.13539871762957509
0.13912196796367923
0.58405296480908875
-0.19864499698838331
0.24493485546379265
0.15359348076434129
-0.25866868765977702
0.10803284923684213
-0.14822893027461956
0.28880537787705268
0.53302550788648995
-0.1290863977210138
0.23347432043278535
0.15566473325096264
-0.20824861926204957
0.11741995756334542
-0.033204169871533643
-0.13802526965834375
0.28573493160980545
-0.0066325714884727096
-0.59955336410258486
-0.32495531473889749
0.2446777146243744
0.40506005401459355
0.71957642901961683
-0.24071807031286274
-0.28759228317021046
