0.29561926927179777
0.66820541560333047
0.36037379311366846
-0.68332346833594759
-0.011265109693113059
-0.12357736968234585
0.33512971690787691
0.66366467549281138
-0.07262013168930552
-0.15744333032820496
0.081468710136758216
-0.35710970351609767
-0.3085912857691368
0.048838201589149331
-0.029582592993704471
-0.1165576994025397
0.020877958127149945
-0.22371937214032286
0.44804936573740323
0.14676671177805958
-0.3704997125586022
0.0046876344901700543
0.23321937269609799
-0.27212572867403068
-0.31647776197778804
0.3080926981080358
0.18256329534716798
0.42719696593745315
-0.1890208790807078
0.062996301414018269
0.061875599287361908
0.3204004651521451
0.33795540235953125
-0.22207555395868453
-0.28128081418077333
-0.19143997729702136
-0.11021417323093959
0.39056683924777141
-0.47883874238120638
-0.47022393447039723
-0.23146140562314543
0.15560097626314826
-0.20248504264325259
0.16981691810120819
0.24360606848942359
0.34051557630601026
-0.2396895851400894
-0.57522668157593038
0.15395875324196939
0.041105336376476356
0.16673243128581444
-0.0091008046713376353
0.36133824743113285
-0.032445780135317411
-0.38983041332113333
0.34467658326230516
-0.22887703264845377
0.49360767525400212
0.22167869223822015
0.011187750071557579
-0.37758874481362631
-0.36299315173069513
-0.20233355189459407
-0.021073981654418504
-0.16807546021512992
-0.60741552321415138
-0.44631492223302899
-0.21375808834311438
-0.5067969735173472
0.16686572536653624
0.11439866241543731
-0.079716721499413556
-0.089921845365333625
0.20373328317615066
-0.20398865958539286
-0.28052693125290246
0.12253382327782555
0.39894357069356573
0.90555285427220067
-0.25214233603881558
0.28689169053487557
-0.88290624157110398
0.24027281074682827
0.40217518662608076
0.40143212037999254
-0.067779591767922365
-0.28719687240628505
-0.19594462935898274
-0.1855345358793925
0.060856303734213753
-0.13332341098166109
0.18081657871763043
-0.24630986797779297
0.052258099561410275
-0.17970141579901461
0.26114356666218813
-0.5133814910186113
0.4500836022373283
-0.42742436022196051
0.57020783615681581
0.097720712079351693
-0.07709510416982604
0.30579134074421427
-0.19018901807388044
-0.0085408807413822167
0.051913311128342146
-0.26036577625749707
-0.047174269119483324
0.11402248783249509
-0.43891220301719008
-0.0015705407919320107
-0.26870382657991865
-0.10257354721456076
0.13163762488354444
0.11172319558701793
0.083072169345324853
0.21721318310973514
0.4084700640411833
-0.50726156830895253
-0.19581788570970737
0.03966849677503851
-1.0314525991368431
-0.014386647009977913
0.19626940796783179
0.12138561473465809
0.44775450683883078
0.4114646559854469
-0.092606577843171931
-0.068086808126500864
-0.45538488170142677
0.010429542099553055
0.46102352391762663
0.8219370921806386
0.29941024872805555
-0.40649399054772084
0.049045576817809737
0.12632750564124992
0.38172663942689472
0.11769444678972092
-0.22587114514016615
0.21728854573814899
-0.65194822030724775
0.19977250199729291
-0.056025347072820225
0.73924491385633118
-0.18421639031889384
-0.5751012723416149
-0.33500337291664384
0.22061940564878291
-0.34216603157413428
0.67497432396019519
0.099463174792016579
0.36693243376391477
