-0.22036831501073556
-0.064648222845803738
0.44790421627863208
0.15707801206863509
0.12792823514321849
0.29426013288395647
-0.10497582252120079
-0.13447483972769342
0.044314758451970235
0.42902053107817295
0.19912488693773539
-0.25250188786311478
0.030613698171666839
-0.12677034616771657
-0.0024997610918958339
-0.16020350999453964
-0.094013383135397963
-0.41689879292567705
-0.10606747851869225
0.27088023818375245
0.20142324926623675
-0.1393466054862211
-0.15033433674008689
-0.11871899303395336
0.088169903083861939
-0.49939023607147576
0.17801753584158242
-0.066415064814712793
-0.10605895306353991
-0.30924465533326262
0.042541378487567005
0.0068353336664287428
-0.14211237942924534
-0.46907968494102353
-0.14040901811273893
-0.44687391946929256
0.073254272344883992
0.02346217407962737
0.42917266325438086
0.16792534932804601
0.00086879099875236719
-0.093472771253840195
0.28964563945135602
-0.51139420614833275
0.17269455506566922
0.17045651804266065
0.065702107486266495
0.083520201198114499
-0.138448830557418
0.045503259486120537
0.81866875959551633
0.32948726918363935
0.11109072691338943
-0.089613603939435377
-0.022724936557571334
0.58917730967147608
0.35964396210885174
0.36564237544813116
-0.004427455014318054
-0.25793846234266438
0.16158186257996335
-0.018081654255370175
-0.37657010731878388
0.015054928557533043
-0.010769490100495346
0.074736594647065807
-0.16259821649828576
0.0076770835169443262
-0.097168069242226623
-0.11197507226486876
0.19572222290712357
-0.28674082010704671
-0.0012649680376998155
0.027485970899488135
-0.1324270439078884
-0.022893076643750117
0.3928662307287682
0.045503443725576381
-0.2528963959469922
-0.10246548413244393
0.094312098948289735
0.030411093501833165
0.066993391665231133
0.087783728221234383
0.69954035934624603
-0.28866844392510171
0.64786318594241998
0.079192819146484475
-0.12018538914567869
-0.093714557828745784
-0.50041182862912614
0.30552334340180326
-0.38831964743838809
0.075981034713217016
0.0879578619229755
0.086232789193959866
-0.26276584166558137
0.23160397021001258
0.18260501968021725
-0.11487906563609701
-0.25752883880453814
0.32101484688421861
-0.23511415399803604
0.34862027485384794
-0.48171497362104149
0.32390613351288522
0.53906261788021681
0.38485152327227901
0.014686710285365199
-0.074550237879934506
0.060033263772979698
0.037475212102490538
0.10216811807553806
0.14321205952144953
0.10924256116831932
-0.21401382605130001
-0.066815088818334117
-0.18019650558515612
0.33691411761972989
-0.51139534239803719
-0.12530756151357145
0.086252411216300354
-0.058322672879861065
-0.30817081881780312
0.15887656497186001
-0.044151056627739611
0.0545835980285682
0.11816710671834901
0.22763924175874145
-0.70269033941867309
-0.44704733820906467
0.22367540487363777
-0.76255951628474716
-0.026862265171631285
0.15450938194785119
-0.25119274496813498
0.18572408453533162
0.34523024949769887
-0.13202953658074484
-0.033976763946369865
0.27595625217930964
0.31287776891442659
0.25045933467317266
0.0096909314216399242
-0.021877641290141324
-0.25803079472087886
0.14233372266364236
0.40703244588149196
-0.17331116089578014
0.3500728845857311
-0.19780631425696418
-0.089941205908193531
-0.092901499517532543
0.040610564940331453
0.59927071156060108
-0.055879272887239533
0.4480925366805078
0.053790331582333359
0.090052758407610733
0.15320689234485002
-0.12816692688780548
0.29502347617466612
-0.49740116681016372
0.075978582708248477
0.19971044260614315
0.079753244808345086
0.12768933294999832
-0.087110296597931444
-0.21338465848608285
-0.32560284017918611
0.074330897896449991
-0.083789096239562377
-0.044238817143898969
0.1655618028032248
-0.1294997341004171
0.39406788613762217
-0.0033430962109194471
-0.17769237500714832
0.035615147229666647
0.3527831336172218
0.14877652830915886
-0.15497449599350854
0.19248658304811389
0.12452024120635234
0.19942848636983884
-0.06790919842073892
0.29238194506754173
-0.18428580744595829
-0.61412840855895379
-0.30981930143263775
-0.19457065297096535
0.38320741230710959
-0.10009831768495366
-0.14530689066726271
0.25668153042041392
-0.4169265079194362
0.15704584245521261
-0.17011004656349277
0.24410996992158268
0.23596828645738688
0.29439345293189823
0.21353439822481873
0.19540286494689146
-0.1193402515003812
0.40803305625092551
-0.094243130438396966
0.31308955704076863
0.34180782752512834
0.10730431205309642
0.49371501841324256
0.21676927118122208
-0.089392135767745365
0.73438042487898214
0.21584806301986728
0.27693460766777139
0.2887480274658753
0.25882448112385431
-0.15468015368558805
0.013467733049548179
0.21703265516397632
0.14083772725127061
0.5389659944395192
0.29176567856874391
0.18393935512600273
-0.27470756283236064
0.20108887874638734
-0.27345786431845132
0.073560020802535098
-0.39784404535840084
0.3348118917078185
-0.034447119685937604
-0.0070840628922196926
0.17650271061642728
0.22562983224004407
0.098434590744183065
-0.057414422729578057
0.049838454884507846
0.2355087769204956
0.062902311909506681
0.084074282314450507
-0.074740497108871956
0.042032854281486065
0.39727134707103529
-0.16973786000665425
0.035946002654165525
0.0062999541805974059
0.36735431334157587
0.10154065151236283
0.03247129479540848
-0.09576291598780555
-0.21760076869659661
0.17609159088031845
0.32517241496813309
0.69768562600041173
-0.26359653883277673
0.18453252487210098
0.0063763010087460794
-0.0029465220740798308
0.28920793703518549
0.17520552455708335
-0.0091141219244159095
-0.57612649930056536
0.53295906624944023
0.15887909920954738
-0.48715870713804194
-0.02745648566424223
0.28224692617311525
0.27073141610296486
0.34457736510404074
-0.14240189429309497
-0.30551566073610098
-0.43547921553952584
0.54017610552868267
0.20585819448908593
0.25785676186501616
0.16881283675725989
-0.0575359591142557
0.13662112250061828
-0.30970074570476791
0.0775774295421916
0.2335210533866878
0.32090102000686604
0.21624001439622448
0.24320574964786179
-0.15739396766996683
0.60287794626807056
0.12563055590344796
0.34846034273239918
-0.64885245468164776
0.28435810059776556
-0.089620893642519142
-0.010368868502337762
-0.36707709790844251
0.6971928651555217
-0.16348314357695193
-0.12526139444004164
-0.16467147432911128
0.06278513483282773
0.36873281736078439
-0.28987676603131413
0.2050381420300865
-0.16317671787199498
-0.010427537082599626
0.22243788950327772
0.14761405782615517
-0.33270518215401867
-0.071438569027619261
-0.087742752411554603
0.15874327205885666
-0.19613536593243133
0.068647753644885803
-0.28786844925589677
0.059956243926349871
0.24465378797882484
0.20511153374508936
0.35490344000192137
-0.050136450905365955
0.42899776950013113
-0.13226486339275265
0.19513927330107542
0.43459869303048293
0.111767211076807
-0.31582523174349603
0.15264680200849171
-0.22206475201064951
-0.51131124536968064
-0.18724050903565298
0.12626108668958244
0.38419038422319074
0.16880875695565317
-0.33926007682528847
-0.19922868158298621
-0.057007336698185689
0.12371727833182831
-0.10516271344537516
0.034864282564903835
0.17553047326154456
0.098207182840441637
-0.19287306393097239
-0.30667758923747962
-0.1947183381640385
0.22800369942039506
0.15390686110251001
0.15011938713333647
0.39545210624893617
-0.24854589317370832
0.02392095145985787
-0.14598250122666723
0.19578940067514308
0.094891000363032385
0.0066193697253842778
0.24654072710795139
0.30149398538318423
0.2603573611302461
-0.53483053459180885
-0.079097152779685917
0.12967606487239719
-0.18134985783227436
0.074415602647890156
0.1751706068629485
0.041691934284471537
0.050219614319137386
0.24107647919597386
-0.30231874895861249
0.58422546328046399
-0.16018731272600359
0.021350938055016259
0.27794086764615739
0.39409802741303546
-0.36362887481983397
-0.75758459612127882
-0.13454367858202163
0.036990695149134029
0.32333148010507001
0.19793827161613117
0.13669405497579729
-0.24443905097415636
0.63727279838259265
