0.46746469919206085
0.090472546781832183
0.53768214730012676
0.10159278938403103
0.30250576904786886
-0.5582279715969668
0.3210537134835682
-0.03497615833958001
0.0020972783702657518
-0.0078525197286673423
-0.26125469262355733
0.29811484986558245
-0.15364052442991785
0.22549118034572058
0.11474798245770611
0.13417308293810118
-0.077108782031130682
0.14589971708691932
-0.81545540472229938
0.01677351440815418
0.24285188678224498
-0.24680153947033345
0.14622826713031864
-0.34286544142806458
0.058792300191827324
0.029004854462834701
0.20634001295242602
-0.095574035404282873
-0.17452615899453344
-0.44601599167621858
0.23031118969808512
-0.2211193259760133
-0.36117916194903571
-0.17101759035334094
-0.047138441676451155
0.12641183055732735
0.074593126427737286
-0.17595807452131915
-0.41012770067316118
-0.019607642948412548
0.53796051421651636
-0.0091485324844424159
-0.63793609265827578
0.022864211105620452
-0.59804944195189091
-0.31837392297065459
-0.18829477973204639
-0.22542612889790942
0.47822422729959974
0.12237684265076945
0.33872011598838175
0.23327226178494828
0.048591394589658034
-0.48915799489000256
-0.040892535317876046
-0.5312089169666907
-0.011293772682806501
-0.19335474014310591
0.67352080726516383
0.051306829308574463
-0.2953066793671637
-0.55648160179935824
-0.28796386446400385
0.032954265570216218
0.11749451362140989
-0.12808991855119517
-0.069598966443257707
0.75464950704745803
-0.23948495138942699
-0.095771797010850229
-0.044943525766151529
-0.11338625015532662
-0.23921064319100221
0.0096303151047505125
-0.342558482911339
0.064818956774772812
0.6489975664631048
-0.1099512841986572
-0.21554396160858594
-0.37367615554072953
-0.13316191628456289
0.043764250164499217
0.04380151262804554
0.29211476876829728
-0.37113765573403296
-0.21844778108494214
0.1608968003968696
-0.24720427023108507
0.074864619064706858
-0.23833294178124989
0.20379338992945303
-0.00032105229698786638
-0.0505182288328083
-0.24392060702557378
0.13025073562168824
0.58722853584368651
-0.46531004011112276
-0.025960336504854218
0.76196571347610864
-0.26122603141649003
-0.57760865627420432
-0.02975398504964823
-0.71765553449901309
0.52071234599810312
-0.0065262354101825026
0.080840271399427246
-0.053820380611869133
0.087258044221135228
-0.39979860112529192
-0.46407907033517504
-0.2301602796030309
0.12854342179678865
0.056603411061805629
-0.11786871277195053
-0.11375927007603585
0.097852668240716381
0.36082725462409609
-0.17641594244537082
0.45670279016220439
0.083466882080283744
0.18854938556963047
0.040954109720611316
-0.1567089592636236
0.60200003351473208
-0.054603544640578164
0.52086332150502368
0.040146034500834607
-0.37537292094277847
-0.35630003707857366
0.3403426769382219
0.44090329981909832
0.11475450476983474
-0.43447071905954132
-0.39652774403177238
0.04988173136482961
-0.75160490933206692
-0.36073372661566311
-0.20190991716732321
0.02104284366182128
0.31165160781671797
0.058438240490585089
0.015773549297785662
-0.013673716466859083
-0.66812538404900579
0.23244452327031606
0.16481895812128872
0.38050816649347285
0.23297367601185387
-0.010952501938168721
0.65234949359659544
0.16151343737944102
-0.15039175456902559
-0.074439461439374077
0.046492175770260616
0.2112719701196728
0.49142561308957189
0.075717448215098376
-0.32087521034820782
-0.3347571336737355
0.12266861237391941
0.26135482375857932
-0.049883114130394882
-0.026769839420038195
-0.1484497277785414
-0.14456529414778591
0.34147334783637701
0.1347780634094124
-0.037308185128077265
-0.082891676017502913
0.089218278757817043
-0.39450602666248252
0.10304530933826052
-0.019863908985306652
0.042325380669708486
-0.057073045726582124
0.12642027942961226
-0.039545633416484899
0.030772889338736256
-0.48173716240422365
0.25045823975189435
0.22925030101124533
-0.14472975514261854
-0.0041411719898134932
0.22700560815164555
-0.31132098018434023
-0.33201367931370218
-0.094247929683725945
-0.010389385545104131
0.88410107352815581
0.66565343044763314
0.25159545154850854
-0.33098532993007856
0.39627076722723198
0.031863400498119858
-0.23646931017980333
-0.065985931866599984
-0.44655967520531276
-0.5771962105178281
0.2140815257140066
-0.19605683845897523
0.14171137119742386
0.30274164774855222
0.32697656136720338
0.23397661434361422
0.32185000218464332
0.28429885775097191
-0.060768294018400663
0.03789160912843835
-0.022290619344780885
0.55879074476220769
0.090002506652742856
0.3877572590973164
0.047915736811014992
0.27015238843992878
0.15464340906776433
0.40433921785484928
0.11582596458688967
0.29291357858777967
-0.036449735410563268
-0.47128366433836671
0.18929046857752629
0.32556300691792295
0.069772421194503137
-0.050382376245495616
-0.21224550629127484
-0.21901601556910358
0.2921142826842027
-0.29777479836224979
-0.28199696362646803
-0.065673764827216902
0.13699414468091256
