0.14822301491363707
-0.22676790539471098
-0.16124440506625554
0.30142800742202086
-0.3358251010273946
-0.45553859947901981
0.35613966326224827
0.063092155373497424
-0.37432724077920176
0.25740029279270621
-0.3822226967306897
0.037926562534449607
-0.13000062107025079
0.2785812897877471
0.37083723342037628
0.17490281184883788
0.20173644623373341
0.092242799574161968
-0.058234291632088708
-0.4044450537936054
0.091224308758473774
-0.43963402970863341
-0.053975565014690856
-0.42425008189217972
0.050723469031082498
0.56007217703189793
-0.012199334507601991
0.065220782051358145
-0.0011303713495263389
0.24040067932640119
-0.24335014396621188
0.39467778452504781
-0.017039424397180269
-0.19324319925643937
0.060204338561747166
-0.079318230045558435
-0.092233469132208326
-0.53671371786193733
-0.066298056162211919
-0.033299306174175168
0.17091377440993463
0.058181709796850882
-0.089170252681873841
0.16148146425246129
-0.14732146489380415
-0.23416610773693455
-0.22356058591236622
-0.1494812341590358
0.16029084980601208
0.26977008517103052
0.27108846663595032
0.44154399800290833
-0.22502236120949007
-0.070501767456778497
0.077334824783664338
-0.25085652908491729
0.034798018008658761
-0.065403624737872187
-0.11294951987985753
0.17380469211295527
0.39727165443492751
0.40292398660776874
-0.26960696644936888
0.23553764373386005
-0.19679828365902022
0.013753018844805377
0.74075711510430953
-0.22567484374799218
-0.16705270460616939
0.012837913475733575
-0.47496263244917919
0.19179128994372063
0.30235960179146015
-0.055079863456325193
-0.19894252879373697
-0.65830928648806752
0.21676619412067111
0.14384047866316174
0.40814158952601387
0.15530083369906139
-0.12627350585437502
-0.3807546143576957
0.28848171476243073
0.13844045807828267
0.22971801667903541
0.23695732746113601
-0.22075708130907779
0.045787650473402809
-0.042356750072845298
-0.29056328890201516
-0.52474039226881364
-0.10798470539502358
-0.19233526132037654
-0.10993669395213548
-0.097657972910995497
-0.20304550125504692
0.1686003791459155
0.39372156550381315
0.016991308577386219
0.40278898368899285
-0.086175704616131527
-0.50176207972749443
-0.0028605114498323515
-0.087182285885256963
-0.29263801350752594
0.36102779158415754
0.18870574659246483
0.33252757527622456
-0.23292779946199604
-0.097421342304790465
0.19053276772483418
0.035549085831625089
-0.31718337325015167
-0.0081739854668107879
0.21647479022029442
0.28597157606659229
-0.40558397450697725
0.24505856094378134
0.12611789220935005
0.063733484026235993
0.22093430405750886
-0.13993397762885965
0.014526245078671668
-0.17164098056203195
-0.029694802812861014
0.19123633683266586
0.10655652444081701
-0.070931114518602706
-0.27521803619372281
-0.0018189367754312157
0.27400739636379845
-0.077261273169763361
0.29263959639581694
-0.44603432784175417
-0.15382976261779718
0.12241594694117337
0.011024462076605348
0.090241551794547459
0.52926719637128394
-0.06855961993803715
0.3111419594430947
-0.2146140298720553
-0.22624072274286866
-0.26002085838103517
0.11071656788142223
0.15225538353538057
-0.17958026184616024
0.33910545766441946
0.225611317655208
0.50376728937882642
0.032531940669204638
0.025195685364431036
-0.36592820604558635
-0.056350845452972941
0.26169653272746785
0.3606215811204499
-0.32022987877522396
-0.20499339628145791
-0.31602801140853243
0.13802994420970049
-0.37459206128946004
0.062352865452229345
0.52463606156299969
-0.115522419714415
0.10737441673913868
-0.072366249056388415
0.22129877264346193
-0.19780900678870816
0.038003963174832983
0.0072811013070367058
0.043707413871026946
-0.51919097848261042
0.03220180541669123
0.32722586442447216
0.13188296702741623
-0.43709385343594487
-0.43625771309151151
-0.17616981517827757
-0.22120542046031907
0.42593740634813421
0.40186598899014392
-0.23562869593390579
-0.14707014215605441
0.25107215537311434
-0.42083719805591935
-0.28863466755592776
0.29656322313706945
-0.020412634268552655
0.17239805976555425
-0.20750219797432246
-0.47205847128360234
-0.26037133098758292
-0.44329906174265798
0.19245465106522153
0.020864004010584296
-0.022680416513976044
-0.086633386676841728
-0.29638515129185328
-0.25646985876671952
0.22638007786850087
0.36103239162069056
-0.43921107127235631
0.16519359688579902
-0.061926929248066684
0.37916823253969417
0.11049022280634023
-0.10655195447565959
-0.20705153013241523
-0.66453540791549948
0.18975027064074113
-0.074241577057494235
-0.20642339322298078
0.61889043259564602
-0.16590109209893394
0.076297916214813521
-0.27869544847068012
-0.11178362685192471
0.25740539722827527
-0.28081107174955217
-0.034382162262595016
-0.11850306160390156
-0.12930462348349139
-0.096717820672895263
-0.22663088366502382
-0.12877776583393005
-0.13032359418670694
-0.31698584497752419
-0.38049021873860378
-0.29937085454612905
0.12672950315810599
0.051395490300572423
0.1246949163678394
0.24630266989060184
0.52488133703277629
0.0052819612753820999
-0.38994222092227038
0.049748482071809604
0.33869262484013513
0.27201667499333826
0.031370445422441502
0.13207919471607921
0.0840156334715913
0.58038592083244378
0.33629780245635299
0.29035507041319186
0.26584156185999713
0.10647984678897054
-0.2393577782020303
-0.17158274032747589
0.038361389263775275
-0.12900738107198373
-0.10149300289459938
0.20632953187787356
0.11222274322795711
0.072027249778404676
-0.61064276378819582
-0.80140194912652019
-0.45766333940717113
-0.0053250528169865481
0.0052144468454709296
0.16702080300702157
-0.15852291720525266
-0.14552634654501198
-0.25834930264907985
-0.25565622186486919
0.35192704721726997
-0.024017023199839813
-0.28964552862895526
-0.36073730600600329
0.13668479727262717
0.13284864695856063
0.20820817965365004
-0.1682256082779634
-0.32452197068964728
0.33780422076867944
-0.26368194569049974
0.11887617407244123
-0.056621093742157999
-0.13426101147625719
-0.22396532732447313
0.19527360003640801
0.10036304334490165
0.76246037646484832
0.11156632990984923
0.089853712772867494
-0.18204518675835607
0.57607005210951834
-0.10177750706901022
-0.25793586975853955
0.11697277602321419
-0.15026888088147175
0.21601280044528731
0.43891203142548735
-0.41168313727288375
0.077915136732575246
-0.29644302536383993
0.53820750182608323
0.54775234455328503
0.13970729622340702
0.15623723772322448
-0.30267368223519164
0.35041815576742968
0.2060950253720123
0.11431794135645296
0.1744012605915097
0.23865756707103725
-0.25286056435082727
0.16490952461376257
-0.37020801336926085
-0.096605131154586341
-0.14770448979141607
-0.37413285150044157
-0.018447671189361109
0.13665793463447237
-0.4603096792833663
0.36608968327970043
-0.26736055113865936
-0.072406753446066938
0.24701008244485489
-0.21103938322337004
-0.86823211023603242
-0.17384998221517345
-0.30578557421879121
-0.18903379194050279
-0.0062788589908400116
-0.37002286687141911
0.0086880128183907356
0.49895432073386259
-0.063699613524133336
-0.31476919880867688
-0.087391419626108413
-0.042419561952615009
-0.14992170591607562
-0.36884615103941959
0.50127659150350323
0.093622075794012091
0.13248435442122297
-0.28087018356707355
-0.021252313608666511
-0.095428756506681728
0.086877820206909276
-0.42205290597621625
-0.030012268608158994
0.16258933162527306
-0.037351021876612336
0.036342460517242305
-0.016975274239040532
-0.55556269580355533
0.059990015368222266
0.42705485704752238
-0.0095919457373515957
0.047663932358410252
-0.023937140538619721
0.27149086656952154
-0.28014708157377838
-0.70583458545181488
0.11551943127786835
0.10844542449232226
0.16948038042974697
0.08379327889736668
0.40436814045560454
0.24068974718163161
0.065731261853411729
0.17252860359507499
-0.2684569753679763
0.17749383208770819
-0.0082751530842937859
0.051438387405306318
-0.27949014206125417
0.087783805398323728
-0.004205334777584749
-0.11164277627466619
0.070372172671699401
-0.12572315776840057
-0.24383484648470588
-0.11075850798396082
-0.033478603459035604
0.099574526240695557
