0.41929348844059788
0.74269731684200058
-0.11772980582229321
-0.22625133936187847
-0.017339384936780992
-0.5504152206166073
0.32770678861198993
0.10306134469096678
0.85947768573535011
0.79155306523604518
0.47779776745909425
-0.15992705694331272
-0.15287037967538256
-0.11938261690079324
-0.3748642337956129
-0.069516608847215153
-0.21418098295907789
-0.26579577613871636
-0.30545561645994102
0.12675262425434952
0.53403934379126305
-0.017007248001445579
-0.15873484642458627
0.061582019539467937
-0.035246642625082099
-0.36105469117591299
-0.30459558628227273
0.089497566606249385
0.078363905296575137
-0.30693326914054314
0.25807181750316521
-0.086314213273492452
0.13340969306351663
-0.056017609685248333
-0.16575018721594503
0.18058700356456461
0.048250290861301531
-0.79822453064502763
-0.3175458798002172
0.49898471673505568
0.091831982833179421
0.27784159565364291
-0.31027135761297991
-0.65347304734015632
0.72226978919105045
0.42962832926994327
0.24114927805981221
-0.25261102163493648
0.23658834244657143
-0.35256147413074579
-0.28592163550196426
0.30929209465904239
0.61123304600083994
0.4195224869191978
0.32726879975821338
0.28126096711792037
-0.36541661463940012
0.13932319521244704
-0.32169360279625392
0.15876768496678212
0.52214352113921403
0.21878504225272374
0.17167749457955217
0.59732583353949575
-0.38808417717699145
0.080982752252924187
-0.34201479126412365
0.76567982246201549
0.16081729625182903
-0.28930769047632793
-0.23742126695237678
-0.26302267871386176
-0.14233235157885515
-0.33559400743835099
-0.11845713870138337
-0.25974343078993173
-0.5822772835015223
0.41872324911544956
-0.14299066710094899
-0.12388695503108973
-0.84736387562111526
-0.19540577116051677
-0.0055634593952155727
0.10358356749853846
0.4636619377708962
0.2409877376238948
-0.21705113096986925
0.088353741781433681
0.14814341487054952
0.042242635962761739
0.22692732048842593
0.99791654613534508
0.3841661180911965
0.27272982568250631
-0.15556800210519126
0.33104705283376451
0.18088255569998887
0.34542872988540996
0.22929596056533252
-0.83843341301369112
-0.11475360464163004
0.29267157181471282
-0.13561954205361168
-0.15451181811763534
0.13080688234615842
