0.28076934755230798
-0.40507124753069301
-0.092958040425600699
-0.039019045718064346
-0.066980748093477205
0.25226263744086524
-0.17228984684382742
0.20477893318838103
-0.055938739536863152
-0.033400857299204237
0.10231779443957943
-0.022352630795536833
-0.30969850344504068
-0.38094027796763658
-0.23892945717258365
-0.021129971832487934
0.099473888047475298
-0.19813352717196817
-0.65824824647991698
-0.17778887398290008
-0.16749286352064405
-0.34489977648969178
0.11090449253530246
0.36284316015820245
-0.23783320839616642
-0.37709183879671349
0.14007052752854462
-0.045232228028218198
0.17614900992469043
0.016827245209231956
0.038020863924144846
0.14068070243450462
0.086596593616418263
0.24816849110072384
-0.0063067603182523913
0.14756287613470942
-0.22633538294162359
-0.16536595006280996
-0.12351966092601742
0.13620336360012192
0.2057288446915807
0.22407440480752519
0.13454363332944771
-0.38194300103283579
-0.76098246512492518
0.3242882568326409
-0.34658533348989617
0.18533982708718014
0.16436475638540393
-0.14488750985650042
0.10735312391422898
0.12914306414716878
-0.2250076180471004
-0.62099140966325383
-0.12199450174382777
-0.31227464339341471
-0.1130118803496131
0.14903410252949167
-0.078171280841118129
-0.14763102290661012
0.32027582051019104
-0.012556481418553788
0.15331440943559393
0.11052236391526371
-0.097373932733890889
0.15529295289223768
0.030981783922366682
-0.40251984478950414
-0.12250252082885184
-0.31598168089320955
0.10545398567185486
0.49385789531738122
-0.16864520275551939
-0.175544212874892
-0.027209827686544921
0.11022592679217767
-0.32849255961318991
0.43621683810570977
0.22204472416283613
0.14000825281974838
-0.067178543333147073
0.49806676895265872
0.36563205903627155
-0.13623295704220714
0.049071209841831283
-0.062037279282571856
-0.0098091672783634874
-0.12000086748271555
-0.19032062057827842
0.13834287164434075
0.85083492930396065
-0.19902814925807183
-0.37952468759024699
0.47491736453893946
0.099295165261138449
0.059312435267061391
0.19683056084442771
0.2776834881176527
-0.34433210223048616
-0.4179532857183958
-0.022433428883006944
-0.48316679701090087
-0.070462957766943418
0.17141106410566634
-0.21908805853031743
0.084444594338900475
0.17508616263932536
-0.044982011735050773
0.25857554160034746
-0.09748979483181841
0.070637078203898918
-0.73047574655448488
-0.21509118789646314
0.20894412394343681
-0.31683155217786585
-0.057533730124544706
0.21968300875618679
-0.0045545047827720399
0.064500519180382215
0.04905587626127391
-0.072030209375508858
0.054776672554771109
0.41245953489507481
-0.30199682972807518
0.014393184313943312
-0.59971077484365121
0.21959360296514452
0.43560822014397765
-0.68653780301609857
-0.68389841408945984
0.15490019488147427
-0.37269486478337277
-0.0075440183985773478
0.10814548276803865
-0.068956550046119239
0.25246590174881067
0.0090434177430691494
0.30959687435695016
-0.014828019970323391
-0.2103147923322321
0.30975081862419829
0.24635815419684406
0.14284678993007391
0.037875303160387619
0.071315562825834081
-0.078068632649863828
-0.47577351090398218
0.48016956079839279
-0.28254715032831723
-0.37314441969912132
0.48922665651530406
-0.21045038651991693
0.56020664792516905
-0.051175919175116005
-0.15065743003752763
0.48672851022082558
-0.0061846962801076818
-0.29049174856257926
-0.27134338824648813
-0.27409036005444415
-0.26319816264268614
0.4559177371786467
0.22869822168750556
0.1523298197960796
0.28730807557484828
-0.08781706651741561
0.34067575634527214
0.5164223916685251
-0.26382851091437859
0.20819672426898367
-0.032300972246204811
-0.23741442302219587
0.090816398448979277
-0.18831336681080488
-0.39838146579239586
0.047677125447011422
-0.11353319246989614
-0.083935092559383889
0.41904037748952938
0.11165666351806629
-0.04288168736918662
0.13898025140729031
0.043428392912481302
0.71623486723239749
-0.41846984472204674
-0.30469479860815324
0.038083049316360321
-0.0086196488298515214
-0.040488871398179881
-0.32857119499451976
-0.18106942592103317
-0.30640930244416192
0.25731817999870116
0.058932710138149484
-0.16689204341657626
-0.25332219736264816
-0.16733818970752298
-0.012233627477776756
0.042049687618725788
0.31695951527994809
-0.43692541135864404
0.45171892968684729
-0.39783627350937095
-0.16724893781690159
-0.35886138282010377
-0.17724465436774114
0.11600223905861347
-0.27563700988054218
0.24120375405058192
0.29133084469678627
0.22072820206907448
-0.29055683870057419
0.077407731884665321
0.10001676473168118
0.31846995085194879
0.2699108190948229
0.030245915796900027
-0.072515957960667843
0.18691348766112068
0.10778990223215879
0.65009009174091581
0.63108459562271857
0.022848627609472968
-0.0598294032803472
-0.13348743252211701
0.48874195063580606
-0.24676882272997316
-0.24449579929803461
-0.01225483978101004
0.013354621422937325
-0.40951371196467123
0.33623037383852777
-0.018151859599489648
-0.029987973599190823
-0.053249648995353852
0.26309536786230509
0.1209136645354751
0.46227169126967133
-0.34239961776756322
0.27679744309778959
-0.20106811443868053
0.21045998436747096
0.19077837881673898
-0.44148069482729374
-0.066622106271277889
-0.093475126178103149
-0.19522783224792686
-0.43121841868345545
-0.56026051037362468
0.25817198553956944
0.31417913757248922
-0.42041891785368385
0.02827814236039156
0.26584024499691078
0.1565938715824286
0.17855485313258845
-0.45904200683166135
-0.079158825209889927
0.33884896764983385
-0.015371242272087839
0.36166732986422545
0.20149548748388196
-0.10961386836501545
0.17890404308715899
0.2300834028665838
0.056370638969606306
-0.080023021976309866
0.032444201133927375
-0.083885005057198911
-0.057048914920790263
0.098558583273690575
-0.3307515414807638
0.54636101981993856
-0.089235699131070031
0.023728940090330618
-0.14683165114745877
0.32698985777456685
0.19108900632704975
0.47586368736236434
0.23100414653879048
-0.085752655889905216
-0.15858365060242444
-0.41176436280909051
0.32115697694689199
-0.065040139696117827
0.25933356558585485
0.21296596620667557
-0.041714666426223734
-0.15900512424613125
0.3506653989217981
-0.1583785921913923
0.18720895523083439
0.14025760025928416
-0.24072886597410481
-0.10819431715221803
-0.37887518403950138
0.36473709903432938
0.46858241822520547
0.54865188998314673
0.39916865890349706
-0.33202446573635069
0.16858779518291872
-0.24067317978397393
0.80494367081596641
-0.26952779777197372
-0.37603927519700264
-0.035782061418271047
0.07679213278208373
-0.22751808329136244
0.14347562341208414
-0.26173096001838303
-0.19007174208590621
-0.2114056579779523
0.29867084516362541
0.318804108166795
0.083074368177365243
-0.16693703824418996
-0.53025463373183424
-0.48753113004898374
0.17680739429202455
0.032408646510639454
0.0071986302520381544
0.14223273119452928
0.074092411691215457
-0.10778153668129314
