-0.015286109615506239
0.24838953791249546
-0.46245983306145361
-0.16281196643415263
-0.080141063175410712
-0.09587068693789895
-0.024917908387208448
0.13819595198006573
-0.24692067548925359
0.09547399890104144
0.030376006615062373
0.023445393364920609
-0.25921681495983273
0.025024939503383976
-0.22155975102535189
-0.12282627902113559
-0.137755233021779
0.16872533312904039
0.48782186279789397
-0.080096646719753362
-0.096286849110637562
0.070577093443325883
-0.32327345224080534
0.25387435454571472
0.040599324014002659
0.41972323410460222
0.11976446263727483
0.17910345024774507
0.40579540338578252
-0.12258720120364781
-0.40414494664961159
-0.45984156479599875
-0.25723208143771187
-0.018704764250023275
-0.44277129572890933
0.13029551076525497
-0.11975006137433768
-0.01688466414630466
-0.19446458118320384
-0.086710550895289812
-0.078041370274894523
-0.88048021219086281
0.20139458586147629
0.014959639349693953
-0.15635836010553081
0.41610592622686182
0.084867890410595642
0.23581122770292082
-0.18575452249827967
0.17521036414949559
0.01042018490204517
-0.12838849754323076
0.11165131646370076
-0.016888880578849283
-0.51647946178648507
-0.020467884976114879
0.020069107969905731
0.28898057907805491
0.27630642340519923
-0.5776450157095312
-0.15412838279280563
0.19594225211843919
0.01452685249806389
-0.44273843034014881
0.2475446478511534
-0.032356988897615201
-0.048006343986874367
0.11129825750065409
0.2365515701334544
-0.045355603318505376
0.13638881056206945
-0.19094843635373193
-0.014845321586340695
0.025514555925818305
0.071633083298789271
0.057707143181131675
-0.20612777558057299
0.27570983158290824
0.11833992940138642
-0.27986614546312533
-0.25927445142448574
0.13646100542087045
-0.019008271546787855
0.30236049631998491
0.33705358068214697
-0.022869045373653484
-0.33947889747692767
-0.23460279702663223
-0.08293014803545698
0.27605385933556476
0.24113445740091627
0.40416946847275842
-0.46747829554928366
-0.26806026576122965
-0.067283719089739166
-0.51606404349224166
-0.13471755389654849
-0.019810308791415113
-0.17963659114975905
-0.19486970804012355
-0.002812168037414645
0.20836074015353426
0.12121559726225389
-0.16721603669016677
0.16409813487711897
-0.18206892882900363
-0.051398073810541317
-0.17309464748922598
0.087065150713348402
0.043353884919052919
-0.46200073006006842
-0.26895185518640058
-0.21070236486976021
-0.31822912124764652
0.038072964260570177
-0.088563755537366021
0.4363765757455606
0.081189331159362388
0.26870904187863426
-0.049433030896767316
-0.26486757574346675
-0.046879590318028963
-0.035722679132609021
-0.30324963923888476
0.26863262598971716
-0.76259608263149825
0.013861761255053454
0.087762310582011505
-0.041912073893456185
0.082586780601125606
0.35964209634343791
-0.027479338211422254
-0.20694597377071247
-0.061238486120381047
0.52511008173797036
0.3958221136781121
-0.41403201576800969
0.14734270901819232
-0.10183474751009269
0.58373990376952145
-0.32989325168384565
-0.0041187778955427065
0.01683944166879512
-0.26147975367084103
-0.10310161619651202
-0.23253456907761599
0.50376392968257711
0.28817555552262292
-0.20872854204941149
-0.178544354929176
0.02475618114594981
-0.30737111077373758
0.24755945890399375
-0.25400977992781215
0.10713705647887736
-0.064895005146463791
0.29233392652756096
0.24837608034410821
0.031146051750362901
-0.14181545635972348
-0.21651148961714486
0.3265777613469531
0.095805980072240934
0.18374565421168126
-0.01416285353229643
-0.32450727987679229
0.063125231918328251
-0.0750120732542809
-0.19041941092843298
0.12199537714405474
-0.15383679342322062
0.53342214852693637
-0.035094695608967573
0.29457731462981657
-0.26943048711624129
-0.13328404171838015
0.21991021055696219
-0.32690334260969428
-0.19526926525579136
0.12766434610917896
-0.18092818740468722
0.14328457544561329
0.12403391477379747
-0.078990285772075383
-0.33192003557262795
0.20153888473866396
0.14629881018860241
-0.20907396748724189
-0.035997851975431441
0.015081523559857224
0.068094852430142891
0.64375703675368678
-0.17241773757214474
0.090342247704026629
-0.15711661354519557
-0.25246613184929251
-0.03861843763774462
0.26647446507186423
-0.087322919650227177
-0.1314439834950846
-0.039112010720242722
-0.21133167118419957
-0.57386211441897927
-0.10462631810262672
-0.47244925851942587
-0.036517447854234067
-0.087313732313104117
0.15511361084052167
-0.19748920095945849
0.38531368420697953
-0.090410233978458807
-0.20891551980027639
-0.42586142803694971
-0.20168573256749336
0.079667180633839665
0.066500179978279006
-0.10350663454596941
-0.32363071295182311
-0.061644769149178692
-0.29447266654565596
0.48741754316580194
-0.21455918792956122
-0.20160354651882487
0.48765600582350266
-0.14161304351604204
0.032551145477420565
-0.012961752016671381
0.35352528532985139
0.38317256614654399
0.26396299722134198
-0.27039711197834759
-0.47952165531423357
0.58051084585157431
-0.27898892581298546
-0.32988979717942235
-0.61585515124027324
-0.099092089946200168
0.38066130070025112
-0.081389634600051483
-0.053553134804728605
-0.48006370414320787
0.20131247195558916
-0.17380150076317388
-0.34866724108814562
-0.15601253410769697
-0.55530748056484602
-0.11034098858837453
-0.21643034937838496
0.00095776397649384361
-0.58151210116262553
0.10203740717597459
-0.40031547262079836
-0.2601623595355666
-0.096516132904007748
-0.074698507336745545
-0.32723826395131778
-0.084327042191623805
0.28052847749668475
-0.057495379988709454
0.33108831329396132
0.22834831782077405
0.42842397783579245
-0.38642718400459664
0.20819007492344058
-0.31058653699828492
0.14079933174010428
-0.0074525058467375793
-0.12886433309174924
0.081050615267235879
-0.097430625579468341
0.045927233366719861
0.036495509278920507
-0.39236705545052603
0.35734272876556705
-0.43497543781759729
-0.1363657592750068
0.056570052239948168
-0.22165831672863631
-0.38599194752872951
0.55616939476462957
0.043630862863797776
-0.069646154989940742
0.13099387535014262
0.16892604713853282
-0.17496857856510473
0.28588635699983506
-0.1370995856301411
0.021408021635738374
-0.19753410358922721
0.48659500769474046
-0.43098432111506307
0.0087324437933538768
-0.13531508692568012
0.2069447238657437
0.22657111221291426
-0.20906800145473589
-0.13821660219029361
0.05581921991468778
0.094147720223154166
0.4014840584635892
0.28139634683202525
0.0094951640458674508
0.42073357602216405
-0.16108007879973976
0.027877549766111571
0.0044118851399653977
-0.09238377198342114
-0.37661353451428103
0.28382044017107777
-0.23313320146516064
0.077467613572261659
0.063969384422095918
-0.22304207739233778
-0.19018688045798993
0.38430212235265765
-0.45760615417626516
0.062134419849466126
-0.1038595727462836
-0.13086805979808588
0.71298864218914315
0.050755804034044678
-0.10305589374846473
0.66680702784880863
-0.033888664444341354
0.44186853789239411
0.048700995436769763
0.11610350096503806
-0.15160841459936183
0.54092107974024839
0.367374146745028
-0.045407322799952118
-0.072582601562320159
0.66979138871888988
0.030284119060119099
-0.19560329825328218
0.045297156085514788
-0.33298586936676861
0.0015970430904995595
-0.14557298037888092
0.042041516891356663
0.27618810628124379
-0.54223063507239921
-0.15841684446126397
0.067996031964941306
0.0044871791149048304
0.23506973350019761
0.031145565569759729
-0.10374419613812923
-0.042736661195812278
-0.168601283235955
-0.19436350896729851
-0.11891358372613756
-0.00065379195491846714
-0.32337123634078813
0.056601340727721002
0.048254586733540827
0.42440909596100357
0.17342006958483444
0.34985988784383559
-0.030953503096777062
0.045418957734624774
-0.22511492093475946
-0.017282158378122123
-0.014505341346578523
-0.12587110443834024
0.35465627606992162
-0.14930618546750449
-0.27545232176814627
-0.063740168989748464
-0.11291459205855869
-0.36066988274034267
0.36871022845962603
0.29766086810412457
0.31271798344252544
0.35921686006256909
-0.19307606709342603
0.27810262896272803
0.42342625471114309
-0.56553914609019329
-0.45480930973651135
-0.019001936340637526
0.066286627383581251
-0.10433251959919086
0.32811416995574083
0.13442431557349627
-0.19703930429869151
0.015494856852468354
0.15862509412651199
0.26071303349553254
0.3450447454626584
-0.036646442847720777
-0.27477489342584599
-0.21005680694202736
0.019461482819699959
0.051611055304417855
0.0038329563600368747
-0.053140452717479851
0.22569091058754906
-0.0072723963695341867
-0.13776880574308817
0.10163448888161195
0.018141495606351955
-0.037652257535295067
-0.32622664527726913
0.12074657065133619
0.018733784154277216
0.13703484275903235
0.31820301203870277
0.077661487834306722
0.14423963350370994
-0.28003716898512299
-0.37542221498115858
-0.29854812328228042
0.15405997785311679
-0.099466351104416428
0.25132729275109739
-0.047967384613532234
-0.0042497248085492968
-0.029435923806909677
0.0034828870522820321
-0.32945533182834597
-0.30583593583502333
0.12625909092557408
-0.044423704860831068
0.061595934023930474
-0.14495228017045275
0.049806477393876024
-0.065577115824742849
-0.09808856199898737
-0.23842676591589831
0.41157309816911264
0.20011044303088227
0.44328089285293071
0.26050580136240731
0.13202457482076577
0.42621391957862814
0.038831270325305645
-0.065370920135684435
0.06620273965979584
-0.27768220207933259
-0.019808280428435108
0.067503573504367254
0.0036895472616881959
-0.20069590876811125
-0.13939739005163784
0.39247658550008646
0.15806024111484004
-0.61786835663166007
-0.00040199456529635495
-0.61174295860080086
0.032506942575655527
-0.010044739203880581
0.088695687767249426
0.398515860433589
-0.1985616460776502
-0.026582241852082876
-0.045549397290087508
0.021845316795480164
0.10612890605343096
-0.12625143521648502
0.34116663559097621
0.31089850331404917
-0.38262300837755742
0.15255038736753293
0.044683590505025475
