0.3419774044321201
-0.10254431907784964
0.51782391013467466
0.66144740194112284
0.20510976035631179
-0.36313450300798261
-0.19940079527240637
-0.69788675605338502
0.1622128052496758
-0.25881188858722709
-0.10993589608160048
-0.32884109976751602
0.50071261900990915
0.54838257985863548
-0.33561947868340319
-0.64710415633956342
-0.079308126646392654
0.44984614144161467
0.17549865169993675
0.58141923503420878
0.31012494057428774
-0.18747608216392811
-0.43192508219062675
0.42152877739696115
0.21010091130123057
0.45961921198634414
-0.36031780575900652
0.14481199321061125
-0.47645756129256361
0.20525032389786271
0.034003966266242233
-0.26014269865560125
-0.14624623182791585
-0.8298863771041447
-0.063151483280616857
-0.80807219919673168
-0.22089922569921125
0.049648011616288512
-1.25656563970303
-0.25832862973429221
-0.48879868052058778
-0.39993550248595627
-0.6696448941034272
0.26744911860278542
0.60804677469319413
