-0.034290981514151338
-0.086468975712191684
-0.19837484715924283
-0.24101518869377694
0.14764795541955977
-0.33189436406795531
0.18251778233451996
0.15040684333083393
0.19436104190497888
0.043918442660697596
-0.55827391121165848
-0.37808388784860236
-0.26307610449712154
-0.38007633161766963
-0.50210971628822143
0.16899503822424092
-0.23666930853439713
0.064935733940122947
-0.55832189756377348
0.27562660753700202
-0.49990125304654204
0.23184771416233507
-0.36754761383242174
-0.50415799872029976
0.57682442689337765
-0.11195266104779122
0.25763927086393312
0.15216045444704984
0.23832896533469952
-0.075546681955053901
0.4517769417864379
-0.14619194307640049
0.36468516727732542
0.20316823565834918
0.015999061811958273
0.31483407390353707
-0.61468206471127484
0.31687734081537849
-0.0541465227032931
-0.23264600585647049
-0.29946860786920992
-0.030561064520482746
0.12342133798552792
-0.59070868309995295
0.033796159214248597
-0.40866184388879268
0.057572078064814278
-0.28437550332002454
0.36056804090282996
0.47320068782838004
-0.15911433717993645
-0.47957207765898874
0.63233061518707012
-0.10514968030208968
-0.050407890496001091
-0.27527327279249564
-0.10106334031630052
-0.30482104728416881
0.047689088480434003
-0.23261597776576759
0.18839790513548307
-0.11910079034044531
-0.24695070121505278
-0.094129910113998766
-0.15446973970611408
-0.13442122566498887
-0.18308802869408142
-0.012307927631392351
-0.23011421659753056
-0.093163660708438026
0.081625095474788037
0.45257997453203358
0.52947697224772972
0.25660563073848536
0.25539692920683144
-0.0083719210922702011
-0.1603408487750001
0.11751686193711747
-0.24229188409666921
-0.072343965178512604
0.4071212381163169
0.066081225138103342
0.42759076912331062
-0.055698416082119756
0.60833332025396658
-0.038337335419827569
0.12264980640518718
-0.12338619524100584
0.12495121704388791
0.0058373652692066394
0.13231273819412284
-0.29196950631024499
0.20427710289708897
0.21444680795938637
0.30233022849807401
0.1612541237040499
-0.40862618521526145
0.057226475058654545
0.31149919438289514
0.16380627798450884
0.34330327373783898
-0.30040490102347417
0.22049807517999084
-0.12772860372930059
0.035962199693993259
0.27100803514400867
0.2784021481091008
-0.29274275479457373
-0.50724285532623992
0.0058257731213822985
-0.14086969193457793
0.1084451868903987
0.48409009826963728
0.50023995528880028
-0.28870396386220432
-0.179712087611822
-0.05714505301936821
0.32404405694099181
-0.33337710833950912
0.012336542770506538
0.22144521412802104
0.40833917410067122
-0.41443315630512551
0.1480108347398148
-0.18653718512705061
-0.12428772426025674
-0.28695686952462091
-0.16882912179658779
-0.00046379334003448255
0.18399720040865272
0.35013166286424502
0.37890289986770137
-0.80304815319810896
0.13345247984396538
0.23842839460281626
0.13437896252842887
1.0486378812512842
0.25497569438808321
-0.18110609008767378
0.17936387209422758
0.3089429043392723
-0.75346443686046494
0.18487309165083871
0.16223898246061683
0.093087888275568131
-0.15306921176727903
0.32470845860551573
0.0078251916656625377
-0.099126031958439526
-0.26276754971131011
0.049330996360994826
0.22071544364258883
0.16045864554577799
-0.65733256387271966
0.34907559839715829
0.016835930505552373
0.14860102636394903
-0.087062978484765463
0.038192118967803293
-0.29505385801357104
0.37377057472503455
-0.11797279414253943
-0.10319584320025545
0.00093291712783963743
0.20701541798061787
-0.26905460346299803
-0.07495871723555067
0.4539356988186507
-0.092940454734122921
-0.39411647945229672
-0.14987092841742133
0.30724341922272086
0.34295939956727389
0.085108716142840338
-0.038006004418041216
0.48632669864641648
-0.32765029599036416
0.36336849241027247
-0.37515197795485711
-0.31156523965885946
-0.027817419800345508
0.11878081303750179
-0.66730261507193356
-0.1698024997510692
0.10958507884792185
-0.26892830589409705
0.02838862232206317
0.25640909580106858
-0.24611784460567429
-0.81225201996318552
-0.28053756384340517
-0.17356588173066773
0.24610167444733363
0.28391910150758892
0.1746226668606857
0.0069702551713268085
0.26489212724321187
0.045455066013837059
-0.29673592011906769
-0.22471413791666461
-0.031208770408555367
-0.44585632458450408
-0.21367010121353963
0.38352850923324489
0.16642741647670814
0.10998275898827961
0.10900933800276262
-0.24959962609019945
-0.7115625259300955
-0.44876101081003905
0.032331685567521924
-0.29061978778888442
-0.20006295448447184
-0.55383040996999278
0.33289655699689469
0.52103254517539321
0.23005896093568987
0.18564924666077973
0.039795556175437646
-0.52607871692785679
-0.40266102050034658
0.1032208877094877
-0.0042818660573169286
0.017384020171570043
0.13875053544438029
-0.22246720627123737
0.14224158829801684
-0.12809481214467253
0.39640773332655099
0.045311009487389281
0.14844916372599021
-0.0081402688887779427
0.21486402302393379
-0.10068745751408407
0.35088940566783888
-0.031927021194505953
-0.15645380448831137
-0.24402331912629421
-0.26520311733982643
0.083275724382004479
0.030472464166132442
0.012450257997504838
0.2891363050528924
-0.077367889962022027
0.014650482519016166
0.47006079799474454
0.11728280625610253
-0.3064829106201914
-0.096919027764526891
-0.084881038367071143
0.13882909176098529
-0.67707733557639505
0.026104162096010426
