0.33502924564452746
0.75728607568995476
0.40841640788281186
-0.77441956571954429
-0.012766898490356893
-0.14005187498567775
0.37980696091051958
0.75213999459164749
-0.08230136011906905
-0.17843261814953976
0.092329571641203811
-0.40471717177318994
-0.34973060429512365
0.055348982755262593
-0.033526345692227212
0.079417844342350968
0.30114252185276652
-0.092647049467980136
0.43175227585584847
-0.23293948249387395
-0.19878972063616956
0.13606374991217926
0.38973409859841651
-0.4699493510491321
0.11511462350635454
0.49239095262699339
0.020682793179426374
0.0038545086178159273
-0.05807439085161125
-0.15538160314389007
0.13792699670309227
0.12682764713650863
0.26662198030964906
-0.34509900974501756
-0.38271038642711513
-0.21047710247131746
0.3148597655059453
0.42184106490355411
0.065051081152816798
-0.31469202556675302
-0.40645086595759844
0.52535400736719995
0.22118630018718452
0.078438343888060161
0.53548274547200492
0.28964904807417535
-0.073339131849740877
0.2401100526063368
0.29887229390557529
0.22097413623486792
0.12892265560946051
0.052579402342504418
-0.31958515195344644
0.57201611019764498
-0.30215310760466435
-0.069532668699033323
0.067781567288555958
0.14216318682503409
-0.33652923196026607
-0.25988722091163602
0.22796444112621833
0.0078773151624100795
0.021678420127734303
0.055811472662921191
0.26886985176599976
-0.24727528202515539
0.51591956610169332
0.050021367976222218
-0.021764561500389811
-0.80203529352416814
0.075448714892391688
-0.1154207061825409
0.45219647566873494
-0.22782237372702549
0.12043649179026945
-0.29942023992446037
0.10761493656266549
-0.97628266064592839
0.25133589665792738
0.35473493127862699
0.072588507938565694
0.63881357798001548
-0.53829135424782026
-0.29341732813932392
0.067488542839993976
0.51162810515412172
0.20231284399842153
0.67894466992199276
-1.079946849639966
0.12985423959989592
0.65748013686659668
-0.031808244918273068
-0.076493704918041083
0.68606107581393672
0.082153361011473844
0.30243654151924398
0.37839391845982961
-0.00068275226944982
0.01152606821278331
0.22871436373927712
0.41606026797041362
0.5718957628590815
-0.17834226287029067
0.10837306840472272
0.33067285616173225
0.033718226867992133
-0.23225392910366929
-0.4754060366736807
0.39917299503945813
-0.28048268761429462
-0.07425138348642682
-0.11358722717168916
0.1947421816878481
0.30963863986860773
0.018807963392865452
0.35539703439175102
-0.72647234631667035
0.077521388410313335
0.49093793607120229
0.011365411079838237
