0.22601206288364209
0.13101210356109769
0.080937263557327804
0.065721217350711889
-0.16222470212298831
-0.19784413912960047
0.41186892871901848
-0.22480234248179154
0.45242861118655286
0.33581584466260839
0.14865353628215391
0.060592749743890881
-0.50989142653058106
-0.30372243928812925
0.67590412642823028
-0.2230204884778762
0.82130638242315801
0.59899809642842849
-0.044840064536231426
-0.25594003351375749
-0.56258719560328196
-0.35490790029130503
0.58738949601271562
-0.13752030416974673
-0.91153124457570534
0.16960975972954495
-0.036830005417532362
-0.27977838957842871
-0.54441945720345852
0.20969796875142074
0.20653187432927847
-0.18386991965756785
-0.18403279204595277
0.75215259662900091
-0.51126328923960773
-0.17259710998295169
0.57394265322530524
0.095821973519603018
-0.9897648254444702
-0.4091935885025576
0.3693351706447463
-0.41018660652441596
0.21041257212942135
0.0078877981593770859
0.30176960821374899
0.029571654067433804
-0.21407912648967595
-0.3603139784091251
0.032412203185108845
-0.30636264892377268
0.18805182215962923
0.084643767648474491
-0.5167857031373958
0.68914026810694118
-0.10065307996672197
0.21894729118077055
-0.28053886568660774
0.24036045276064635
0.10166807717573549
-0.85999171905671201
-0.10414390794102224
-0.49438068971529403
0.31219020087185506
-0.1540857761732819
0.52675413859431042
0.30419762222644203
0.30073612000994376
0.25633581564901481
-0.3849595777891397
0.029765145288693541
0.24106474902547276
-0.050478173950624469
-0.078430506151362156
0.087907594243854206
0.29033676984578577
0.21471272769026564
0.26962630155857487
0.11449605219399568
0.24375318529260154
0.028508583131927057
0.18497500991465107
0.43143511721657379
0.42582367998333892
0.56498350977530332
0.62950753570194939
0.2737624505371748
-0.40151165644899572
-0.59021872660052588
-0.15984936926563251
0.14080154243080928
-0.45073937902339478
