-0.26755348193366751
0.41499581702490101
0.46009266550461392
0.42165173327604016
0.023532222113550182
-0.02229531099043696
-0.72952792320687843
0.62259858322491246
0.16253966062168865
0.6122400596833909
0.17489507045426331
0.79074374872372788
-0.71317925867069487
0.062512369892664801
-0.68721564989249551
-0.30913337671240754
-0.54248106601514723
-0.34722303809321825
-0.023521666989303709
0.44923564785768899
0.55703376497058554
0.17792508600433721
-0.10791972755986982
0.53222291358437701
0.32222353581390206
-0.19351126689323089
0.080419085220111389
0.0028828238938769916
-0.29396190430674868
0.0057093732910415201
-0.58850530169478832
0.28942461222104093
-0.030025004907300881
0.27442128209460798
0.66374862720055616
0.05549510635400659
-0.18690980036638652
-0.00054082581454758865
-0.61740537036678655
-0.71677033839598514
-0.4360520363116705
-0.20472921699814814
-0.16387855678513008
-0.013958118208226634
-0.15885584765028349
0.11391661274028059
0.071092325956036831
-0.41162928329393894
0.70069164236189319
0.26048463832957292
-0.15015901772549689
-0.33117356207862814
0.11040245819777993
-0.0085889904542385768
-0.10493690210644945
-0.19788132413411302
1.1166420162855524
-0.4702368554212949
0.8712546329378329
0.05589146968350394
0.4560084830262065
-0.11709206417708827
0.31905203535444215
-0.27701837577348143
0.29006735114215432
-0.02016161402706293
