-0.038157917713380389
-0.055410199883340443
0.11440957096307226
0.33832369728938844
0.35547195165172418
-0.11928774246598838
-0.26328882108228702
-0.48433174986740762
-0.088365517659574289
-0.064602295489245343
0.32510836649787828
-0.10620070405858678
-0.057516234606943176
0.043714489261107749
0.58819530817557242
-0.23924820896473598
-0.092019327022464237
-0.076869751519249171
-0.39691667128361596
-0.027301829721209304
-0.11074845700055269
-0.092805619347139906
0.43589943500332118
0.083091320924763498
-0.10227721883219555
-0.34067012589615231
-0.46729066502361921
0.53464324820603371
-0.10376594949395923
0.23879900055894937
0.1410334857908406
0.22090079099871393
-0.070022213950214879
0.41874005392274483
-0.13550143104873369
0.33801700017421454
0.18831124408111607
0.014829105662988154
0.29181134513368856
-0.56973248768463403
0.29370519499123066
-0.050186974454362737
-0.21563340672508424
-0.27756950257678409
-0.028326239392918909
0.11439596168612766
0.5593925267308425
-0.14457961759953486
-0.54751219669558915
0.053362030780005842
-0.26358010465001885
0.33420094503592912
0.43859715538825256
-0.14747885508974093
-0.44450262747959512
0.58609046060080427
-0.097460447240953429
-0.04672173551169264
-0.25514348881291304
-0.093672927189067071
-0.28253053657815547
0.044201750100082142
-0.21560557448497386
0.17462101683059511
-0.11039136077240305
-0.22889204910314684
-0.022023110703512764
0.49227115995182746
-0.26940593456352985
-0.087246514797808164
-0.14317390099237753
-0.12459146555984904
-0.08635092387502355
0.075656134076712622
0.41948436365635544
0.49075814943798829
0.23784094696693733
0.23672063360490542
-0.007759711409245338
-0.14861567612673979
0.10892325958424459
-0.22457391519473163
-0.067053700793246046
0.37734986767542644
0.061248933308090094
0.024800243202549758
-0.24737695084116321
-0.14743233173269246
-0.091910749055119673
0.39632253255679106
-0.051625383228751702
0.56384800498863208
-0.035533858451194791
0.11368084954632372
-0.27061878442203252
0.18933902368736821
0.19876505333227618
0.28022186276962324
0.14946216641357116
-0.37874476318928568
0.053041700528393312
0.28872033383776546
0.15182769046354297
-0.094314899106445541
-0.13112267399189731
0.10333872581526231
-0.60829091210068476
-0.078559040039539854
0.31819869068216572
-0.27843732784549696
0.20437381227476925
-0.11838825195812558
0.033332408200155102
0.25119015326670663
0.25804356028095204
0.44869026084274577
0.46365913458009933
-0.26759203981799745
-0.16657036315216928
-0.052966232601707103
0.16180552937214468
0.13763963494582998
0.1890792185482941
0.018158843223339511
0.15083340143659588
-0.18045585222196323
0.30034783391171571
-0.30899839148648972
0.011434413993142913
0.20525169022179821
0.37847874020651739
-0.38412709053357702
0.13718731344504639
-0.17289636485171109
-0.11519899212403206
-0.74432401450823982
0.34956371974483141
-0.29470842326602176
0.16022278843133053
0.37870141147514463
0.18557124062772407
-0.034882854132316961
0.17878834188154424
0.12369356077584485
0.22099294934776129
0.12455229298054009
0.9719546137176881
0.23633020223401852
-0.16786242704015439
0.16624761143306283
0.28635097645870999
-0.69836618414440066
0.17135396078565573
0.15037500584977698
-0.39486459546725738
0.0016390288721530384
-0.12738073604820038
-0.13434552508866596
0.032239326164059647
-0.091877287502305074
-0.24355226608106764
0.045723590926494279
0.20457528533222424
0.14872485882639772
-0.60926410310545343
0.32354890516975138
0.015604777038548318
0.13773434639351312
-0.080696363478017327
0.0353992611769057
-0.27347758813490108
0.3464380231452413
-0.017953463699954351
-0.23412005305259187
-0.09564948750019471
0.00086469611944402507
0.19187709524365493
-0.2493795692997465
-0.069477245060532503
0.42074094850691823
-0.086144040182927623
-0.36529610210985597
-0.13891138489451516
0.28477576882077338
0.31787996284237008
0.078885009593507305
-0.035226756541553994
-0.14100638954201511
0.17626752791839403
-0.30369036115097958
0.33679660919399246
-0.34771840912655683
-0.28878154945073875
-0.025783227937946927
0.11009478230481061
-0.61850507888492312
-0.157385429235986
0.10157150040561137
-0.24926250743598075
0.026312660391491511
-0.075695719706261363
0.19449926899542011
0.15601223102622028
0.22092241329420084
-0.2600031597552569
-0.1608736080855695
0.22810510873144316
0.26315707792626886
0.16185311416788228
0.006460544477447914
0.24552148059377327
0.042131093982865693
0.40390249962503383
-0.22748376246230748
-0.12564323272612171
-0.29792049041795982
-0.1125875413886407
-0.052116285617614493
0.037946083062275385
0.41604702593905907
0.10194009957040924
0.10103786150054864
-0.23134726724834506
-0.005026496055124831
-0.32058190832219602
-0.22794455770581451
0.0055317040273946284
0.2852789421174628
-0.085086908765205568
0.25277081399352125
-0.064991507117439187
-0.12518981749089822
0.030846157183877562
-0.86513395270325255
-0.17861821355163096
-0.085464763304913399
0.47192761303632474
0.28258335843196586
0.59420570889662261
0.21074508047292426
0.56573584301784718
0.18983500181112503
0.17172830623815369
-0.35409713738323673
-0.11780684287722151
-0.010704150486993025
0.44655939322089205
-0.56686392068697677
0.71946987550005215
0.46648168011053626
-0.29329868040815299
-0.1185824018817238
-0.19425707131518039
-0.16814684900306107
0.10197896539610825
0.056151900951225131
-0.4248907852659507
-0.2061989476083014
0.13183995207556312
-0.28413501041241213
-0.1500239631331205
0.34207490028769227
0.33446992360668737
0.15979924116627861
0.055271375572315366
0.35391722203070891
0.19915175889970763
-0.093324531398333799
0.32523007497741568
-0.029592308371727032
-0.20005105976925752
0.31158001009309499
-0.090308082026384004
0.21021920573865641
-0.24580972905840465
0.077186058191212895
0.02824411807656417
0.011539813618225182
0.26799276539019223
-0.0018083053905524769
0.26298943241076589
-0.07171024330387514
0.013579143317383052
0.43568687485678276
0.10870631958703808
0.076560924921109275
0.1112034455067675
0.10957879198401832
0.80396108704296843
-0.07867398110735746
-0.34329182802694325
0.26419572128063445
0.18732546965826283
-0.014224504781708905
0.17888575320712502
-0.40736106183366683
0.11936439562317391
-0.045434926625784147
-0.006776726369816701
-0.010060508949951428
-0.21673638053661395
-0.72853499434778923
0.11960894772972347
-0.6480492923446538
-0.20721499327403636
0.32742175062520035
0.1215406678712329
0.2145980749594511
-0.070312193068719026
-0.46588294936581831
-0.065406677094771298
0.17938386221625027
-0.07246108986904512
0.099500265951567371
-0.040145504801495258
-0.17830773311936948
0.25772067064238724
0.12883562250450728
-0.2174538762162492
-0.74960796892854198
0.45029929774206479
0.45145960615966002
-0.2075118285487422
-0.0046384437908579771
-0.37195841863830381
