-0.33041486762074762
0.11469398557483529
0.12409667457397569
0.31467598452089413
-0.032356951976969944
0.0078260563273578349
-0.57840758858847674
0.38093956442688975
-0.095995676724080908
-0.12109187968327423
0.072032830759417771
-0.19727815479203661
-0.41806230248602128
0.061644017552681549
0.41130402455400666
0.15048173004008586
-0.28426862663161534
0.065289078268359987
0.25041559886988562
-0.030105528712118138
-0.044208458927289626
-0.064834682412012679
0.27201636985223554
-0.039386834792279772
-0.20353407691963021
0.33592217198469032
-0.12439563649601132
0.069184741287157403
0.050246079568515969
0.017788565092952947
0.44601601490263298
0.233864633515797
-0.10047405931499175
0.036484880815326165
-0.32247776110341447
-0.59026738247832711
0.46430174163318644
-0.16749993431187921
-0.073056345536069073
0.09657644882673215
-0.20770956394292545
-0.22610746482234206
0.0096753070970751632
-0.03091773510465845
-0.21886116030352631
-0.082840446280429664
0.038818303270034958
0.58250241494418975
0.016642479539850982
-0.017707870241737027
0.3422758113035006
-0.064760045018852325
0.26979196109089554
-0.79185881124746771
-0.051781764134974519
0.037353261484275445
0.0032730280505921128
0.11962453873072131
-0.18405931320593277
0.028115546164482513
-0.33271420985449618
-0.30020844740602698
0.40836130775062107
0.32214362431534904
-0.28234284314431091
-0.17246099236864029
0.10528874823879872
0.052676705725173967
0.16240769817245063
-0.11568671418963379
-0.1963698868634248
0.29038222697527349
-0.009947948456046388
0.24036479858024951
-0.041079827869126145
-0.39631748720973131
-0.54244192776140432
0.24844830639819643
-0.02577080531919386
-0.076503797399552334
-0.16639338132933224
0.32715186712044469
-0.34268674846081165
-0.36414615995372362
0.29237899474733514
0.23798790693749103
-0.27455949395688445
-0.59267262718896396
-0.17980078703381849
-0.18345738832011291
0.19127238697036825
-0.11906413914569844
-0.14889984094721265
-0.18420038349903761
0.25600698230524627
0.075751468999611882
0.14938534040807327
-0.12976989549989731
-0.17209708427112924
-0.24216260436513096
-0.68968713808827486
0.38821689714785473
-0.26354773529116127
0.09532765305730892
0.58846705584567216
0.40860261952808929
-0.18376553908809309
0.38217107783440823
0.25597160848147615
0.19343426703068767
-0.26218560165457683
-0.091403621261933396
0.1344336542785724
0.0024380461832853237
0.31722847355934175
-0.027716857610343756
0.20463769274642074
-0.20842506536560604
-0.13046371520198807
0.22852702174552353
-0.25834093479184483
-0.018474625583153641
-0.43732150738277814
-0.23432828245303469
-0.071165630682993489
0.50894372797777776
0.0037427467595959807
0.062775368472567969
-0.1217106917296782
0.0054325791160234234
-0.2452199447638882
-0.075368662611211834
0.2874139712531788
0.34191887101440899
0.30069795614142392
-0.17401723035802877
-0.20793959279361882
-0.24417680763520641
0.047349054190656194
0.11976166571686722
0.28064707170247633
-0.012158050835391019
-0.14050410722774201
0.31344715055664707
-0.34516289281015244
0.034981430357203094
0.055213504771133425
0.23183936486919618
-0.32752791650851509
-0.27165912933639985
-0.13307960247411638
0.034869060325091343
-0.21942274034963161
-0.086464368815204681
0.47680221697063468
0.032626360920224834
-0.26292824181632185
0.36190543039512851
-0.089484714566464563
0.11046964500582261
0.29268087580980084
0.46721483836840955
0.13802652373126753
0.028085338098223573
-0.27030113318026489
-0.16785389373256615
0.47422082376980862
0.20148341100447659
-0.11574234674758954
0.12480596090218719
-0.32026228589533773
-0.66613712661713553
-0.21463650805792076
0.31764307206090547
0.25727235928518161
0.21726488194317814
0.019067965141961848
0.19866331362133224
-0.17665148119418569
-0.17012630796058226
-0.03975042885278262
-0.023838587714999745
0.10331380656299968
-0.074751029276116751
-0.26540545860274722
0.0032198886383080555
0.22110862395370803
-0.049466331793811172
0.13855822187802008
0.089252394319043721
-0.24075004581188919
-0.29699236583582911
-0.11228332594355547
-0.19516881724085119
-0.39123581664257151
0.16125146912572252
0.13201935959307989
-0.15683919731650386
0.35690942771511747
0.96197955293753112
0.044178836965382356
-0.24000135430248892
-0.064235318480658957
-0.4596173176351846
-0.013230326520705563
0.45135838271583345
-0.30214046408042577
0.48623731603787812
0.2084406725134362
0.18399489590954604
0.18805836264249109
0.65443275638193177
0.28230459955877996
-0.10855927306038202
0.72332359534393464
0.025174425284316199
0.12813462936827355
0.141440578653173
-0.091956376825780395
-0.051727138583375361
-0.18013713952250932
0.21754939334326684
0.11378671821381708
0.54960830817712625
-0.15618569520861006
-0.58216025189399645
-0.46731626197317239
-0.1153991688422676
-0.06618358555157608
0.0080375197049944065
0.18974200716326342
0.02229337019580608
0.036454980938422789
0.24832328640370163
-0.42737385872275147
0.47137634396193245
0.31776783412293391
0.12052010810517567
-0.18796647579872569
-0.090307747329221685
0.01587996193835739
0.17957434211848947
-0.16544526414668667
-0.086396907986199659
-0.096462875235259538
-0.55554091057059285
0.22186013924203291
0.082299248741962441
-0.11431183671967735
0.14038798642022376
-0.11197173833576134
0.086729192408319958
-0.31514633229023559
0.15663940999221954
-0.2448890392613616
0.17133011732924333
0.28655832277417936
0.11826926039111824
0.13829990872207806
-0.12314686462813604
0.37690631493146515
-0.35024467738390952
-0.29254897163333937
-0.13075147387245045
-0.29368155628398296
0.30037013637630883
0.52602342732836238
0.1772062641513987
-0.065855072313718885
-0.0072851759729298839
-0.098225294315812853
0.084269268019984245
-0.39604773625380424
-0.38815852127669193
0.070773169183003845
0.61152682770213462
0.051999860832577384
-0.19004148033674584
-0.59001076216183712
0.22093424827964009
0.29348003799646494
-0.18340743893533806
0.50307788368105721
-0.057780588240729257
-0.17806608842273869
0.25551912491386514
-0.27629698148846898
0.45617304800481401
0.15950823531525829
-0.11493422416255671
-0.32210850573169725
-0.16673498593519215
-0.42335781168571196
0.33567053313161349
-0.095229717732400201
-0.29782573667969986
0.14028143020003361
-0.49616074041893105
-0.073628660731811429
0.66042634386680299
0.18811963613388363
0.054605194394323792
-0.01519245303468748
0.14401501138855857
0.28370235998509064
-0.076445954425138934
0.036384588489012902
-0.49753603684377112
0.13051456767608427
-0.19588098005245663
0.26154237927029733
0.076477255339558889
-0.027501161902011743
-0.39587034654871156
-0.00081337816011066866
0.39892825235820562
-0.36458913105279389
-0.21347185439319097
0.21818294240695685
0.059810981949743554
0.31380445223372155
0.25709243498754547
-0.13976968231291659
0.025969698000055573
-0.00011937343695396247
0.085718574580902721
-0.33390598440198682
-0.32324896427359795
0.33580252617381917
0.19291825304709109
-0.03620717134803067
0.23499355542780107
-0.26699206260659392
0.35092652571725119
0.31372630980611532
-0.58429542640065502
0.52956398030900265
-0.039158471691738597
0.36766049079042368
0.39050255960903119
-0.0073665231879318114
-0.18171885060764081
0.1186232886599683
-0.25316006189066426
0.1709469034777639
0.22782967543355909
-0.56057600266261864
0.00062937032687087409
-0.30076761011865832
-0.28263722321703688
-0.21250729376289235
