-0.20295927337262307
0.21001963231629509
-0.27174400372520829
0.049435960696336961
-0.16665540957970268
-0.098247606825148451
0.14395010310444054
-0.10534013115528643
0.18351021900679662
-0.47926864728787
0.060177572890803638
0.23027390461570957
-0.28102975223963383
0.50412913693888994
-0.063612340724617689
0.26477755717288692
0.5031782108911228
0.49956272891026898
-0.098176235008005666
0.057473321607629628
-0.12564461569910237
-0.17520490523364168
-0.030598301735804842
-0.12764073314133118
-0.067302771693026384
0.060715520351272735
-0.33525806670141689
0.043857548502148
-0.18802673164628436
0.034651913501276797
0.1368989004926191
-0.45987377206266222
-0.17385566290692023
-0.56717976677563553
0.13609512421588621
-0.4791824267454845
0.70323215153638818
-0.077274671860693506
-0.30341736139544806
-0.045943990342180198
-0.010627889839517375
0.1497142622503386
-0.17952565656643202
-0.20559977581356786
-0.36947610277064369
-0.17493192962254164
-0.23666242265688098
-0.26997515634651276
0.12400053072248814
0.34174284414094958
0.064806694386429442
0.44307195724281484
-0.1626623554383157
0.18921503315647309
0.34883395554868746
-0.062509194483921421
0.30941194602579264
0.0038532134081058407
0.22505170495639329
-0.11447407574079274
-0.088008554601540306
0.069853918862470346
0.014865380320038769
0.14019889553858519
-0.018172932037619612
0.11647916011363288
0.042960170839443
0.13286814468821753
0.055495563143727666
-0.14435902645550136
0.10676555646307533
-0.043154688866468296
-0.2430319783112328
0.53374356965095437
0.30658503811592319
0.15862164889720465
0.18219915071296605
-0.33488720714175074
-0.23372084915973018
-0.012270969313869583
0.25559509464272717
-0.095592775423799181
-0.10066013127847856
0.30707590286065278
-0.2192549200013639
-0.19351667793708471
-0.062851278447551839
-0.31013315728379104
0.4052749580530069
-0.47489043873867975
-0.13418815481892804
0.22918060151314329
0.057386059883660259
-0.051365631356644917
0.067042358536718111
0.1579772615518579
0.026657637184239209
0.13089954160577399
0.15277465351646258
0.52105266683640683
0.025981018222141553
0.20991125434096025
0.34788869451702342
0.08827806747730943
-0.47676215354078227
-0.29887128666390989
0.098286651240551595
0.066725219607735087
-0.11801068967309734
0.026149252737980806
-0.088000981654283619
0.66111291200997147
-0.415546957010342
-0.46848728755606484
0.14834548542198631
0.45021104726946815
-0.44800246370247759
0.25391189236810924
0.24797634314029113
-0.38957362859618871
-0.0068905844734854053
-0.51720709212356841
-0.015579236489311209
-0.43870756776529374
0.21998619096621944
0.19999693831421048
0.49958527558567767
-0.015463764601638617
-0.051816038020371678
-0.20849186915607473
0.0020460061971948797
-0.064235345524822629
0.042892039343690534
-0.068688510041965078
0.056673159425425605
-0.27448829115336454
0.12499671136789642
-0.35233547777961566
0.33140094893072863
0.07678346548602405
-0.14164918648120073
0.12963335755872146
0.21098651477274288
0.02560659546310114
0.03873027086137823
-0.042772569971307753
-0.21439821553925972
-0.41667641565363128
-0.15149830579504925
0.37695144977016593
-0.51777726698504922
0.0081667365197590665
0.024378852375891213
-0.16566936837725457
0.051556332260390525
-0.39002470652438759
-0.0064454975210249841
0.084739258026793315
-0.092072532517208455
0.1516742764960462
-0.10624845474123562
-0.089462523130960134
-0.24379128238955936
0.33612825794481288
-0.17539781433139826
0.077948696418454519
-0.12687123861920704
0.40367364605374617
-0.16484342514353589
0.21645873534298793
-0.44095457947510452
0.29119104315647365
0.31283935225000548
-0.12923497279149906
-0.051383097257289762
0.23013132995270072
-0.22041095927059498
-0.23332941930630319
-0.20254771505273297
0.24205246368363398
-0.011207407795611022
0.3970900825664736
0.09876754050503711
0.34086364042692496
-0.51065484063326516
-0.21494342536081812
0.078143451592341914
-0.28213388593275657
-0.52301077086366732
0.26159197233653303
-0.42195619161895764
0.087699574578586834
-0.061527533902314704
0.25690156767734956
0.16289158645726229
-0.21601390351726019
-0.46982737211037512
-0.15523800282426503
0.18195206833226335
-0.51581288234913059
0.32924531981759275
0.020676837120135811
-0.047808276107834134
0.099215969078750008
-0.17137911807280651
-0.53398990754502651
0.056125963892395422
0.23670161671295151
0.55410609514486975
-0.33056279127481858
-0.21663168240741412
0.011610356397581437
-0.068232531649646808
0.1367995069033936
0.19363691643028985
0.43104304338333238
0.18331279270292139
-0.38473230939652936
0.18065909648828007
-0.34708401828015589
0.30222541475630699
0.51864784527581187
0.045511400761039621
-0.17305442845082208
0.19140445952630056
0.28466917620864224
-0.19069083656760408
-0.077503801374491685
-0.11059081400758433
-0.43146454628024838
0.27024727316985536
-0.1142703004380549
-0.14314740420368965
-0.61221368712152169
-0.019475988240832645
0.17620797239208441
-0.42211503184864513
0.39892009981862991
-0.41196143214655573
-0.42647181683106322
0.29833888161323424
0.0031165097200646025
-0.02793109914219458
-0.17937320887741928
0.0042326467930572766
0.44248091714465809
0.081360797406973134
-0.10073709747032039
0.027501344794645218
0.045559385183057036
-0.0012557587462614273
-0.19436758581298938
0.033175009601734876
0.096030560353807123
-0.034327200631737491
-0.24755766028592946
-0.39037224212019817
-0.36105831957830581
-0.17222887808582227
0.0066713738530151502
0.1532613510995447
0.22516622109486562
0.20545738195307167
-0.51809463107601028
-0.099106681166696353
0.11526365124165881
0.038994014134083717
-0.22632822591652005
-0.24189820806854384
-0.052282007290621733
0.55222219519259863
-0.098677610830751564
-0.47985727780132886
0.58655371570552972
-0.051975655714116595
-0.0075699435324306161
-0.2942352794460007
-0.24777356405052842
-0.021566534009467279
-0.11944265857642346
0.56612466585025523
-0.56824868836342679
-0.070493311150686841
0.17448500011590254
-0.47149001662341106
0.38908322215264879
0.31272172923404168
-0.10879335674401484
-0.19723891829554205
0.053311129925276528
0.36129877135437377
-0.11130070532354208
0.22099520849933516
0.25411645420000512
0.26262147771421224
-0.12979972703438489
0.13640219908110401
-0.14858054759911785
0.079793385515655499
-0.22585902269585745
-0.56898223200539988
-0.015874770610355755
-3.4960254895706441e-05
-0.096876321419437333
-0.21903363903641701
0.065815046367759186
0.2778605023072977
0.089895578496500775
-0.091404095179085237
0.13746389825075253
0.48685933539837256
0.080272442300626648
-0.04254965421897574
-0.09535781386271687
0.4697223292161386
-0.50580801677073839
-0.22485955702581925
-0.079407037124052393
0.052300400274836359
0.44643311459423513
-0.11339713960978098
-0.27126535166725491
0.25718871005457034
0.061282741775493171
-0.25084348191818528
0.31968180763217835
0.22080143310470343
0.00057857391621738427
0.36967094764294445
-0.021355563927358073
0.1552480337270557
-0.053259952204318992
0.087935840597819226
0.0030676183970661576
-0.12129313588233932
-0.080310211745939677
-0.44271401908616653
0.12933521847613999
0.086242724576638868
0.058190674526395689
-0.082861176895186336
-0.042768317912723799
-0.018093994616751506
-0.27114579223893731
0.45810315465339241
-0.2307463805520317
0.27466453570518273
-0.040037986810281125
0.029512896787156396
0.081637112234062365
-0.037964819309304183
-0.27974676125931269
0.21246860801696305
0.23948884019374733
0.15741900152749327
-0.12020258477043577
0.39816823668697171
-0.065834432393517439
-0.1377415699021694
0.39902416418657749
0.0084599446317681262
0.21399563540042646
0.26837633830073515
-0.092746380889901253
-0.11036560856280567
0.38639434657020594
0.20260359002705086
-0.032996040282397776
0.4339132492431515
-0.29199797537565642
0.3883870205415203
-0.097563339269592944
-0.049810545102467102
-0.13682095929697846
-0.2033465103386134
0.43466320872530706
-0.17132470635144947
0.27628264075249209
-0.15197360689039641
0.2875571988998451
-0.11650431782522856
-0.088490241612808704
0.14056265025267206
-0.33979853811396643
-0.19336966128370559
-0.11628350948093022
0.49979175412787796
0.22393520560058341
0.24344869970197544
-0.16178982132841221
0.33584313232732704
0.13426557900406161
0.21918169255320136
0.10680618284335169
0.58295912654162518
0.14007257013757751
-0.45951241121774516
0.10076832356647242
0.19260622919175591
0.067898926060096912
0.029578375502151203
0.033399075071486886
0.41025763313108282
-0.061317349935598418
0.22103647159742129
-0.17428150844810264
-0.028576183806894289
0.23887287584223213
0.16465785481985526
0.15002783857470003
-0.41424689658415575
-0.4243212974591889
-0.034603503081780541
-0.25812990037694344
0.096593676610787757
-0.150903998069991
0.086531901584811388
0.11525240250418559
-0.20060850177721784
0.38529750768456367
0.039720507202999106
-0.18708061539058421
-0.0016052338107600938
-0.47482485699978372
-0.20048564116265516
-0.19889291578889851
0.32636297681054338
0.092151973799811049
-0.27179770844981338
-0.0095038329265999238
-0.64830658613555936
0.18767095985800281
-0.13565768972361533
-0.29255692423397717
0.38509518335798815
