0.27180676189720926
-0.20191390886949792
0.1517091259253221
-0.2891526867420155
-0.03235608054193858
-0.12664814874488867
0.32395879393206195
0.11230983646843228
0.25555267457349717
-0.31189161072731914
0.31570872172939773
0.064525261574423509
-0.19746947814257249
0.39994389811164249
0.31023914937213287
0.13431741824647944
-0.17926101302141587
-0.37547180317453299
-0.011025557149781045
-0.22196277922180199
0.20819638713472441
-0.20043447295938532
0.092973861092667365
0.35540993269291637
0.0236889565506559
0.23986862153408955
0.1686915277242779
-0.34770760041294696
-0.027761813507617156
0.30828455353010992
-0.21483470076491376
0.44600373976678276
0.074815070092174113
0.11148048800553478
0.04674639817609446
0.19716693377662839
-0.016065535119126451
-0.052093149486144366
0.29799908557176347
0.37086707128118951
0.21738570126768286
-0.0032002806675972277
-0.30795047352294846
0.18394090749867534
0.22594707412753909
-0.13052379286412352
0.13286274714275523
-0.12907869332242558
0.26560273758663999
0.056556995244118946
-0.54699297541909886
0.38819114930666609
0.53852742377710483
0.69263939302019717
-0.091484361502365996
-0.23321858037151885
0.47228578184018238
-0.2985693770392992
0.051594976696748077
-0.014115667156845419
0.27889585739846584
0.52021705449934819
-0.37020756799748566
0.0057125297324790106
-0.13437576492614703
0.2263883948316455
-0.12200367335004883
-0.52118141707333465
-0.1431421546412496
-0.024939876980682802
0.16363019656781955
0.088586479305602775
0.030152172570404926
0.19456668296000915
0.46505290031654906
0.17105098459472329
0.11932718078913847
-0.30425349568513782
-0.031342002366478779
-0.16571580459715984
-0.45450760227184139
-0.064127345713079445
0.073458404717672732
0.40516231238594397
-0.091453869711011465
0.38073963122674054
-0.16616604381226574
0.18170937745700999
0.23453137896191603
0.08918226005432843
-0.49125673130283787
-0.066698181042103399
-0.28866279422530094
-0.24489477403110518
0.49235346994043983
-0.037265234147337477
-0.074291811115787046
0.55173967888485487
-0.16624797518125944
-0.69191317972258837
0.091716639566548505
-0.26701320976476262
-0.092043166873989141
-0.21262153264121136
0.22781891997317213
-0.071165830422608156
0.076315862065603035
-0.32578024336936856
0.084411226405863363
-0.30520588069258192
0.082033169082680213
-0.32176562145056009
0.041579680233457199
0.28816715329053877
0.031103721095210229
0.18808189412809737
0.47744244707195721
-0.05188754517855261
-0.13572378130046747
0.23415339041895791
0.20985302980895471
-0.047312007590121809
-0.33772971933355916
0.15672446240397325
-0.16405254573550096
-0.35867249979499571
-0.04760584557522312
0.32550717855362843
0.09088390625154108
-0.0035184627872869244
-0.15539146024093903
0.35811002672106701
-0.1710998372451025
-0.098809161799907216
0.13632154632212473
0.11590841235539863
-0.2397280510137994
-0.18954748253448384
0.029359957452388893
-0.13599961514389342
-0.13515206913537714
0.21272651161605757
-0.19912500141891748
-0.2051337449853643
-0.1383350478990818
0.076196181394476967
-0.2039459818678592
-0.28878729200948583
0.024798828767977399
-0.25254258295232251
0.14005398816676889
0.17331736955045815
-0.18180060182791963
0.2547693374111108
0.15431378348314595
0.29841808209039639
0.25305166757294961
-0.2299363602066406
-0.2251291831998605
0.067110309788286734
-0.036991969769901802
0.1320718922366905
0.069142218011705794
-0.28145230671133964
0.46963708785605579
-0.39283578939334829
-0.15096644692721639
-0.04480397064452598
0.066285318210884306
-0.26376846741896104
-0.007707198425172093
-0.30871428404496587
0.34119113369264215
0.28188902816443118
-0.021530633848397682
0.14837874103199694
0.10337078532623696
-0.044399620616882081
0.16392006016362062
0.11337065794175438
0.14454908891642057
0.14664578190574232
-0.12897561111200245
0.13226725251760621
-0.022917219623468557
0.079114394139196006
-0.1021072897656439
-0.0029120633968818367
0.37862350769526742
0.15992291011750734
-0.30431058756928492
-0.46220325819176966
-0.11018356830607823
0.38146054973308008
-0.14879134405893904
0.39179336162877254
-0.081768278249073748
-0.30682342131084334
-0.052137891182153853
0.021391541799231893
0.014488682780934658
-0.095932809995790222
-0.19395140414242565
-0.034796307077223157
-0.08663283296837343
0.18842293538717975
-0.17607687686615975
-0.1737132250962167
-0.2232332549243555
0.012839230334944862
-0.10552215280470918
-0.1684273979133678
0.043900545992417613
-0.03678950660349431
-0.37067359897875174
0.33910766102904566
-0.33540340562028687
-0.16396681087176837
0.21848485263354317
0.015215955553641946
-0.091552994788424796
-0.14362982749213063
0.12778672787899403
-0.0062743972025894757
0.032922288318932943
0.016177448976244596
-0.2774837760721941
0.15869953911763157
0.028666456491520758
-0.14652556662016442
-0.21312239173722963
0.029704688084861385
-0.43208676770037274
-0.087742429933842264
-0.35960228652447934
-0.57302906428383282
-0.13947010982004529
-0.46241764573908833
0.0074657697158504949
-0.12307031123724975
-0.010481860767333777
-0.19891852786529796
-0.26988294904886312
0.03904348292169732
0.17224600251073235
-0.13749104752003025
0.40802671291214082
-0.28152524546009144
0.18070624806778263
0.4743617249599158
-0.063148373644498643
0.14324049679145015
0.040615463126645414
-0.52037728765995483
-0.23292789249738649
-0.20612088042433971
-0.54454716212088616
0.3340623886321169
0.26095421884842407
0.36610743689416697
-0.071518367316756593
0.48875619563900868
-0.50149123711072685
-0.53498867159706975
-0.23634965817616435
0.17644050218603469
-0.14458985419930029
-0.13816853379132682
-0.43525946551461403
-0.046927191616593748
-0.12599568369668712
0.18583937129405947
-0.1050465784408145
0.026926680109010899
-0.37304608451668519
0.45714335121626609
-0.017377207484444893
0.23374974291602527
0.30841773525520361
0.41548316644256467
0.13312492347458321
0.056487001312168973
-0.023515354432445266
0.2609680823442373
-0.27547857577006518
-0.19377246993047381
-0.23824189029189952
-0.43096599510886963
-0.039150276505769639
0.047466073214354039
-0.36859714490050699
-0.26134614137773321
-0.7972111606260962
0.25651488940155132
-0.30996879892684198
0.36203653735228092
-0.042185684310902763
0.016662749634604207
0.26181656296123479
-0.12462114514715263
0.13151708661648562
0.19044075857295725
0.050452139711557077
-0.12127003747298803
-0.16095314396761504
-0.04818550944001742
-0.029773060328688983
-0.15444511630415886
0.65097137564529184
0.20789472385619689
-0.37832098626486732
-0.34093003783646914
-0.13765911949723786
0.6558598164611158
0.03925151365644567
-0.0062452787405954703
-0.29377558933141595
0.14524761988150978
0.26339990040551781
-0.60115918812076841
-0.4494461437993193
-0.26401782002936075
-0.29995975687567988
-0.23205937476345964
0.50648620903221664
-0.19463473410311993
-0.48401354646608691
-0.082734071983062055
0.06403670443931507
0.16012153368994528
-0.077893092922894314
0.26773289995749161
0.0041473416955363027
-0.017095159740419964
-0.31666128727118265
0.030230787828532193
-0.080853550717734465
-0.25549320821705984
-0.39286932644287409
0.20775026469037661
-0.53488056692890606
0.33110452551448377
0.030320789199894397
-0.28639885917076263
-0.022704671943357565
0.40929090739295942
0.058990871226183537
-0.056657197419776165
0.11852434095727987
-0.26163698593649376
-0.41665852399105391
0.030055713074235532
0.0011403406911057465
-0.18841699870974904
-0.055310687538853154
-0.194941390565705
-0.16923990083630078
0.33194144036751355
-0.31504678118821694
-0.6524300803340457
0.97486877262724603
-0.25654576730324807
0.11994407237243232
-0.6012960856432179
-0.14367277646839852
0.13715961793333761
-0.17281858647773046
0.86847932604264322
-0.31899040629830144
-0.14086813938368078
-0.20550289599338786
0.050363325390363443
0.64738899578964515
0.17183394876988697
0.12856631769932586
0.12659595325332504
-0.42810404281211989
0.047319122888861136
