-0.18439787601353291
-0.42487649984279224
0.27275349727853609
0.38697069891186919
-0.21120692585274553
0.31136627758210539
0.24488457899824084
0.071186866953481032
-0.78647626500165391
-0.16972293778334965
-0.45888497932335232
0.012431109236217493
0.03080399392662847
0.26007619258550424
0.23226954810262987
0.1323777540602788
-0.52533518310812188
0.63998140493407807
0.18259964211165577
-0.52347585125361984
0.076197338807434789
-0.37397425443877169
0.52395623185496132
0.10620640239611835
0.74771026383627603
0.023928196678406347
-0.11859108273704783
0.27193558105580329
0.22459473936316124
0.041558208338862236
0.05490432106689995
-0.33985016005936314
0.00916738729775886
-0.078153234518233583
0.61465357566796541
0.37674107205950919
-0.27701320842743959
-0.12873109754755357
0.17451538136450812
0.13028244319920154
-0.0087578557485033359
0.069359161299646532
0.57908765073233115
0.32343736823949654
-0.038452106374348489
0.49391764444971692
-0.2494863989072382
0.060856500368812377
-0.055453428098987116
-0.0052425689068626071
0.28485186655907713
0.25523036058327792
-0.49328812174059766
-0.32745154132493309
-0.10276413159855047
-0.10834771284248686
0.24602037229464949
0.08928670196628391
-0.038370554161726626
1.2599262675221232
0.42155163443700977
-0.87607612144791702
0.15564942298575637
-0.10820007431484976
-0.066377507433355368
0.42567802465589266
0.20030208696745319
0.54785215229912254
-0.4148051578112536
-0.68734649408695436
0.57855819447610768
-0.74861631460935807
-0.33069967730972788
0.24608945374343963
-0.2175289990584417
0.27633217823516071
0.054938635307867051
1.0062411126496156
-0.30545470523217289
0.51642656652309182
0.38772252674431823
0.13345969705327498
0.18616372154211769
0.031385481843949549
0.39117571071348989
-0.51034884552330118
-0.11455515624884875
-0.066261020895891476
0.17365244289985224
0.046791790807678563
0.35835376350530973
