0.057706883479582562
0.071528489029583378
-0.12957682699688217
0.38615180667021687
-0.02208349868915082
0.053866050782227837
-0.022416227834715953
-0.37365828502900778
0.14422263521171372
0.036310066268489725
0.35500985644749589
0.30109596492164165
0.0095529046112826192
-0.26139435942824357
-0.32211283126214824
-0.012625996890800269
-0.33658998732812934
0.33040450408949279
-0.22614714364305444
0.60954139100869587
0.20350462326480548
-0.34586171285135059
-0.20537959265296143
-0.030770034983771465
0.045099015294361444
0.027041905526032889
0.61852187405766423
-0.1658705080070679
0.30370094491595057
0.19228464169287635
-0.17547395777108118
0.064748340030116439
-0.4133941876751005
-0.11510507312881514
0.036627802829429672
0.33326612306635311
0.41428493255037507
0.021154993342234907
-0.56673538147370373
0.21734263271739826
-0.10241712931541078
0.014644495481220588
-0.25621374859655394
0.12485758436314214
-0.053125419844435119
-0.0062818870396009552
-0.27106857471408086
-0.16931484245213518
-0.24702643591986848
0.1788324138868036
0.10297140120354321
0.23737412031366745
-0.13387384870893071
-0.28560991660540969
-0.30561826177927481
0.28291091020113485
0.19881543163738286
-0.21472746015174277
0.10083962646740043
-0.0095422389798586315
0.24818079064876533
-0.26468063645063522
-0.17848634214388462
0.38965688134768822
-0.057857920256331449
0.038511174917839966
0.0082905246962416846
0.033915285242268396
0.14323722025154151
-0.25615748712925346
0.081790741557916685
-0.12816819017402836
0.14760520386088635
0.51202275798549168
-0.65501697518577884
-0.15167905934873807
0.13237537505537711
-0.55895977764828997
-0.29157329136706106
-0.23342316169851104
0.20496559938205999
0.25239448788275021
-0.01659405949246405
-0.12554628348594835
0.030956549069027211
0.037239992787201186
-0.084581981056752256
0.059166532818940479
-0.32574214257001738
0.50717759910474791
0.055487025347787718
0.18420445942545252
0.024462196089376449
0.59516516229704197
-0.121501345782005
-0.15850421924030009
0.0042248990316305088
0.099804014004990851
0.11843370921982015
0.28533939376915413
0.26087078349627268
-0.040878566920895136
-0.26743708662229931
-0.61539752479859111
-0.053368285003293318
0.006640988068439436
-0.14467467407424631
-0.14797252062399605
-0.52412573323687583
-0.32323934986639175
0.019254965537133018
0.48988088419304748
-0.28612168431922907
0.016237107063447928
0.18799416331291022
-0.018476496991992383
-0.32530057851495331
0.16505921629803991
0.43828627277731647
-0.20692265497700293
-0.0033459767351382637
-0.51527655954579277
-0.56810999934167916
0.51625315000068606
-0.31271611421777551
0.40350750507736449
-0.1609103564059374
0.082883005792197359
-0.41666922471338025
-0.028626093520069219
-0.16763894460947418
-0.1550379581377036
-0.12879926967147087
0.0022029360788751321
0.039123675195338117
-0.058141188397596924
-0.32287056603068348
-0.031777585707796277
0.15935853739954467
0.04613108581910521
0.17224985394092646
-0.0032000035888244821
0.31675297763866977
-0.0084531131788683714
-0.21862274452243766
-0.024755915035409165
0.11303612520552336
0.23471805655173333
0.13512332297415736
0.16026002386516722
0.25705347019125424
0.28681828138373361
0.06694482099248146
-0.017353111731561576
-0.041320583581262803
0.31916860535881769
0.14528189802968453
0.11471566018607122
-0.12751866943732576
0.33894135406086012
-0.021628619341257739
0.50365903557605129
0.19020922763322298
0.38714122004113649
0.19882195484279916
0.25214272703031559
-0.22353890775138324
-0.085639829443362278
-0.086049939601345687
0.36506591290985735
0.37145945481762283
0.061612614965697907
0.2609528297142259
-0.020727668773832562
0.13881099840304295
-0.74903854585096574
-0.19437792561788064
-0.017522372426632835
0.14390907185867216
0.064269552550043366
0.31692275211315407
0.0092118951956588115
-0.14710104408986696
-0.032960623212722723
0.22092395897368017
0.13298798909453519
-0.049711327282008631
0.066468530684638372
-0.093724108439338136
-0.59821720792502453
0.15925710136338037
-0.094807048361010712
-0.11116744773605367
-0.49012022787242493
0.20370556106329327
0.38425184714614269
-0.14241931832546303
-0.050916465932415368
0.2544496647258061
0.063593543438335579
-0.081119222329620974
0.31477980632052954
0.23523322818688808
-0.50592994389953438
0.24613658667396809
-0.48316430955462975
-0.32720390422454482
0.1691473902998368
0.21183101831198414
0.078137920858663612
-0.33291406146509162
0.025468391416276014
0.20717493207213564
-0.056741346581303143
-0.033072106247273199
-0.32073737415715869
0.20647370880155425
0.18823837010819358
0.0017475645968330945
-0.62662243219728975
-0.12167538490830815
-0.18589741310723606
9.3717121866156148e-05
-0.0088406628180501424
0.22314477137588187
0.072274616712903333
-0.23572692368345238
0.034000656454905506
0.34960567968127726
0.048030884336815599
0.0082193100393985856
-0.15952392578397626
-0.043434917372399288
-0.51702414725375234
0.25253755154018293
-0.19188597245957104
-0.24552072844326855
-0.081241099072540429
-0.27722611418734305
0.23187110467029398
0.059382843267311483
0.17778166249147156
0.23278979398379515
0.20375068321013068
-0.028392964053672635
-0.050553922451531078
0.53449579484155263
0.13464934938978207
-0.46945235122322676
-0.34605443150981269
0.25071888545425575
0.023076920413531533
0.40855594951563901
-0.15442555352320519
0.3320762728553534
0.34244446599075279
-0.38780724066465805
0.281050212033986
-0.40945879470042457
-0.1373222982316456
-0.33307008815659611
-0.096539881710865971
0.20684480244097186
-0.29266444149699683
-0.019826400192878884
0.53177173702379543
0.11335628370309998
-0.23588136552006958
0.55415010603714965
-0.69954524189983147
0.59923295082147021
-0.44713328658657248
0.17187009738569367
0.014152900505475574
0.69345838331433773
-0.13928566613292173
0.24632518212880578
-0.040130069286617435
0.026102230469104867
0.2019973187539538
-0.25779645396131107
0.63017708832871067
-0.16443373599247546
-0.42272389183023884
0.44787715786857679
0.082565694438897691
0.18585671821178379
-0.16933053631561112
-0.10504610296087308
-0.13765186920543154
0.13035941866009346
0.2264723616189992
-0.031640270263638345
0.33683142653001213
-0.43208316895789867
0.33391804295062588
0.067726957389118964
0.099446941734984723
-0.24421851694852365
-0.29661347161876633
0.12085127811688073
0.023651412015431778
0.095256711835221816
0.17415366541641308
0.027946930861278869
-0.3019468958128193
0.39563756078129397
-0.61462243841932851
0.32821875642605353
0.078049819045630797
-0.12019532355257673
0.03825051028398857
-0.5222819340580811
-0.11778444414632758
-0.26865405831340633
0.22285922939013111
0.0054868672081534548
0.19757098931979108
-0.28354561236732145
0.036255826028809765
0.3634908350563083
0.15236802337699201
-0.31600885909967047
0.073089869855822692
-0.11284117479139157
0.0073274899493810993
0.61513285046637722
0.035939491019229143
-0.015055256804007404
0.04277231209230991
-0.2914738470151601
-0.0023867709013554671
0.17647484116235782
-0.2637940638530088
-0.082442641288806143
-0.15325584604345177
0.23527259656198518
0.1166998928419537
-0.11039497228037967
-0.00089700964237617161
-0.15193437569336948
0.31385325657711344
-0.2054153905678654
-0.34600646911782218
0.64282720368140256
-0.037269691937688094
0.63132954268619024
-0.2233727345646786
-0.0070693656462767918
-0.14480482298570296
0.52079007510542774
0.23445488126300221
-0.19739233820412022
-0.067736349934189408
-0.015616462908194078
0.018117383901988793
-0.28253445086240647
-0.04372434966302495
-0.0017294009698274571
-0.37295294180106603
0.35873423202893678
0.050285298518813346
-0.14139018132755524
-0.13688271302566468
0.042274015041375172
0.10226097829913845
0.45287519419645739
-0.056302500684996863
-0.042152204869607961
-0.25740813116687256
-0.41736853191000423
-0.023049709986321193
0.47501976407065039
0.15903561142645573
0.050528867630770968
-0.15855883419310793
-0.10885946401925743
-0.044888491074250518
-0.25312015984608316
0.076429927252402594
-0.19287963002856418
-0.18028564851013792
0.24723751148159004
-0.018986618248667649
0.03991621351594242
0.0026738961008589933
-0.15657922432089955
0.067001474662481103
0.0047103200034997661
-0.44039024488922268
-0.34007143659982786
0.26825043323308922
-0.44679844812534969
0.1166494665136141
0.13495409991455246
0.24591247142921646
-0.17449559387671176
-0.40193055683583451
0.041522773426085478
0.086445382423453426
0.27176719126276355
-0.35731690689676138
-0.059176433484684883
-0.1390363756315845
0.52512314347564959
0.049018524262305074
