0.16368985471365671
-0.43293678681316183
-0.013377774215214498
-0.11134263595930319
-0.013349700340766006
-0.12793308730206657
-0.56732085909455532
0.27813874810281847
-0.10911181890727728
-0.037496345493078717
0.18187677306678321
-0.060067375063714352
0.1454247353474985
-0.074194568194688129
0.27121654929056249
0.37977990859610472
0.12518833445979288
-0.14248869925098781
-0.28869152237187889
0.017512205804569546
-0.40817874000520921
-0.091494529799329025
0.31949156809586871
0.078197350585692313
-0.072159471931365071
0.022306248266650619
-0.46829710722074153
0.038782304072823647
-0.021662845438014975
-0.3624399375508241
0.13905322677980969
-0.20483242203685745
-0.16368358595060628
0.28133978298577061
-0.058090585768584127
-0.23777044980125397
-0.33487075665738952
-0.042919387856413513
0.11841544605429202
0.17665120241184373
-0.5339597301937864
-0.032848413860374084
-0.13944028339163372
-0.27243911597816245
0.17907304645074373
-0.11960248451128627
-0.068834859847619695
-0.058915781262619246
0.18918750585786856
0.13300185255252792
0.17338251798952037
0.075704880730341664
0.055613822245542947
-0.12643970251953646
0.27431984199731446
-0.018514320709209598
0.37413526199078989
0.43117038784932532
0.034759520915118004
0.0011520512435518344
-0.11545424582144463
0.13483503534475813
0.12571666475153317
0.14755684610690362
0.13459023439889609
0.40845130201411334
-0.0059147062715501379
0.16563653947535131
-0.038097684319071665
-0.14072919340514278
0.17420727020972426
0.10375477772330652
0.19574724242709288
0.21144266112678151
-0.38421013300534013
0.1339864919881496
-0.28625015292958783
-0.21211322167289559
0.12363402065187727
-0.289534036754931
0.51446729759235177
-0.023652094580735188
0.35879521471661319
-0.3199588789304737
0.1443248011228388
0.44093950288057548
0.23648236196853914
-0.17421007841901831
-0.28293472390444108
-0.27741556652726873
0.16129513883174931
0.085333283078405472
0.40203795452968494
-0.24806766706175118
0.38882757945357777
-0.26887041883052171
-0.30236774527897264
-0.26569069907845666
0.11387635814813596
-0.38331200504706842
-0.16308226873652543
0.14427024300896382
0.018125451921495107
0.37359471264736638
0.30318066038887004
0.038006443711130877
0.095049005682726465
0.61112465844320829
-0.083621027230421113
0.10991133518310389
-0.090167368040019638
-0.032554669871653931
-0.0034445449716000863
-0.05652934003234978
-0.21409471883432002
-0.51086401531689951
0.40932276522605243
-0.087129332715133859
0.14915930475717226
-0.060870118330717947
0.16862303628744607
-0.79851418761862325
-0.19909119659693097
-0.21638978095384917
-0.33108822383048586
0.34573539131154107
-0.72715375410714211
-0.011414871466047227
-0.53318993047230934
0.073929821681794572
-0.49462901204109494
-0.54386321022416317
0.50849619904136467
0.21131111185778492
0.22200543308425039
0.24239746641510146
0.010155577773142792
0.26397662399331329
-0.08159870782751634
0.22925614151280169
0.051654856097656951
-0.043100374659863376
-0.11373382982456794
-0.11683101665022394
-0.13621923741556774
-0.29518202452518577
0.26797396620796204
0.078422776330011795
-0.21214913577308647
-0.0043464916097456369
0.09379720910775434
0.07936885728716879
-0.31506454034220105
-0.3774142967421244
-0.31926039635220799
-0.18043499098099028
-0.1970500296762131
0.56934854512021849
0.11798775536123382
-0.32065407782953964
-0.30799038275279794
0.17721903701809777
-0.24706556762521545
0.14854580560596917
0.021768310030521754
0.14190160954349965
0.34148294951301178
0.13059263036770929
0.059061714613168878
-0.12428260760036126
0.0099812232208590975
-0.17784710288898939
0.13781258999293297
-0.10606590088528674
0.34750202350639003
-0.044988482000656783
-0.30076915841035978
0.053481947342411872
0.090175682680014177
0.25413988831093176
-0.41370430209031311
-0.17384080688417944
-0.26783210085772152
-0.11424633680846508
0.25084114933204138
0.033614175488741814
-0.03462609301949543
-0.096980615929245187
-0.098363888028337565
0.11472616305411912
0.23064680950162944
-0.1511838086286868
-0.25956438304967144
-0.079494841360610316
0.11765811103866484
-0.33402061567192431
-0.13149866153175771
-0.17937884167297366
0.12137335766165798
0.038664304138608559
-0.43699880361894872
0.55188481334230421
0.06849586525083208
-0.23453116849803843
-0.28446366660404326
0.02354209903126402
-0.026712362713648265
-0.33550559268233543
0.29028636707165456
0.2495563110176727
0.40241131489915982
-0.31327767486531227
0.056432857587876882
-0.41578047435774962
-0.16523236339768327
0.028997273659760178
-0.070205819908982572
-0.099355592890961575
0.27827191407886898
-0.75949653234533065
0.04219225478555777
-0.011316011341869398
0.25598386760495589
-0.03241191799767025
-0.27208833034360697
-0.54202027600035785
0.14030055332016375
-0.14954603016216678
0.54034900012072973
-0.15985294181221185
0.47342555864699387
-0.55771073585649855
-0.20335220887416444
0.056602646093677579
-0.069444234975231209
-0.096182457089228457
0.077413131016668579
0.0082737764974812021
0.1788223064806779
-0.17018768079931143
-0.41601127276662808
0.14624717839264911
0.11490647521885287
0.23113805308846536
0.09350548644105168
-0.034539594977810346
-0.2153815430097609
0.13163053158313615
-0.24887251582099215
0.17960168889394557
0.29647243687344343
-0.053346276161844099
0.098795462419959817
-0.38997812015660788
-0.57947581112401314
-0.16541480663758684
0.55973661911453554
-0.34784283447374986
-0.3956727222129317
-0.1188930420045526
-0.20440717005392406
0.29589203936988062
0.32732212693173601
0.16733906927902054
-0.37230411449024148
-0.11433085117282391
0.28694795224432579
-0.12269816950781749
-0.25118846380512649
0.3916163295644034
-0.31602897718101802
0.0017850706668749441
-0.20795475057535576
0.56058380341265501
0.54279437993132351
0.41977163660417033
-0.33251550388049478
-0.12436377920896111
0.23530858327863216
0.52647145822055985
-0.1117916195909042
0.0092637394689701492
0.073612022466284718
0.3110917532596813
-0.1340936521572777
0.16688640489186049
-0.47444946696587725
0.3231385626351006
0.16067282869029573
-0.39000021582738331
-0.18635317743816787
0.029543527558598293
0.21517649879077103
-0.67856701925320617
-0.56494646470183962
-0.07968399613473845
-0.27071813193802008
-0.17422869370288183
0.053067051249741641
-0.013567961807382112
-0.042514231849681706
-0.22308208185732523
-0.11192152340293932
-0.078100460974913397
-0.14210848253900724
-0.012177814998861815
-0.03879120536760982
-0.13818512252210385
0.34623506196701392
0.30535858677828431
0.42357581585120146
-0.24811717816115073
-0.019590834898773068
-0.40917283685399908
-0.74545507218246265
-0.056483041568430897
-0.063926189666983074
-0.032932954324135059
-0.19259991959210429
-0.27240739822176679
0.15700570813742071
-0.6371337936165008
-0.33610101490955369
-0.68588947186407578
-0.099230471151287025
0.04918043200988672
0.31966494084282926
0.43272869968304378
-0.28278462386895442
0.53396151681402071
-0.22024884297547323
0.30593255356013671
0.28969599813797309
-0.15247497549652092
0.61845970705178999
0.23295086072408805
-0.13684680885748132
0.58903954794284785
0.23763026838440932
0.49137025590530525
-0.20202418275301368
0.13558753517668157
0.016615096188451205
0.28864096915203336
-0.10463293894580074
-0.24469144435139736
0.29378576682714369
-0.18981413677249825
0.10816867002713906
-0.040336760646460738
0.19690710061752528
