0.3886252784034589
-0.36589453182021497
0.35000314090972867
-0.2763861244263584
-0.16892023763147565
-0.33266209817417963
0.15261443568418906
0.070111573457725174
-0.17458860664796325
-0.020925119329771643
0.29704422071467856
-0.25181503580580217
0.039265734348025258
-0.01121386484729776
-0.0044896270277849423
-0.25330973096074727
-0.667342147819878
0.010838443917960327
-0.010007534413539887
-0.22583560856197635
0.4522876146534493
0.14815502722870474
-0.37400439334877034
0.0047319763937995482
0.2354254728027311
-0.27469985702411281
-0.31947143105585385
0.31100705006041285
0.1842902226631826
0.43123796502433448
-0.19080889084266045
0.063592204514435466
0.062460901291255526
0.32343124039249577
0.34115223562669783
0.16760255016371475
0.10138965675523498
-0.19325087211869268
-0.11125672598505444
0.39426134170591259
-0.48336823831636511
-0.47467194005408581
-0.23365087653083053
0.15707285797845352
-0.20440041643490142
0.17142327316854369
0.24591041982807199
0.34373662711544628
-0.24195688915185964
-0.5806679432897095
0.24424915445135775
0.091374648654003382
-0.24814071506369409
0.15541510062005276
0.36475626685624807
-0.032752695629467171
-0.39351794967994702
0.34793699442926151
-0.23104205710716194
0.49827687546847899
0.22377562518564853
0.01129357874410962
-0.38116048313264778
-0.36642682544948896
-0.35630022713688653
1.0212640264424979
-0.072486686461180186
0.33847550477759542
-0.20424749268454623
-0.021273327500509854
-0.51159093571865566
0.16844416411400778
0.11548079765332875
-0.080470788649870478
-0.090772446198170986
0.20566046449279579
-0.20591825659296947
0.31309509327288793
-0.39976155561381188
0.1158534335159727
0.091259855406935209
0.27835930507704576
-0.28318052939012467
0.12369291172521464
0.40271731145820849
0.40597949632747565
0.40522940116905576
-0.068420741612800859
-0.28991356374935717
-0.22273723672992662
-0.25419684389811714
0.017273136935703155
-0.0026924479862958013
-0.17896316069006168
0.34902113334474988
-0.19779813519224954
-0.18728956915409825
0.061431963880304148
-0.13458456175049796
0.45434109367730163
0.092123353700619512
0.14166240761141446
-0.35276963267721939
0.15844651401581331
0.29703833181153416
0.67247599892264065
-0.078068443703025556
-0.43146751030748959
0.57560162293192974
0.098645085002777064
-0.077824372564487099
0.30868392338700507
0.0072214568957281291
-0.2000164827777153
-0.056677959777777669
-0.20808246427848173
0.036108503167631596
-0.15353197421211859
0.11510106470909798
-0.4430640204527877
-0.001585397062954863
-0.27124558601275589
-0.10354382472981095
0.13288282923743377
0.25899916148396179
-0.3681409809064522
-0.066969340820240475
0.083041310579732186
0.41233391909499106
-0.51205992526789812
-0.19767019263237359
0.040043734363381669
-1.0412094545071211
-0.014522735119365648
0.19812598599066555
-0.53471206871606392
0.088726314385568023
0.45198996658586377
0.41535683788676819
-0.093482574459117576
-0.068730864033742803
-0.45969251971822961
0.010528198629119922
0.46538449973844903
-0.39590986641435461
0.82971207024418159
0.30224247048566544
-0.41033915326094711
0.049509515344857591
0.12752247979988901
0.38533751947604794
0.47216543338667488
0.348723221383824
-0.38523506784282241
0.21934395082041772
-0.65811521673516993
0.20166221695906361
0.059471749569795486
0.29851842919178379
-0.22223813373954454
-0.028803710125193081
0.11962497471205712
-0.53740730172732509
-0.2532010849356145
0.34957519029205902
-0.043286150333213723
0.74858566728446774
0.24923907683493249
0.090850616149725338
-0.083461576828661732
0.73047038171919398
0.073868513695448113
-0.34768655339642623
-0.1706628398238868
0.43066628385716343
-0.084657033674019139
0.34937707735478357
-0.44940187049944991
-0.15305966348125027
0.18731870962608477
0.21472622970267133
-0.26195032923238065
-0.33210635545267503
0.15195440246291322
-0.31482451773801629
0.16037388265051555
-0.2510294570435877
-0.46293475662475381
-0.52892009575740706
-0.10004219757156399
