0.012914330831654173
0.15654596383832245
0.20334095635504545
0.14997180449726782
0.067258666873327586
-0.76078280289413125
-0.054637504614557436
0.12024312689048865
0.17240036833508293
-0.40643671206000825
0.46566406119441189
0.32055980995833244
0.11878728672195736
-0.25157756062878184
0.0069910847455849712
0.47904877378150057
0.069238685079531376
-0.11713888035095399
-0.45662213620503056
0.12614418968172814
0.35468800462716593
-0.27226774489465871
-0.068331806356600452
0.25453916155879858
0.36120444728324291
0.25193688992688706
0.15955637514418802
0.35288417451434662
-0.031847574866972893
0.042728946295086355
0.12800022374364833
-0.14972199379585699
0.054454079299761322
-0.44673753532129307
0.021618316070893477
-0.25051458477850402
0.03300219214609286
0.1554974979592853
-0.1115462048949446
-0.24723438122243746
-0.24799348299037827
-0.13848095675827771
-0.32113431055809799
-0.33004838030882538
0.011805746228272284
-0.36187823722769746
-0.2371955896581307
0.06357593551996886
-0.18532006726450184
0.59614741107044078
0.33361784035078412
-0.027978933085288198
0.24738614815681356
-0.11611708243422807
-0.054400983653453798
0.2842042566875117
-0.06885978371706096
-0.01332982843210688
0.17445545768483173
0.015909922620710178
-0.13291650547173192
-0.2821012709054006
-0.20812484816889038
-0.059513980455365587
0.10438496771777268
-0.21222258525669654
0.27834960441429463
0.092339019427934474
0.21366528608732943
-0.13330168848675375
-0.4945208707525745
0.30357075070176653
-0.31038983833451456
-0.1442648958151016
0.24475307599395532
0.13287582546177523
0.16127726142078028
0.051405195067400579
-0.35715472071485144
0.39216756950120429
-0.27194982479790036
0.37586654364160188
0.11280444961313869
-0.09667106548261542
-0.05242115141864654
0.15192383531761708
0.41644005659087663
-0.081224589077188741
0.50635505388961122
0.5140424115660932
-0.10582377566323346
-0.36914457655031807
-0.37790241710110128
-0.0042530928972664243
0.45295335277459198
0.16899907334094164
0.30597726920525647
-0.20030019294765336
-0.082842899001684303
-0.81321037766164239
0.5502762884240755
0.40598784961321938
0.22467999597893223
0.067161764528850212
0.21674097625957811
0.026321094751914617
-0.21862749587905575
0.049253617234388529
0.049485267907937357
-0.0034878898749672411
-0.15288757336536699
-0.15721473692854845
-0.063227210342655521
0.2359875225092492
-0.4328759667940742
0.45291173030069132
-0.029701554999377277
0.059769639442586515
0.12680885697758096
-0.087665738326519804
0.075031387413834
-0.28948861069695869
-0.14925929833515411
8.648037007186249e-05
0.12008141697471339
-0.46095882817281486
0.35434672917951965
-0.08094897021666729
0.093877196519302403
0.049015878918036604
0.1251315228774397
0.4974462645251207
-0.0011886622871881594
0.29207203409709626
-0.3188944993770767
0.1691122276674821
0.041804143512375824
-0.22179109092338106
0.061737693308956232
-0.29655718845874623
-0.02654176409449158
-0.16461736149918132
0.28570144399931502
-0.37079187761315691
0.41665879689033197
0.63536648106824478
0.0078362885126908709
0.022624380686749178
-0.064060070821265538
0.030778405636731294
-0.49762325781613787
-0.2269729130358096
-0.054438185405244845
-0.081486251852494876
-0.097316939798414923
-0.13196117511263625
-0.032326508806774068
0.018675905645410648
0.17632033333752559
-0.34151693070460287
-0.15772829930670121
-0.26791255664043356
0.24718159672876794
0.41247096035050868
-0.1975706365232355
-0.34120652918646899
0.1374089057992656
-0.049129629729954362
0.41367322273579765
0.10647746123853809
0.45177288018573042
0.19000727359996569
0.43483160160391016
0.27331054441859393
-0.023593493724157664
0.73181383958154478
0.37084075205968503
0.087457319362021307
-0.10362453819551956
0.22986728036193374
-0.15400160243562422
0.63051528527360856
0.12888222404012914
-0.21530725163047776
0.041047061849218497
-0.12326072638249794
0.081404436114901335
0.21250676579296529
-0.22633528913104262
0.046882953750489231
-0.22414363489506334
-0.15428981866289476
0.016712312822002102
0.20049258306254136
0.13682625030699141
-0.067272025136173641
0.25794852768809695
0.12279370081410165
0.50219230298782935
-0.32261833612409108
-0.24490195771253498
-0.0099339257513116151
0.11310341101114429
-0.32440620665404168
0.23686568620263002
-0.48050287221967447
-0.39202432237263862
-0.019464426690576717
0.10356980973117277
0.052345058400457792
-0.12450108809309429
0.014611507847587133
0.30933757622001901
-0.084070997957812407
-0.14361285151254674
0.18802624054342626
0.03622151154628836
0.21887651307364642
-0.35657219809566804
0.31442174338468543
0.0057312961498322519
0.061178049843010673
-0.033357127639542773
-0.045765212110814239
-0.43960226245702155
-0.20514038098475945
0.035352965461906992
-0.013691927251643215
0.038713606086688494
0.14896872767391581
0.19364356343701311
-0.18656690712726764
-0.33607465533164615
0.67111930956139976
-0.11387816957571531
-0.48911432826284373
-0.00085703057446841115
-0.10198975066121532
-0.18085011457852118
0.65879990815857881
0.57485529995690066
-0.14314402378872895
-0.22657422048599157
-0.23700806861497581
-0.19693080320306988
-0.16990126281990553
-0.030905410800334782
-0.053638122185485471
-0.21605191725883496
-0.002454274098535201
-0.47527792756211745
0.58548893379558742
-0.11436035929388415
0.23861391357138229
-0.16493364361930787
0.18572957310163235
-0.7123993529178948
-0.30031544372219077
-0.20542281262571807
0.16787465226538756
0.053496928578366729
-0.080751065939959163
-0.18170852665914786
0.032411168620869173
0.0955074014591792
-0.27215161666233467
-0.20634555635754692
-0.34675868101532525
-0.27397372916492546
0.096982296546664473
0.14215219868235379
0.22781758635647442
0.11481886926828415
0.21264062777574166
0.37261565463516028
-0.10248845121753521
-0.45582137169355147
0.36477694362119945
-0.091761206670675458
-0.25765607405169749
-0.18690352438876556
-0.13317534346805779
0.37392715970309831
-0.0061431332568493546
0.13364177282634002
0.57681464465284615
0.077999474463834359
-0.016437023767300097
0.032937175830187952
0.17196267743434435
0.13681602273174343
0.32057039487510802
-0.42028855211742638
0.44914687306232437
0.12473738263391652
0.26859806141401726
0.019391947690136822
0.020827368288274077
-0.089957857615078518
0.48504828685908613
0.4126395878673077
-0.19803809554040855
-0.29457974839370532
0.08668601120321294
-0.34020403230795404
-0.070732763402976781
-0.13538435715947467
-0.076792275572843557
0.34790880576828964
0.20702589349686554
-0.50403917391679309
-0.15812058006185656
0.26935773722995526
-0.16949339951945308
-0.059537441719837415
-0.26240643685587445
-0.029070615007370997
0.13530696098350839
0.51711134789693025
-0.5628979346176447
-0.17278574297334939
-0.33505192983028942
-0.052036306869312564
0.088784174434525534
0.24032166845088823
0.1898071416961998
0.14940816303519194
-0.3230707010965424
0.6087912512681285
-0.091925643486762396
-0.15379515033647334
-0.063447326230179291
-0.06232306550807179
-0.043515462051118885
0.46054890095510409
0.16387065959725494
-0.24022456113880514
-0.09627054531543737
-0.035465702649462694
0.025661989107668606
0.12667935356968257
-0.032022388625063777
-0.26196779075778892
-0.3741481273263344
0.060419675113389686
-0.18660154060633907
-0.33988557101305167
0.40557616622535253
0.029893585923919511
-0.16909528918876141
0.26870982647140462
-0.43237694087729805
-0.50391537807233966
0.16398022102422705
-0.4246179565410948
0.29525768761422799
0.1781293487988487
-0.067587951064356527
-0.34349648513763831
0.051454063134060445
0.096312265655107157
0.25865523684095537
-0.1391776103969159
0.19741916322645869
-0.34168146343615591
0.29193472040401069
0.67766006683838076
0.31483153026956806
0.40872212828722687
-0.040133937355610202
0.2508430272395028
-0.0033266270281128909
-0.25003705443055385
-0.12524823167218363
0.23482679928180292
-0.027811759341724644
0.25411619633658911
0.33494916825634996
