-0.098310489848114288
0.28638703813255373
0.19008896317891086
-0.11874784941482816
0.24119680957210418
-0.42388349925744634
-0.18582224009458906
0.08306128590292372
-0.31379120908868224
0.44098843950868677
-0.13692205759863152
-0.19079573084288406
0.52738272063335023
0.1501283412531802
0.28783117158841726
-0.15736340651000463
-0.10221180966390785
0.011671922336444514
0.020650268369193724
-0.69381538358686712
0.30446843172848698
0.75674707597702873
-0.20232956435141633
-0.36315877697931548
0.38816572595395726
0.32042199962455625
0.092580210562385676
-0.24109185379513803
0.012004529472031079
-0.12320935302897941
-0.0063740844036341525
0.20324504408718791
-0.42994131578586753
-0.006939914150146222
-0.51897575254869799
0.21511230032657644
-0.15175766476945909
-0.054041836373762468
0.03991600914421288
0.13840986067312289
0.070521618034409594
0.23438600034385085
-0.36847016724467552
0.33380108887661841
0.0023578428086304692
0.32329720059289446
-0.18611629973677343
-0.23174359839359399
0.072719506761201314
0.073620486286519585
0.10171233602492584
-0.024264642071801353
0.12474530783934619
0.56209472199583188
-0.00024490014908500838
0.68076629173644487
-0.51236559058435116
0.47194344163384494
-0.0066910540949909111
-0.36194220794324644
-0.38027887668430249
-0.3061088959707523
-0.047364681738925482
-0.54246737401527367
-0.029078037394454009
-0.25937101937505702
-0.01357924939942938
-0.056156893818667862
0.25938504482253166
0.067230894128748317
0.68370231362058564
0.070684451066153731
-0.2262698901434026
0.29801100181453732
-0.59015134676135761
-0.29804196713470987
-0.012939424316898922
-0.15024382312051424
0.21430110532124444
-0.24299865004114315
-0.048850829189380919
0.16862504642124207
-0.26592322420753711
0.045847146382328376
-0.50000610867301631
0.11241329424215069
-0.29956920434404233
-0.33653251428851927
-0.090292850440294808
-0.17593467799619539
-0.5232153278013485
0.040729137791042098
-0.14882099698717999
-0.071317007133223281
-0.1293457180197384
-0.1564071940899277
-0.34875805616399674
0.021754804217958751
-0.049651904968233546
0.06410871759063809
0.38915450406245888
0.05397324555407932
-0.86978559465942884
0.048579335999934546
0.36519404679845535
-0.15750853196613757
-0.20701128247046799
0.012076005786274234
0.10106762648121753
0.1019491330279437
-0.014531500063633896
0.0052463279295532758
0.12098543115471466
0.20726965029017488
-0.61330610840775945
-0.24405394555057697
0.029626296389368589
-0.054011887786233642
-0.13961800404746796
0.00057572508966920264
-0.27742139878774746
-0.19702671169950731
0.07749112407800661
-0.19158264013964163
0.34429226212531194
0.10237980136149359
-0.14571228932941394
0.56777497765636142
0.1460314083358944
0.26588046519163777
0.17890241692765418
-0.086102490001382204
-0.25124566952223448
-0.27255521966539642
-0.2423465860943162
-0.21737915763079599
0.049142718654266462
0.045620227282790596
-0.20873567965277245
-0.96655570983821426
0.47654569500655575
0.027101049509895114
0.14404898120479709
0.10846906459478856
0.36440149744662398
-0.11008456109726913
0.22936560725126925
-0.18711149623906634
-0.20587337445719125
0.55480473725294344
0.068384636664771237
0.060212985828749246
0.07459034224475794
-0.038027550223894598
-0.4823670108555862
0.03751337097562582
0.87655475676550909
-0.46546017635371989
-0.41919669613914179
0.16872603823967058
-0.44560067386901114
0.022034932481868209
0.0011563042755631638
-0.21139703136223284
-0.4817026412098514
-0.23336073357521667
-0.64713404775217132
0.24366865440663629
0.20339397143373358
0.27360570854281929
0.18175253491576807
0.29189834827949035
-0.17838167876854594
-0.087772442760042244
-0.20854177493721213
-0.28129268109992589
0.34627249506171842
0.67589630297929837
-0.014046094041690167
0.44852767703319735
0.6769332250699347
-0.23585925039118752
-0.033190154271413669
0.2158763793632133
0.53846257530052311
-0.54862947048946453
0.11825209402097203
-0.042941024378991249
-0.1185863530905068
-0.27372988859876074
-0.19673014178844098
-0.32497001066429948
-0.24024665784543145
0.11463786888603812
-0.22416987712783751
0.13437072756548962
-0.3921114955539004
0.086032448423780564
0.35505670699976594
-0.29565700109683624
0.1311556718203285
-0.074691944385745251
0.020578726198716812
-0.34641257352236932
-0.10675880545175362
-0.089081422028113519
-0.21851239832840941
0.2088755891967099
-0.081782333655653433
-0.25724393049909594
0.023458615788710804
0.70846592748705928
0.029425996396918966
0.48754361693840992
-0.7971896096816401
0.0061977519219536675
0.14737114067365231
0.1042268197650679
-0.020730212784796202
0.75230086777067773
0.3371496016818647
-0.096331268417109692
0.17512674893822575
0.09826569905429404
0.22384191165053319
0.15204327807798032
0.22710482390493986
0.11571924491054802
-0.24332486579632281
-0.099987174575844467
-0.074149471267980216
