0.042601179099368426
0.68870099486838621
0.087516232104098438
-0.22588534880114366
-0.32859755910914529
0.099733976033292399
0.7591702250223924
0.060783475674633776
0.66883195812791696
-5.5525404886594644e-06
-0.041414699988431669
0.29119285335998291
-0.076659869563029961
-0.23708278439316632
-0.42053443849313499
0.078103868368588333
-0.11881911903433084
0.2283821520890999
0.20396414886380471
0.11624561272008227
-0.46131550332854787
0.56199042712376646
0.16034723832881789
-0.45968275791591506
0.066911592511809878
-0.3284000900104061
0.46010459720257008
0.093263618264067039
0.65659096857893329
0.51198111665136525
-0.16155830339483368
0.021012200304451403
-0.10413904642640121
0.036493740403694068
0.048213436530247046
-0.29843450940502753
0.008050208745685631
-0.068629134080122445
0.53974915967811821
0.33082973094132034
0.17054196546618797
0.31018783694793906
0.37781197355048546
-0.2432551479196455
-0.1130433539741876
0.15324816151933246
0.11440564575120576
-0.0076905845308063298
-0.033766161826771418
0.4337266455372295
0.11120051110883479
0.37954040209639878
0.25310612385006881
0.059656696216592205
-0.21908287772500443
0.053440256813476326
-0.048695626939406073
-0.0046036861641268745
0.25013855233970039
0.22412685470748037
-0.43317383926277453
-0.28754684144376108
0.18917376462096255
0.83483952775504122
-0.095143979104368587
0.21603923651697321
0.07840582771256141
-0.033694547929162988
1.106386053985656
0.37017947906842685
-0.76931359237876951
0.13668129266090678
-0.55068001751152496
0.48075478617667161
0.077299839298186027
0.37380300903931435
0.17589238459235543
0.48108845459810334
-0.36425515806275677
-0.60358339604217137
-0.069219507940825015
0.5775370407049899
0.39511835236983733
-0.6355760671090821
0.13478028928756941
-0.29028984290723181
0.2392420610576016
0.40933581823127707
0.60969993047171134
-0.14153124660440122
0.37113503431317035
-0.11818836229183467
0.38016419729571793
-0.067929209745015484
-0.10608881593625083
0.048243569085332012
0.88361609935479468
-0.26823063754184434
0.29588930020418686
0.064674760523754288
-0.11938594024678924
-0.093466715514676627
0.11719570533225765
0.16347698320263127
0.027560707562719385
0.34350530038753491
-0.056559002192224386
0.052003387397558297
-0.44815546743472084
-0.10059495587399407
-0.058186158453736016
0.11908011705293542
0.32773171877562352
-0.35904262028333711
0.10248114058694205
-0.14281127091069595
0.13929156292053479
-0.23675829047473645
0.092759552018930436
-0.01216704800538332
0.79402744039546058
0.14068879536549223
-0.12572965521409851
-0.24913592799565629
-0.23103993041056936
0.52445448366579095
-0.14301111405638897
-0.099546525210452513
-0.11129916295699051
0.0013697689768154503
-0.54637032026147214
-0.55391511614245548
0.060198506878891
-0.0098273053115475878
0.40487049563548705
-0.28047981639887332
0.40851643429914403
-0.33950618880960137
0.7255186512709344
0.050855259287857793
0.21312350586160092
0.042953557712243053
0.50691359283540072
-0.21183765748147909
-0.22029953861869303
-0.029618983673283295
0.27128766671846638
0.25764169921155172
0.09440656908439897
-0.12290458232433808
0.3601918978916761
-0.067189595725014317
-0.057610247519152953
