-0.007020628625487791
0.53917277077373482
0.33015208439026628
0.055569879148793404
-0.24520544354640963
-0.22225425619319555
0.012450893933454355
-0.25209243189229197
-0.35271980414605353
0.62468583476679329
-0.056324011066176322
0.64272553163702684
0.33113737868176735
0.064562020186951952
0.023213931052920446
-0.036284294287980141
-0.29717553106031874
0.29814001015862895
0.49087254676788306
0.12400413739320038
0.19601204763742591
0.33502584438370908
0.10737812641761181
0.46628675104873618
-0.45108549474743359
-0.083111335595147814
-0.38081533131687034
0.090956219474429514
-0.13071330584420573
-0.39744311430108437
-0.24253975211897813
-0.064626485479981982
-0.026547194710041154
-0.2221376257913934
-0.046281082636665853
-0.76022041089523662
-0.29666772591016749
-0.018868067043504931
-0.083908840137896817
-0.14591554729366893
0.030694887515928745
0.11053335463018299
-0.12990742083008025
0.013688880800939319
-0.33359097305381702
-0.095053201870614945
-0.29315929966987864
0.32547486797883718
0.25882097000887383
0.23777706299803786
0.061485233987362727
0.37643772594081026
-0.25531883577105785
0.1339914080398357
-0.56285140269994427
0.093597499467598433
-0.4273509305226641
0.19149587982519933
0.10082567612909567
-0.2345036480466397
0.12260565689194869
0.10059146333849955
0.73839566806289669
-0.16051825972409425
-0.0031574280205625962
-0.19892841747092388
0.051327751059357565
0.35650023136796649
0.026042301736686584
0.15390468818831296
-0.05050857239440102
0.1416889364534703
0.2802898653224164
0.11540225420078332
-0.11733445380154789
-0.23388296621755872
-0.29671098096039505
-0.22924150774979113
0.23507239139185701
0.12435958619507706
-0.017508219062348448
0.11373087006319568
-0.33638056743393785
-0.52038182268793354
0.046229880460284922
-0.5378846728182225
0.39609893771104687
-0.045455193149510284
-0.31148488458476131
-0.056950177571507853
-0.53574974593911173
0.28699297099697174
-0.57555461636711613
0.8073532844022604
0.22398781303377541
-0.1972160189289465
0.48080517438294307
0.42789400176522219
0.23608610025821988
0.79228129276099224
0.015038972764687394
-0.43441958634619737
-0.25931020338697502
-0.67841263047573808
-0.062253261843596822
-0.045858829046879601
0.4027261287824484
0.33160831255300227
-0.29970823614176373
-0.082092695123356846
-0.15700234340813848
-0.37997192040548106
-0.24577829175204413
-0.28414782003098343
-0.11366712020256958
0.042618820525089189
-0.074569306654947806
0.30083222025073808
-0.020529495631507706
0.57157243666387747
0.22401152131794613
0.088887383985320728
-0.2050431935558793
-0.30712828273274989
-0.5968542955364422
0.69311787542218717
-0.28770500006346938
0.55510528962137506
0.084502076756171232
0.35515217457574699
0.47232434876023127
-0.45271107469373545
0.44135405637199365
-0.26059215453711732
0.052666508841523033
0.45499644438337306
-0.039215705471472975
-0.11567867977316874
-0.078981715259874366
-0.72277401070809877
0.068226093626294851
-0.0015187482454823442
-0.01713573997190479
0.33850329866721895
-0.28698051999796526
-0.20742811336311706
-0.29816869272046642
0.26593175446482897
0.054570027557159492
0.12234348506293641
0.082487011008809841
0.28389636238165938
-0.10863392608155414
-0.01596129113918416
-0.019942009507479094
0.63508974786753369
0.22116502380531014
0.73695315654055704
0.175801164312273
0.20507566729680218
-0.30860251969351582
0.030199402069061292
-0.07529289708532752
0.23004066272206514
0.17848442332421813
0.043465073757247806
0.51749406329224068
-0.28759572086497925
-0.034256844405877389
-0.083848437757673491
0.32360316920208898
-0.15465417721166122
0.17056857719111079
0.34271804916536303
-0.06315967610097617
0.64287438959234078
0.60845169239519892
-0.2797432551422791
0.50900229570658229
0.24152232673920096
-0.14705667502874267
-0.0037738312394263963
0.44435456772788262
-0.050423652534704308
-0.36372291812188956
0.3480760317703554
-0.24743609195588998
-0.24507326902594412
0.41752848314272828
-0.18520819101152072
