-0.5706185122462889
0.049182983947969987
0.17013719093370427
-0.13318525656960048
0.78601905188160193
-0.0040613888966200534
-0.13876148359813903
-0.40963589351410723
0.17727582517302748
0.41042501545269428
-0.62936940453773693
-0.14436117468383095
0.078712551904692632
-0.21696431935471408
-0.56920145896778473
-0.75372161473670107
-0.44271937624806867
-0.012208661128043065
0.5331916257367928
0.31714218765635921
0.3264689353894859
-0.038961592462283319
0.18091757832687735
0.078652936684267524
-0.083791493914880708
0.1905836859008444
0.13669622282464905
0.28657129066251186
-0.56584139803147937
-0.19530249964672736
-0.31108122452573117
0.24225298615840865
-0.41738211253579116
0.3362696121842173
-0.14146695036637522
-0.050938369106616491
-0.11265962672929543
0.14619277510271839
0.012780768193192949
0.27967780505838047
-0.10073683307593403
0.089060676034047756
-0.095572563748239997
-0.15262035566723742
0.17261058078340485
0.26537735621423819
0.034658602888925222
-0.26333445738828598
-0.13399851045930888
0.23183042766470707
-0.027456187574146227
-0.066555369331002839
-0.20164936053224666
0.37747821458233871
-0.11831948998711485
-0.18935524711195562
-0.34342396348250492
-0.79544917373225044
-0.25076850223397906
0.13458874593720976
0.025886651045571616
0.12230326662989562
-0.01718732259508866
0.20369602999349035
-0.16824176622449669
0.20152052647225621
-0.21148500352178212
-0.090691539213843569
0.60473887620564082
0.56623963376962594
0.21796033606334583
0.070460908180229639
0.68725705635987966
0.16954298553268804
-0.023936255311788276
0.15365590014410341
0.02043966997559063
-0.082725458315424133
0.26583118436410946
0.47767187663463667
0.14713882870493303
0.21153939454275442
-0.13711104996619752
-0.11510888425846579
0.11966697022233924
-0.088210098111047755
0.20809889297073769
0.16200456372420613
-0.14395236149030821
0.23240701801957975
-0.50629893542021243
0.48583029444419501
0.21291115660760462
0.25379777473359938
0.34103478808978049
-0.50668950205862306
-0.08704816985115503
-0.082783166717996556
-0.32322031664479972
-0.38448506166580426
0.025956824110147617
-0.35884631840840331
-0.34149617282465194
0.19218951626178979
0.032048081411930697
-0.068168502991913446
-0.23799140904186211
-0.14337086012048811
0.083691988710359322
-0.13196749665932178
0.51294253614562446
-0.28125871083874876
0.022338247007131145
-0.3509303459586533
0.27994811030615929
-0.0053152272257281433
0.35031078877925587
-0.0026555373392107662
-0.34221443343011682
0.34961282163727753
0.051508169724338013
-0.22420391599793246
-0.19587851810181098
-0.45083813186423538
-0.2065522578453319
-0.046548834644263709
-0.088545627245190342
0.48075167371779937
-0.43217414751759037
0.26387535598962514
0.06283433110086073
0.0066227368823681384
-0.12882979329266406
0.1351177874299756
-0.20398670299369312
0.17533235081635673
-0.021352060227562936
-0.082300093469596575
0.67548419961413619
-0.048165148769178455
-0.64033227484573474
-0.16245075241623233
-0.061033847796391122
-0.20113311045321197
-0.021658564575222201
-0.42461862765793074
-0.33736197900209708
-0.74543136468440918
-0.24550359546099465
-0.36606352367565731
-0.26702194823900927
-0.38828961299014286
0.092425237193833942
0.11397267856752666
-0.20052254590057425
-0.31085703137448928
-0.12818422970763033
-0.25267359648678178
0.089470253220848256
-0.031297485828031144
0.25398195692529735
0.07421379979482863
-0.013221560166551245
-0.066081126643916965
-0.38543233481741235
-0.16857683387620725
-0.39761287466185258
-0.32285555472556626
-0.41618040750032365
-0.10914099850585539
-0.28259064759782371
0.051899241341407491
0.40625202643818398
-0.078832804286595753
-0.38257745682680266
0.075581096375338483
-0.004178606552809507
-0.039986885915355055
-0.35783124991741555
0.34682713487803096
-0.08772693394333865
-0.10661178286984982
0.37746656200465079
-0.15500336367242251
0.52970122989405455
0.37114642597627878
-0.18441302243739877
-0.19814736671812561
0.17114035358601673
-0.14644715103918737
0.42413011809629736
-0.25997391888467414
-0.12534913862432323
0.12135408142366723
0.070823402651468526
-0.093059288673225965
0.087220004274014218
0.074693735517290152
-0.42696674827880771
0.016630565533185912
0.011517973421692168
0.48575454932728485
-0.036486219555123371
-0.27737607352880128
0.085933000560677528
0.070224765004307105
0.05009587840171488
0.12436286751570923
-0.039857286557213191
0.4123057632950653
0.1109767171074043
0.32498735186311073
0.37269338528729223
0.4443351685528536
0.10587920284677078
-0.28926907077381442
0.076236104396789003
-0.057058439533188274
0.063568374076388656
-0.0029707898511413212
-0.1082855127635102
-0.056662267491332338
-0.19278661566217836
-0.34589953065988793
0.26618987031172892
0.026431584045177887
-0.11623410987533006
0.064199671133071248
-0.095028781750473287
-7.9749276061660997e-05
-0.080706781956064857
-0.35373582439174767
-0.27367802447506273
0.17652919693110899
-0.11335732835471246
-0.20820127928614995
-0.27765832627469539
-0.098780244552420127
0.076075486660134237
-0.17768974254155392
-0.68207059328391773
-0.097518995731611852
0.22883010961516503
0.32927651578470407
-0.38344095455709648
0.32045014330527866
-0.21376508876198028
-0.078339493148096837
0.11816752310990176
-0.092895930387290965
-0.18480421903349598
-0.42562945385144635
0.14580298100814745
0.006112916256767081
0.21183113085605332
0.0058307478386700898
-0.014971095068723321
-0.4565147080656855
-0.093672894134121276
0.54641338639307602
-0.56980483022254103
-0.14885440205734626
-0.44683331788954839
-0.1399321691551319
0.17296899513062619
0.15496625650659498
0.01145974503113594
0.017248001919278021
-0.24306775816983037
0.11143794543290064
0.3075156745221182
-0.033823003612471349
0.28498068817422245
0.18678510438399479
0.021703911200011024
0.072200877115522311
0.08799695891573403
0.13469932351526667
-0.12594370149850648
-0.21579638846440533
-0.013654708386558552
0.33559608585403294
-0.18193301886732752
-0.080684679826148381
-0.063749794915860622
0.069460288507934828
-0.3613631638189328
-0.1190087249725006
0.089280234116114202
0.17259198378343407
-0.20995998716611208
0.0076253230637343353
-0.32918084616253085
0.34341745343060115
-0.057815877248573483
0.16117650631456851
-0.048788457467426077
-0.0404941563392031
-0.010607992056777441
0.32350025167547863
0.059707279530448909
0.3490389121521234
-0.036590091943557113
-0.1784327980710026
0.26164636030577143
0.0078857471914875448
-0.22716358004895218
-0.52840264483311594
-0.079701260753253067
-0.14301155911442673
0.27706434261971397
0.053297296679053488
0.52575393652916569
-0.44830063735985959
0.42372183752641301
-0.18234029159760268
-0.11831710390934799
-0.078424922474164813
-0.14064435569546169
0.27507073018967948
0.11294714440156957
-0.060070232269365691
0.20690085811000233
-0.40256272066350618
0.34408143098647331
0.40392814270932875
0.27092946684653524
0.43985916300629752
-0.12168775513963168
0.31131305628410721
-0.09890445725809402
-0.051142667074816017
-0.023489327314961506
0.23100070112344548
0.059516191742478922
0.013959329881996902
0.54363516223395691
0.24519559645206027
0.172619543177087
0.29629431790502386
0.18826420591936938
-0.21135324740179903
-0.15082469621006345
-0.3259036461138296
-0.0076317714299773756
-0.18106820712273905
0.083692184311997181
0.077949611175906527
0.0596677438431652
0.28234215669371882
0.34889705979486452
0.28113149726801279
0.28995246917764367
0.32118949503514349
0.073215782248057387
0.45989079941430244
0.17272480515506333
-0.26666278219299205
-0.10338356459952049
-0.23351809258666642
-0.0086819660491260098
0.10325092842485577
-0.23153526975145841
0.033643623224283971
0.45429127234513
0.54521698334902369
0.27145042883396742
0.0163821733134813
-0.095765669509796175
0.24097399581517448
-0.044423697199249809
0.4745362874504897
-0.25625244033271893
-0.35256063359590256
-0.12939077531984608
-0.11705125899535683
-0.18616217218434172
0.29525822227795395
