-0.7146698569246086
-0.62093687319509916
0.29906070500517973
-0.23027151061511322
0.26436807615238239
0.077014168670867605
-0.49118320876301502
-0.76658497935187286
-0.21112061280017055
-0.37786064674511155
0.40215300303503193
0.28477973787098626
-0.01984747340559689
0.23465814221169412
0.16441595618019847
-0.065938668841309542
-0.21187372334976151
-0.29977923292187558
0.097448862468135083
0.43994908799503835
0.31059570571717854
0.70545046590992888
0.2287754141544997
-0.1531968491953361
-0.19648618578634544
-0.60382639707572905
0.13020556254108226
-0.62275717560487476
0.095117365737085208
-0.27369949073521305
-0.061144938355797603
0.3486861032810189
0.060513479121717915
-0.82252085424042409
0.28039602406119402
0.55827706923580667
-0.0019060168929128007
-0.14434007700413071
-0.21382871647101337
0.060296094969391895
0.29825178801804486
-0.40552756459079131
-0.29262247139602748
-0.3400773721765874
-0.0085516118015169038
-0.033125883623237005
0.095831242964937086
0.11991194511323829
-0.21307009130392057
-0.36318394749616656
-0.3453468371051357
1.10079224659498
0.10569799656124061
-0.17829804735790822
-0.32946914644941505
0.7461336387036559
-0.081331435089716533
0.64810736396469015
0.67444379255592501
-0.4641427428597612
-0.081028884472335291
-0.44227445774370239
0.50448006649684496
-0.29995617394924912
0.03502508856652542
-0.37558225391779632
0.24274501581161811
-0.14234470998777829
-0.012731432190933728
0.35419873976467847
0.27112829759366613
-0.019976395164634078
0.12647619583280278
0.23498719144521099
-1.0624868355374246
0.26004867941290649
-0.092636419402844131
-0.58042108799002512
