-0.36558173507737329
0.4304580218139174
0.1328973007012367
-0.14300053593005566
-0.62754594226651805
-0.56394971046079811
-0.70149800160124731
-0.78195279284472718
-0.10359907366795677
0.35520414880437085
0.02074656164872413
0.10683816651142045
-0.30105492721907978
-0.11658680124044084
-0.25766103228543008
0.090941494365124873
0.090076426591528522
-1.0356423580353982
0.46645170539300784
-0.66096044870455262
0.55919432832821425
0.71242921432313677
-0.058001333925189726
0.10287074751997254
-1.2254711355404004
-0.5116251296047295
-0.13086933702913098
0.38720408337801865
