0 9.0000000000000018
0.03125 8.9445626090936727
0.0625 8.8696206953348735
0.09375 8.7802923686463483
0.125 8.6814893850009121
0.1875 8.4722383457713786
0.25 8.2666610545700525
0.375 7.8847319681513941
0.5 7.441281816168412
0.625 6.7697946062390209
0.75 5.8229682716690094
0.8125 5.2798135315257468
0.875 4.7212187557686018
0.9375 4.1706103549059019
0.96875 3.9045380730977048
1 3.6472508783643374
1.03125 3.4002474897089381
1.0625 3.1646552518084965
1.125 2.7305153590351483
1.1875 2.3475804432419185
1.25 2.0149380745349017
1.375 1.4860616567958844
1.5 1.106374131059636
1.75 0.64543974829847561
2 0.40872976215179929
3 0.12306970033676592
4 0.056688920781887919
6 0.01517703310960674
8 0.0042450081420176214
16 3.0399426700439269e-05
