0 15.000000000000002
0.03125 15.189789169069593
0.0625 15.363688524215597
0.09375 15.520304578989139
0.125 15.657435821632266
0.1875 15.860813869231304
0.25 15.943745280711905
0.375 15.619784755667558
0.5 14.5359604393139
0.625 12.834700444472007
0.75 10.864922031591021
0.8125 9.8769976227032537
0.875 8.9177772094439156
0.9375 7.9989641633524098
0.96875 7.5569891225673036
1 7.1275429153321586
1.03125 6.7112277327414986
1.0625 6.308619645439558
1.125 5.5467193066220197
1.1875 4.8458293701132362
1.25 4.2088467961004117
1.375 3.1296430021410098
1.5 2.2968029566039454
1.75 1.2220238063708448
2 0.65978752948165476
3 0.07995070454216946
4 0.015735205364508537
6 0.0011253403531419071
8 9.8300472121254368e-05
16 6.5975905294557435e-09
