0 14
0.03125 14.155798014782437
0.0625 14.300232212480937
0.09375 14.430912260029478
0.125 14.546219089512526
0.1875 14.728843904327087
0.25 14.852127072849481
0.375 14.936831447670126
0.5 14.591347219906547
0.625 13.226075064893946
0.75 10.676441430427559
0.8125 9.1758327138320706
0.875 7.6954293242354286
0.9375 6.3339159321194956
0.96875 5.7168589215609167
1 5.1472844741676838
1.03125 4.6262955910120791
1.0625 4.1533758721051193
1.125 3.3440395073947311
1.1875 2.6973838130307364
1.25 2.1867516884293772
1.375 1.4722194045330836
1.5 1.0325910477275952
1.75 0.58042990072937506
2 0.380428512886824
3 0.14209867830792233
4 0.071745254931168387
6 0.023184966236895144
8 0.0096295402068414526
16 0.0017794344507465615
