0 21
0.03125 20.869693237850285
0.0625 20.716938283756431
0.09375 20.543817717891919
0.125 20.351327259329601
0.1875 19.90773331271302
0.25 19.379112787513012
0.375 18.020621316009205
0.5 16.222453066645965
0.625 14.064132494297338
0.75 11.77237644016577
0.8125 10.661286860788053
0.875 9.6093755038018003
0.9375 8.6326093418920351
0.96875 8.1749435733879192
1 7.738159522796491
1.03125 7.3220979263858332
1.0625 6.9263264049227544
1.125 6.1930048459285514
1.1875 5.5319277793358959
1.25 4.9362966725560744
1.375 3.9166491243612644
1.5 3.0926380136984406
1.75 1.9122002863140639
2 1.1917738950242887
3 0.26506135639449063
4 0.10518262093329594
6 0.030600367343128432
8 0.012289974424106592
16 0.0010254285476756775
