0 10
0.03125 10.154104563834641
0.0625 10.294184950903045
0.09375 10.414448931208746
0.125 10.508399352992987
0.1875 10.590077325812269
0.25 10.488878112496041
0.375 9.6404325706351699
0.5 8.0836835255398842
0.625 6.2911668804222476
0.75 4.687806990065619
0.8125 4.0198653947803908
0.875 3.446155587728104
0.9375 2.9602491959524282
0.96875 2.7471522525272278
1 2.5521154684260621
1.03125 2.3737322216558896
1.0625 2.2106254213892851
1.125 1.9250303010662033
1.1875 1.6856974020698583
1.25 1.4843745843125693
1.375 1.1695162016662133
1.5 0.93937073178940744
1.75 0.63537436113678547
2 0.45116975767295547
3 0.15487725396929403
4 0.070881678021055952
6 0.024842594271658892
8 0.013409687780985627
16 0.0025926235865309441
