0 14
0.03125 13.828974398617099
0.0625 13.694765695470457
0.09375 13.594890383819539
0.125 13.526170746069861
0.1875 13.466582181725141
0.25 13.47949973581118
0.375 13.536703014765518
0.5 13.272854456973915
0.625 12.32472571986006
0.75 10.662468381027104
0.8125 9.6642386654011538
0.875 8.6323083502504332
0.9375 7.6192610193725958
0.96875 7.1326389659878213
1 6.6642067908054212
1.03125 6.216494884933244
1.0625 5.7912025159525182
1.125 5.01118742841612
1.1875 4.3254607176772497
1.25 3.72922533066926
1.375 2.7718536114526984
1.5 2.0665985523395531
1.75 1.165550265979401
2 0.67098764010191281
3 0.088559259101758922
4 0.01458722731159387
6 0.00056786986220326574
8 2.7783746892121042e-05
16 2.8032992593907125e-10
