0 5.0000000000000009
0.03125 4.9988231616515737
0.0625 4.9948072781591568
0.09375 4.985668837448622
0.125 4.9690626594744431
0.1875 4.9045654064874533
0.25 4.7863085430089969
0.375 4.3633416843776311
0.5 3.7307345648348518
0.625 3.0095964418986165
0.75 2.3267959486443148
0.8125 2.0257728622070466
0.875 1.757889782249495
0.9375 1.5239618546793294
0.96875 1.4193940019335305
1 1.3227212800933976
1.03125 1.2335876700352848
1.0625 1.1515960866181842
1.125 1.0073350531309941
1.1875 0.88646050161230994
1.25 0.78556682616341522
1.375 0.63143201373669888
1.5 0.52386770150487261
1.75 0.39136269701740278
2 0.31424703337404852
3 0.14865465586177845
4 0.062293183932459355
6 0.0091521186766264154
8 0.0013439443428698399
16 8.478278772962311e-07
