0 29.000000000000014
0.03125 29.481407772002395
0.0625 29.974241452332652
0.09375 30.479161716345963
0.125 30.995516687469799
0.1875 32.04897401504369
0.25 33.072085923367304
0.375 34.354322353585886
0.5 32.752941052923084
0.625 27.128081211573406
0.75 19.70834148320553
0.8125 16.302183537097289
0.875 13.371842863255633
0.9375 10.952345764738126
0.96875 9.9230611211277697
1 9.002994443491831
1.03125 8.1825327409825661
1.0625 7.4518944769707538
1.125 6.22265373489767
1.1875 5.2468350929359788
1.25 4.4679552662481754
1.375 3.3326888121964648
1.5 2.5701076843477653
1.75 1.650112888748803
2 1.1363159523400659
3 0.35407457361756339
4 0.13766361787225934
6 0.028800188683390904
8 0.010001775056624196
16 0.0028011443556204552
