0 14.999999999999996
0.03125 15.058649850587292
0.0625 15.080918795082333
0.09375 15.070047481211224
0.125 15.029779189940323
0.1875 14.876716253498858
0.25 14.649917863510753
0.375 14.025187220727696
0.5 13.092168147880919
0.625 11.664821442778596
0.75 9.749511981217605
0.8125 8.6965844072911889
0.875 7.6462395861197745
0.9375 6.642595259507126
0.96875 6.1688197977645851
1 5.7176369964424696
1.03125 5.2909205588171409
1.0625 4.8897925770410486
1.125 4.1656341435949109
1.1875 3.5430183276171081
1.25 3.0143525489996064
1.375 2.1966106309375499
1.5 1.6258909555108598
1.75 0.94863342307460086
2 0.60551730177410812
3 0.19784288863628141
4 0.10379008222382362
6 0.034231753850244198
8 0.01104649294057726
16 0.00011272037342509311
