0 26
0.03125 26.099286097583459
0.0625 26.214177002166327
0.09375 26.345604888704809
0.125 26.494356666240087
0.1875 26.843212763504983
0.25 27.24535482776308
0.375 28.006259045864638
0.5 28.197013876878071
0.625 27.223622892932614
0.75 24.432467337019691
0.8125 22.236266106259105
0.875 19.631147165424156
0.9375 16.837078991011719
0.96875 15.445262402140484
1 14.092645074322501
1.03125 12.799998682448436
1.0625 11.582514571263808
1.125 9.4073584688898588
1.1875 7.5931878392058918
1.25 6.1177232346328605
1.375 3.9960500749327004
1.5 2.6596511769276954
1.75 1.2651886365852301
2 0.65915391470627549
3 0.093606864056180628
4 0.024234621970174341
6 0.0029200638478467655
8 0.00041465175730687198
16 1.834977843007124e-07
