0 23.999999999999993
0.03125 23.724103613435517
0.0625 23.443771624626166
0.09375 23.155404373267817
0.125 22.855648951289819
0.1875 22.211067226299921
0.25 21.493789767979017
0.375 19.812054467715758
0.5 17.799010902241339
0.625 15.518514004553616
0.75 13.121629552257296
0.8125 11.941413447275368
0.875 10.804448133677035
0.9375 9.7285431972939893
0.96875 9.2174844834972234
1 8.7257668016468202
1.03125 8.2540363731651105
1.0625 7.8026495927849542
1.125 6.961119062582771
1.1875 6.1997254309268772
1.25 5.5148208049187746
1.375 4.3543170756570975
1.5 3.4358980556705405
1.75 2.1572692030670568
2 1.3914915798050835
3 0.3705681006558682
4 0.16123178183752257
6 0.043373381134295924
8 0.012603014504232679
16 0.00012977953334450398
