0 14
0.03125 14.095162266549181
0.0625 14.212702611264396
0.09375 14.344096466081597
0.125 14.479075346511824
0.1875 14.711294392168067
0.25 14.804409786238955
0.375 14.207693594269648
0.5 12.420419536701894
0.625 9.9760434879299247
0.75 7.6062287842087422
0.8125 6.5822280514689595
0.875 5.6857807798564846
0.9375 4.9126915707793417
0.96875 4.5690192329263901
1 4.251682675009766
1.03125 3.9589097643690385
1.0625 3.6889401396838859
1.125 3.2106694417820529
1.1875 2.8042841468530422
1.25 2.4587999845498736
1.375 1.9144340258349246
1.5 1.5185078882873979
1.75 1.0147186598579103
2 0.73269450468846042
3 0.29907804184786457
4 0.13261545101066141
6 0.024932527273809679
8 0.0053509737833447313
16 2.6103747490166529e-05
