0 18.999999999999996
0.03125 18.878277616331886
0.0625 18.756614039967022
0.09375 18.63299503026051
0.125 18.505644597439645
0.1875 18.233279785700589
0.25 17.925760385411849
0.375 17.122586134645385
0.5 15.867332246709925
0.625 13.98453058391131
0.75 11.60943434781248
0.8125 10.360886456556946
0.875 9.1440556149117125
0.9375 8.0005640598232759
0.96875 7.4652700081275176
1 6.9572131756389348
1.03125 6.4775781020532897
1.0625 6.0268637578798128
1.125 5.2114609145866462
1.1875 4.5056001455437498
1.25 3.8996742634639614
1.375 2.9415280250300362
1.5 2.2470136240695693
1.75 1.3687137633631581
2 0.87924552684607749
3 0.21674858446878109
4 0.081174225226427615
6 0.026110427857891638
8 0.013948190640897168
16 0.0029011461904478453
