0 21.999999999999996
0.03125 22.09925069837
0.0625 22.159064995727665
0.09375 22.177755493364486
0.125 22.15391123618102
0.1875 21.975097800317574
0.25 21.621849931311331
0.375 20.451346058713206
0.5 18.859533493977278
0.625 17.079931623209823
0.75 15.200823586016257
0.8125 14.212505051480226
0.875 13.181526354449117
0.9375 12.107172380084357
0.96875 11.556152493248021
1 10.998501429659015
1.03125 10.436897516212651
1.0625 9.8744703077302685
1.125 8.7610125484197532
1.1875 7.6862679151454092
1.25 6.6757174466510216
1.375 4.9167471699253227
1.5 3.5487252048798346
1.75 1.8264974053310434
2 0.9737354691531015
3 0.14146843094566375
4 0.035589174638437693
6 0.003498226887780953
8 0.00042281363489515833
16 1.4945677051514394e-07
