0 14.999999999999998
0.03125 15.203917390667407
0.0625 15.384254006558544
0.09375 15.533591724947112
0.125 15.643589363054229
0.1875 15.710226475795462
0.25 15.51806716738983
0.375 14.225069176612534
0.5 11.932603205594845
0.625 9.3151003198815854
0.75 6.9858837322556209
0.8125 6.0190316837161184
0.875 5.1903954759195763
0.9375 4.4900557085175823
0.96875 4.1834049056937346
1 3.9030366575669677
1.03125 3.6468778557946711
1.0625 3.4129031550684514
1.125 3.003852195982688
1.1875 2.6617383032985544
1.25 2.3744345026790366
1.375 1.9256125110885496
1.5 1.5967945101429093
1.75 1.1552023075980233
2 0.87382868332749064
3 0.338362244743587
4 0.14678555065117554
6 0.039365102247531591
8 0.013966783510050138
16 0.0002861439927272641
