0 6.0000000000000009
0.03125 6.1151194070052295
0.0625 6.2364538532045355
0.09375 6.3652123369230909
0.125 6.5018777103445728
0.1875 6.7961316085045409
0.25 7.1022880243896021
0.375 7.5915336164792624
0.5 7.5647810878469928
0.625 6.7769773521154821
0.75 5.428275097140534
0.8125 4.6866828529010771
0.875 3.9712997945359865
0.9375 3.3167695345381012
0.96875 3.0186359688722213
1 2.7415049008702144
1.03125 2.4856768493133168
1.0625 2.2509112639636939
1.125 1.8416669685161486
1.1875 1.5055896354707075
1.25 1.2324942516540485
1.375 0.8345881405109401
1.5 0.57704478730064401
1.75 0.29762828380053086
2 0.16909223627762393
3 0.030174665499487045
4 0.0069969163240839426
6 0.0004084037693263716
8 2.4017863922289051e-05
16 2.8743369837047616e-10
