0 10
0.03125 9.963063001121359
0.0625 9.9227187089006978
0.09375 9.8754902587703981
0.125 9.8180533397417786
0.1875 9.6612007354738783
0.25 9.4350590022106164
0.375 8.7554954756491128
0.5 7.8185581518847869
0.625 6.7315540006568542
0.75 5.6085045591606706
0.8125 5.0640243376794229
0.875 4.543699835168403
0.9375 4.0545524917418554
0.96875 3.8232743369973936
1 3.6014508947577624
1.03125 3.389369239389679
1.0625 3.1872010225449894
1.125 2.812774304695568
1.1875 2.477631604261
1.25 2.180089128417332
1.375 1.687458334902773
1.5 1.3109899001044254
1.75 0.81102492492075551
2 0.52463552293275972
3 0.14457662136178889
4 0.06485051686015908
6 0.021072172098305399
8 0.0075632104199202035
16 0.00012937115498126012
