0 27.999999999999993
0.03125 28.07513433636678
0.0625 28.125316912238265
0.09375 28.146530367058016
0.125 28.135029363604371
0.1875 27.999775332826111
0.25 27.691170988075406
0.375 26.424230277582961
0.5 24.092887746549199
0.625 20.760029562705739
0.75 16.994711438168181
0.8125 15.17647978330826
0.875 13.489594596323233
0.9375 11.967291522282386
0.96875 11.271742276148876
1 10.61967493235316
1.03125 10.009836694168358
1.0625 9.4403743593323721
1.125 8.4132322691573069
1.1875 7.517704231475304
1.25 6.7326592838422847
1.375 5.4196178444020324
1.5 4.3572990463743126
1.75 2.7493346295045025
2 1.6717303515245572
3 0.22871001022399284
4 0.046653817744026327
6 0.0055180019606313468
8 0.0020824740586116719
16 0.00093472653668769112
