0 18
0.03125 17.865638514559365
0.0625 17.704463897103778
0.09375 17.518374246233009
0.125 17.309070725221545
0.1875 16.8279174661266
0.25 16.277722872370003
0.375 15.05592006124056
0.5 13.789882405352445
0.625 12.477427340871518
0.75 10.977528813218383
0.8125 10.126692079554513
0.875 9.2188175606432647
0.9375 8.2788075478819607
0.96875 7.8067253005869253
1 7.3388439885175174
1.03125 6.8791422496117525
1.0625 6.4312264683561891
1.125 5.582667166593688
1.1875 4.8113033730951908
1.25 4.1263273967430694
1.375 3.0165485600032222
1.5 2.2130378356312761
1.75 1.248246177153443
2 0.76856369505749689
3 0.22034641166688218
4 0.097004832250631778
6 0.02494845273888921
8 0.0084879459264572132
16 0.0015918929001148274
