0 24
0.03125 23.675068315029915
0.0625 23.371656368926736
0.09375 23.08548741034647
0.125 22.81242266390143
0.1875 22.289789865144584
0.25 21.773557360943848
0.375 20.653607714312582
0.5 19.286030571006346
0.625 17.607086741053482
0.75 15.654527548350623
0.8125 14.600394138631689
0.875 13.507275973775899
0.9375 12.38509027535358
0.96875 11.816869791973843
1 11.246420218817278
1.03125 10.675997843198337
1.0625 10.10812462587589
1.125 8.9910415269526709
1.1875 7.9177084750408788
1.25 6.9091049660593011
1.375 5.1460054580968047
1.5 3.7600957672667206
1.75 1.9804099452769999
2 1.0710045118069977
3 0.14676625666750659
4 0.040871841060216241
6 0.014278802500944043
8 0.008780682595336875
16 0.0018206776859159834
