0 30.000000000000004
0.03125 29.756978473333529
0.0625 29.488324100063384
0.09375 29.197971326296067
0.125 28.888274296057141
0.1875 28.212116883793854
0.25 27.44625238310983
0.375 25.489116733158763
0.5 22.703091653051295
0.625 19.161151049327376
0.75 15.435879301749694
0.8125 13.700037269417827
0.875 12.112557361274492
0.9375 10.691110732812279
0.96875 10.043138525961044
1 9.4356787767197225
1.03125 8.8671124902754865
1.0625 8.3355217613748103
1.125 7.3748645582707848
1.1875 6.5366846216854908
1.25 5.8048192748942746
1.375 4.6045214501275904
1.5 3.6820381654111358
1.75 2.4216696188301801
2 1.6679094390011737
3 0.59603421685192637
4 0.29041220671959544
6 0.06848030040174824
8 0.017810639212826496
16 0.00036902767334479059
