0 13.000000000000002
0.03125 12.952676714699022
0.0625 12.900703128827592
0.09375 12.850817495081603
0.125 12.809089864457659
0.1875 12.767663615568845
0.25 12.790543149261337
0.375 12.870903736905341
0.5 12.388642282816598
0.625 10.777101385502187
0.75 8.3556974475870636
0.8125 7.1056840495771212
0.875 5.9484482693216574
0.9375 4.9306079798154618
0.96875 4.4797878387100081
1 4.0677916639898628
1.03125 3.6933912263243434
1.0625 3.3546823106024286
1.125 2.7747725482033623
1.1875 2.3074607107718976
1.25 1.9322871860933919
1.375 1.388291519978988
1.5 1.0315333235590185
1.75 0.62391468190594468
2 0.41553122634532114
3 0.14125536392862736
4 0.073735684049544434
6 0.029845320451870563
8 0.014217920879653678
16 0.0020044169812420964
