0 17
0.03125 17.441260102805884
0.0625 17.910803953962116
0.09375 18.397222214146343
0.125 18.884854863118544
0.1875 19.781229913119432
0.25 20.408437705064724
0.375 20.154664695728492
0.5 17.709795483856304
0.625 14.24960187976756
0.75 11.021550856547275
0.8125 9.6497598791865986
0.875 8.4414947438857055
0.9375 7.3794553403648431
0.96875 6.8972265141824431
1 6.4445409324457303
1.03125 6.0194235638751348
1.0625 5.6201210600968814
1.125 4.8929409819769054
1.1875 4.2525315095652516
1.25 3.6902573468568995
1.375 2.7703086041774072
1.5 2.0779672539800926
1.75 1.184654612837021
2 0.70061466470034872
3 0.14175692904814416
4 0.055648121675364093
6 0.020069261711006009
8 0.0094999619677313407
16 0.00060546334310040972
