0 28.000000000000007
0.03125 28.342265146730679
0.0625 28.643051509438468
0.09375 28.901332737725301
0.125 29.114923453991661
0.1875 29.389774028499268
0.25 29.406959616075479
0.375 28.279929273418624
0.5 25.16978518783414
0.625 20.611159249832532
0.75 15.929351328124703
0.8125 13.854602159847047
0.875 12.021312573974171
0.9375 10.429890694414778
0.96875 9.7193393091898361
1 9.0612854814920443
1.03125 8.4521906722433151
1.0625 7.888476940468391
1.125 6.8833766924865607
1.1875 6.0202358046823283
1.25 5.2768830196682837
1.375 4.0787783837919447
1.5 3.1767196510910001
1.75 1.9738672949360252
2 1.2738037983249961
3 0.34145544028445812
4 0.15645101608049089
6 0.06290049111914725
8 0.031021357843527275
16 0.0021590769788600306
