0 25
0.03125 24.589633762157241
0.0625 24.187805333785175
0.09375 23.79855870165586
0.125 23.424874429216086
0.1875 22.730742439047592
0.25 22.106781778509326
0.375 20.969488740526863
0.5 19.622354971432404
0.625 17.620034200391544
0.75 14.944866203193566
0.8125 13.494403873561343
0.875 12.065029852001336
0.9375 10.713709113854305
0.96875 10.079351234504262
1 9.4763068786611147
1.03125 8.9059766218606953
1.0625 8.368827283444908
1.125 7.3923919567452572
1.1875 6.538920866182993
1.25 5.7958258460924075
1.375 4.585687866020022
1.5 3.6617474930610565
1.75 2.3900653001666639
2 1.6016844988096872
3 0.40044538870960844
4 0.12783742832386857
6 0.020068387045085567
8 0.0043845806562140544
16 2.5962589235706268e-05
