0 9.9999999999999982
0.03125 9.8218214200059446
0.0625 9.6561026608208955
0.09375 9.5040439358670792
0.125 9.3664074848570458
0.1875 9.1353400580017183
0.25 8.9601468138228508
0.375 8.7220262159199713
0.5 8.4485270398278143
0.625 7.8711976180319674
0.75 6.8670064611784767
0.8125 6.2404042592183204
0.875 5.5748894556630528
0.9375 4.9064263623971991
0.96875 4.5809194278850507
1 4.2654231871723418
1.03125 3.9623365227722429
1.0625 3.6734647733847412
1.125 3.1428702791404262
1.1875 2.6780944014449504
1.25 2.2778943418477797
1.375 1.6502890096443503
1.5 1.2071712222786553
1.75 0.67614595934030919
2 0.40327575711186697
3 0.076134294005420516
4 0.019378704483054669
6 0.0021577698228586184
8 0.00080892702612523487
16 0.00059526357627361776
