0 11.000000000000002
0.03125 10.457154529080778
0.0625 9.9745313200130603
0.09375 9.5480726223446446
0.125 9.172315955475975
0.1875 8.5484727864143277
0.25 8.0553179624485391
0.375 7.3069236759841498
0.5 6.7047359283751966
0.625 6.1291505278744793
0.75 5.5201440888721658
0.8125 5.1962556053758444
0.875 4.8606475613901985
0.9375 4.5167404898516654
0.96875 4.3431357524313459
1 4.1693220891234244
1.03125 3.9960009434903556
1.0625 3.8238749826677254
1.125 3.4859162684430394
1.1875 3.1604492939523006
1.25 2.8515875770665029
1.375 2.2947042885819302
1.5 1.8268454197261144
1.75 1.1428997554165929
2 0.71835443869310234
3 0.14063996121010711
4 0.040201892065872047
6 0.0084226122486759439
8 0.0044854196633748039
16 0.0017156816583535697
