0 19
0.03125 18.734066770666711
0.0625 18.447654359823339
0.09375 18.145782556285418
0.125 17.832232983971224
0.1875 17.179175813071996
0.25 16.496723468334327
0.375 15.03198654635432
0.5 13.416976233271628
0.625 11.683800907176625
0.75 9.9026408312394558
0.8125 9.0211423018749635
0.875 8.1622867421074332
0.9375 7.3388820029302408
0.96875 6.9441948142822678
1 6.5625755540843942
1.03125 6.1950963002457069
1.0625 5.8426255792330899
1.125 5.1851118291164529
1.1875 4.5927360698714246
1.25 4.0651375604541657
1.375 3.1914514765001014
1.5 2.5258083513327607
1.75 1.6408989400872607
2 1.1189644070666924
3 0.31121688256580327
4 0.10387203025338701
6 0.019956761597626216
8 0.0072905134260804194
16 0.0012826486513641544
