0 7.0000000000000027
0.03125 6.8624587824561152
0.0625 6.7106239748671488
0.09375 6.5479536175749669
0.125 6.3777234392800075
0.1875 6.0262283193773554
0.25 5.6757743398204781
0.375 5.0259264329922493
0.5 4.4722653848737366
0.625 4.0026427049940372
0.75 3.5838661400247203
0.8125 3.3835420417519471
0.875 3.1855387160221857
0.9375 2.9883987580183096
0.96875 2.8899871071747483
1 2.7917122957621072
1.03125 2.6936616149815631
1.0625 2.5959644352934625
1.125 2.4023097829751845
1.1875 2.2123161911078695
1.25 2.0277160557135403
1.375 1.6812290603252229
1.5 1.3733050612356947
1.75 0.88876180564843477
2 0.56415876261166376
3 0.097151450646048423
4 0.020067727819246373
6 0.0011356903001942253
8 7.4944649941243585e-05
16 2.1856100818062885e-09
