0 22.999999999999996
0.03125 23.013214118171792
0.0625 22.981690400955486
0.09375 22.901052357410862
0.125 22.767388646379299
0.1875 22.32956501406191
0.25 21.656940142165599
0.375 19.664293437215957
0.5 17.073102489305814
0.625 14.307001683873287
0.75 11.72803355932929
0.8125 10.572167936140545
0.875 9.5155833270600816
0.9375 8.555747127510589
0.96875 8.1101096908078638
1 7.6859992495520304
1.03125 7.2823792772254565
1.0625 6.8982373502950747
1.125 6.1846268960773543
1.1875 5.5383976970441395
1.25 4.9539802775698165
1.375 3.9528111112020539
1.5 3.1499728391797204
1.75 2.023414332337488
2 1.3496235794422466
3 0.4251513491318033
4 0.18868433166577583
6 0.04272011185627328
8 0.011289724652956329
16 0.0001364456493569699
