0 7.0000000000000009
0.03125 6.9783254173322131
0.0625 6.9315194131343176
0.09375 6.8619744225518398
0.125 6.772342685436425
0.1875 6.5439137950193658
0.25 6.2677951201109234
0.375 5.6433969245210553
0.5 4.999257874841196
0.625 4.3800515681208818
0.75 3.8009753516881712
0.8125 3.5280604150233299
0.875 3.2665893673537729
0.9375 3.0167445667165271
0.96875 2.8962327202256057
1 2.7786868509351397
1.03125 2.6641253569961258
1.0625 2.5525657593688065
1.125 2.3385157533275418
1.1875 2.1366439093592478
1.25 1.9470130500921656
1.375 1.6043994796785452
1.5 1.3096893533643243
1.75 0.85295719200151865
2 0.54418622861840094
3 0.087645632141661628
4 0.01594676716837733
6 0.00078016331517619802
8 4.975718747148028e-05
16 1.2772882612699377e-09
