0 23
0.03125 22.580818460492448
0.0625 22.147366617113814
0.09375 21.697346389987295
0.125 21.229962089180898
0.1875 20.246161238779329
0.25 19.211333222866312
0.375 17.095790502982201
0.5 15.117945444273396
0.625 13.443277518871138
0.75 12.052831774547997
0.8125 11.404866300890449
0.875 10.745972220530735
0.9375 10.050427082519709
0.96875 9.6842764563322934
1 9.3053401454019511
1.03125 8.9144507248870539
1.0625 8.5133267400808919
1.125 7.6907263920682274
1.1875 6.8624102122419659
1.25 6.0553899350287601
1.375 4.5936995761459931
1.5 3.4138541487094645
1.75 1.8793651872765393
2 1.0918726541032961
3 0.26014650170922365
4 0.12602861635341558
6 0.053219422194456634
8 0.025266591799993188
16 0.00097836500153414274
