0 11.000000000000002
0.03125 10.812117836124987
0.0625 10.615953513736271
0.09375 10.411895349275449
0.125 10.200464242396038
0.1875 9.7579944951809185
0.25 9.2940742702116115
0.375 8.3270085084229866
0.5 7.3549608757958831
0.625 6.434975484230498
0.75 5.6053043610544373
0.8125 5.2273300662971005
0.875 4.8717033142107553
0.9375 4.5353521338818439
0.96875 4.3733578442381482
1 4.2149540511267496
1.03125 4.05979063763965
1.0625 3.9075706432079311
1.125 3.6110831115037216
1.1875 3.3243897588140197
1.25 3.0473814375748232
1.375 2.5257061951952409
1.5 2.0560120872480585
1.75 1.3054716066956222
2 0.80496714717297146
3 0.14184222689831399
4 0.044870374246175293
6 0.0094972984048801376
8 0.0024800961928580847
16 1.416170834291075e-05
