0 13
0.03125 12.822590525957825
0.0625 12.613093931916319
0.09375 12.372348073588965
0.125 12.102133013031121
0.1875 11.484953967103479
0.25 10.792034053363942
0.375 9.3258429535306142
0.5 7.9510334203543671
0.625 6.7716251994234264
0.75 5.7709306950927148
0.8125 5.3209091338778878
0.875 4.8969880271569739
0.9375 4.4959244878915641
0.96875 4.3034498722137986
1 4.1162556092259646
1.03125 3.934356541658071
1.0625 3.7578118750402112
1.125 3.4211429314917168
1.1875 3.1070061440996755
1.25 2.8159940463618365
1.375 2.3037248001750958
1.5 1.8806244961936476
1.75 1.2613982902485001
2 0.86389537643168357
3 0.24420274196985314
4 0.098778605594928029
6 0.031910428889444141
8 0.013039311588247338
16 0.00034503516373482479
