0 24.999999999999996
0.03125 24.83435193228221
0.0625 24.602533133026245
0.09375 24.311787730200781
0.125 23.969404137397969
0.1875 23.157991072678819
0.25 22.22209451165417
0.375 20.170198235598654
0.5 18.148632179291099
0.625 16.353571939152904
0.75 14.766386361823825
0.8125 13.99100826283305
0.875 13.186586731333938
0.9375 12.329421334260198
0.96875 11.877311527620295
1 11.409582920372275
1.03125 10.927599719736564
1.0625 10.433672784342711
1.125 9.4229420997541524
1.1875 8.4076795085198004
1.25 7.4201563579442524
1.375 5.6332486485018327
1.5 4.190092885412211
1.75 2.3068305845053265
2 1.3327048843977738
3 0.27560465773430981
4 0.096212964888807873
6 0.018145405680390525
8 0.0040464214174533164
16 1.3508372700810067e-05
