0 6
0.03125 6.2447510429759641
0.0625 6.4872210131412409
0.09375 6.722301942502737
0.125 6.9440655068609436
0.1875 7.3210141320474715
0.25 7.563483568546375
0.375 7.4763948268082805
0.5 6.5986282868666573
0.625 5.2542387121999514
0.75 3.8839227463244113
0.8125 3.281495968657671
0.875 2.7545455177032929
0.9375 2.3047348332169189
0.96875 2.1074504467387865
1 1.9273793104146575
1.03125 1.7634480615549692
1.0625 1.6145183273500001
1.125 1.3570445867797867
1.1875 1.1459962055961324
1.25 0.97323151296047827
1.375 0.71549265676592566
1.5 0.54048403206514384
1.75 0.33370879682395016
2 0.22534477792566737
3 0.078141130460046629
4 0.038251174708769903
6 0.012158450686591337
8 0.0042561811297875188
16 6.8404294224118367e-05
