0 11.999999999999998
0.03125 11.852479734342648
0.0625 11.721605153415851
0.09375 11.602444241674094
0.125 11.489797986078047
0.1875 11.26316175951751
0.25 11.002435573609388
0.375 10.266085301891534
0.5 9.1926147726205798
0.625 7.9018317202274622
0.75 6.6026475510444733
0.8125 6.0037636828692094
0.875 5.4545695647963699
0.9375 4.9589791027101908
0.96875 4.7311386360182395
1 4.5160594821465478
1.03125 4.3131330569335899
1.0625 4.121643715416309
1.125 3.7698124927257948
1.1875 3.4540795819782493
1.25 3.1682329628854173
1.375 2.6655612777742004
1.5 2.2310787256427451
1.75 1.5148306407102989
2 0.98174379362937925
3 0.14140705719874314
4 0.022140464546398064
6 0.00092443589832937045
8 5.7841943263942097e-05
16 1.7425779846869105e-09
