0 24
0.03125 24.009277188101986
0.0625 24.014325620701438
0.09375 24.018166370382424
0.125 24.021830561014671
0.1875 24.021714717598893
0.25 23.978456982466387
0.375 23.491798302425515
0.5 22.003198175614841
0.625 19.310207792001659
0.75 15.792918955732162
0.8125 13.947434382908979
0.875 12.16262513599178
0.9375 10.504268086324782
0.96875 9.7361507119032495
1 9.0129074653132921
1.03125 8.3359512556236588
1.0625 7.7055542358739482
1.125 6.5810749700650808
1.1875 5.62660514755314
1.25 4.8231879849321135
1.375 3.5863655444001736
1.5 2.7175806025909455
1.75 1.6515817463871625
2 1.0695302013793653
3 0.27393535116601359
4 0.099166253161131535
6 0.027325016380092992
8 0.014194497837841102
16 0.0025071751985604185
