0 9.0000000000000018
0.03125 9.04581296466929
0.0625 9.066096711711948
0.09375 9.0597613991863479
0.125 9.0256165000900594
0.1875 8.869481353020042
0.25 8.5920037475114182
0.375 7.6967605383263669
0.5 6.4975146502331844
0.625 5.2474298608151333
0.75 4.1437856523711964
0.8125 3.6747425501473145
0.875 3.2624349505819956
0.9375 2.903003882649807
0.96875 2.7413566651140471
1 2.5907012244805103
1.03125 2.4502314218496282
1.0625 2.3191558176043592
1.125 2.0821854693971464
1.1875 1.8742414678083918
1.25 1.6905924363761335
1.375 1.38136116667395
1.5 1.1317875914784328
1.75 0.75962234675591478
2 0.50806561327466937
3 0.10968861529745427
4 0.03305056956704977
6 0.0090343079708285236
8 0.0059266517129543984
16 0.0029360395347403194
