0 6
0.03125 6.1448088987009628
0.0625 6.2579174453846482
0.09375 6.3361470298872158
0.125 6.3773358205810036
0.1875 6.3457939496250084
0.25 6.169667733747195
0.375 5.4873730293701337
0.5 4.5999950287892135
0.625 3.7385655812747847
0.75 3.0094866214581164
0.8125 2.7004802419335925
0.875 2.425219971706273
0.9375 2.1798799968937095
0.96875 2.0672095257914247
1 1.9605924405004305
1.03125 1.8596072272248405
1.0625 1.7638672744038437
1.125 1.5867541643320942
1.1875 1.4268498390301487
1.25 1.2822274392493314
1.375 1.0329119971721357
1.5 0.82929850865932186
1.75 0.53142546280099057
2 0.34177752380564402
3 0.077825645297818241
4 0.032712000865597016
6 0.013030725578419406
8 0.0062478117861257849
16 0.00029850180849469096
