0 21
0.03125 21.279397753580977
0.0625 21.491380661224756
0.09375 21.627831051461186
0.125 21.682870383740131
0.1875 21.539061158992862
0.25 21.07100448008709
0.375 19.417651503109276
0.5 17.402173711242138
0.625 15.510387834449631
0.75 13.719570246858883
0.8125 12.77281432225559
0.875 11.757975540521532
0.9375 10.678447696060744
0.96875 10.121921361272321
1 9.5603295170982658
1.03125 8.9989288154992835
1.0625 8.443061566048284
1.125 7.3678240524905272
1.1875 6.3684166725359352
1.25 5.4667714756611359
1.375 3.9862118627156926
1.5 2.905890907760786
1.75 1.6055573419544082
2 0.9560423357646215
3 0.21902702121374698
4 0.08403704078752533
6 0.020238302422517035
8 0.0054563936281688541
16 3.1651891403861043e-05
