0 28.000000000000011
0.03125 27.836888877785146
0.0625 27.675953594580943
0.09375 27.51665097653099
0.125 27.356868104758533
0.1875 27.020235300385405
0.25 26.62216199865307
0.375 25.389234140469245
0.5 23.149400218549061
0.625 19.785036806922179
0.75 15.876311470990643
0.8125 13.982079155657505
0.875 12.233904297918395
0.9375 10.671380409673846
0.96875 9.9642848673551452
1 9.3063280758132407
1.03125 8.6960736558571483
1.0625 8.1314295009372159
1.125 7.1285905286466003
1.1875 6.2752640487770694
1.25 5.5484952594331576
1.375 4.3928199804701711
1.5 3.526720127660584
1.75 2.3324668443018872
2 1.5688184927848039
3 0.37968808419417976
4 0.14227951346331202
6 0.049694083484661422
8 0.025719227450497928
16 0.0018662554240154727
