0 20.000000000000007
0.03125 19.680542080444312
0.0625 19.36827193108272
0.09375 19.060025367806023
0.125 18.750806772200317
0.1875 18.104266593262597
0.25 17.376925231328187
0.375 15.539282698010839
0.5 13.217828668177274
0.625 10.739768651559439
0.75 8.4790381143930365
0.8125 7.4998877669472286
0.875 6.633276908704147
0.9375 5.876578026414899
0.96875 5.537104701737201
1 5.2218832213272215
1.03125 4.9295236190571323
1.0625 4.6585859679030666
1.125 4.1751942515458325
1.1875 3.7604651068620867
1.25 3.4040298594868519
1.375 2.8304214599536111
1.5 2.3950733058180962
1.75 1.7832432780535676
2 1.3672152224341163
3 0.48375196479952687
4 0.17773286731899857
6 0.041209515878248393
8 0.015823277326454277
16 0.0019699561760860573
