0 29.000000000000004
0.03125 29.090637611499389
0.0625 29.147253670584458
0.09375 29.169420233690072
0.125 29.156606514754326
0.1875 29.022789726045691
0.25 28.735911332583701
0.375 27.627572993486218
0.5 25.600921289548825
0.625 22.414476086932861
0.75 18.228716879697242
0.8125 15.987583737547419
0.875 13.804853408438026
0.9375 11.776775443926647
0.96875 10.841177626835584
1 9.9641178395516192
1.03125 9.1476690874271327
1.0625 8.3921778049001627
1.125 7.0588571982217925
1.1875 5.9449901922195867
1.25 5.0232408162861333
1.375 3.6402875272456008
1.5 2.7030143718237336
1.75 1.60823925347925
2 1.0463966301319683
3 0.31941269742409495
4 0.14485105978270868
6 0.052199617959109879
8 0.028428174370901449
16 0.0050489324849852801
