0 10.999999999999998
0.03125 10.914364693018328
0.0625 10.804360214225856
0.09375 10.671752736063324
0.125 10.518381451882027
0.1875 10.156790035334337
0.25 9.7341632889905441
0.375 8.7591634072048858
0.5 7.6886693138647138
0.625 6.6021414262715723
0.75 5.5641127005678772
0.8125 5.0786228810182834
0.875 4.6211522041839599
0.9375 4.1943579786549554
0.96875 3.99296588553538
1 3.7997062804180524
1.03125 3.6145980374809508
1.0625 3.4376041927349426
1.125 3.1075676851037319
1.1875 2.8084079729117368
1.25 2.5384198423345694
1.375 2.0775912968342962
1.5 1.7072193389000492
1.75 1.1701660143713579
2 0.81726105078087541
3 0.21931608562772201
4 0.0678658624442878
6 0.0089754299047319352
8 0.0015385248096076928
16 2.766083874006231e-06
