0 9
0.03125 9.2532868848849237
0.0625 9.5086622232418154
0.09375 9.7672089754108509
0.125 10.029643750590822
0.1875 10.564649557605518
0.25 11.094982716099027
0.375 11.891356227951176
0.5 11.660182943373506
0.625 9.9567380414743401
0.75 7.3962866059890127
0.8125 6.1237948997875868
0.875 4.9806781848324402
0.9375 4.00585571194331
0.96875 3.5842100850112382
1 3.2048588329634451
1.03125 2.8654943192355757
1.0625 2.563286283196474
1.125 2.0578471676989509
1.1875 1.663484942388733
1.25 1.3571346214211193
1.375 0.93397641978860613
1.5 0.6746444776851831
1.75 0.40305828861952814
2 0.2757024041429067
3 0.10053486149141447
4 0.043536733185755974
6 0.008817400093397966
8 0.0019074345328956577
16 5.6601544249565428e-06
