0 22.000000000000004
0.03125 21.92031632982744
0.0625 21.817107477308323
0.09375 21.688616235773694
0.125 21.53289459814156
0.1875 21.132766671797906
0.25 20.607949187128231
0.375 19.208484514394687
0.5 17.467070496467635
0.625 15.493320338941858
0.75 13.276067148239774
0.8125 12.081057817471262
0.875 10.855878084656911
0.9375 9.6357725646850962
0.96875 9.0397866328028478
1 8.45934830886908
1.03125 7.8985009233854049
1.0625 7.3606431532999332
1.125 6.3638632186270527
1.1875 5.48170729236322
1.25 4.7165430330474347
1.375 3.5111935394458822
1.5 2.66251152697712
1.75 1.6590884967522515
2 1.1469581106020628
3 0.40713878584077451
4 0.15894853394795549
6 0.02810072230237351
8 0.0063373676431427439
16 3.9535324207695677e-05
