0 5.0000000000000009
0.03125 5.0975991918266725
0.0625 5.2015693666578029
0.09375 5.3097730624936039
0.125 5.4196748802369115
0.1875 5.6327203573920626
0.25 5.8146123963201362
0.375 5.9773590209936351
0.5 5.7452193625957602
0.625 5.1101861874283738
0.75 4.2228988320094194
0.8125 3.7492683603605923
0.875 3.2857758232198018
0.9375 2.8484155845441821
0.96875 2.6429502680908925
1 2.4474513824210637
1.03125 2.2624270631873018
1.0625 2.0881432419136292
1.125 1.771879004956241
1.1875 1.4973557742774883
1.25 1.2616079562964211
1.375 0.89079862627031126
1.5 0.62712502643476831
1.75 0.31186053478621079
2 0.15728247161782138
3 0.012179582154449229
4 0.0011822886028693726
6 1.5154627029195789e-05
8 2.1935518712892788e-07
16 1.0724060528488621e-14
