0 18
0.03125 17.727463892644071
0.0625 17.508648580962291
0.09375 17.340053238990759
0.125 17.216867947377494
0.1875 17.079483069445047
0.25 17.025343171554152
0.375 16.786659866260326
0.5 15.801659735742044
0.625 13.880290363708808
0.75 11.423718760833474
0.8125 10.166429691578044
0.875 8.9596546691225747
0.9375 7.8355058106184741
0.96875 7.3105587763452125
1 6.8121918392368181
1.03125 6.341053456424711
1.0625 5.8973266820012418
1.125 5.0910021952062596
1.1875 4.3882997154917618
1.25 3.7812398462492078
1.375 2.8152187677436431
1.5 2.1140142123571626
1.75 1.2399217258987325
2 0.77217090272778155
3 0.19278573180317118
4 0.082312147249261003
6 0.030801830511574535
8 0.015068971360449435
16 0.0015995447996229317
