0 26
0.03125 26.155003801727286
0.0625 26.257948893169338
0.09375 26.30600618386249
0.125 26.296759856085373
0.1875 26.100331081111168
0.25 25.666655857112929
0.375 24.160197532110438
0.5 21.984504279154283
0.625 19.269714213481532
0.75 16.108135139256138
0.8125 14.441451995076612
0.875 12.788058067554511
0.9375 11.202468467527201
0.96875 10.449423484576831
1 9.7286461018791393
1.03125 9.0431656888220964
1.0625 8.3950032414322813
1.125 7.214212181194255
1.1875 6.1861436676545214
1.25 5.3019446758016064
1.375 3.9081602516451541
1.5 2.9098952486728269
1.75 1.6837443613509548
2 1.0374514585983832
3 0.25747188231239393
4 0.1119560143243209
6 0.045446441818953187
8 0.027015559865311845
16 0.0037437696913132923
