0 13.999999999999995
0.03125 13.977390072039761
0.0625 13.949550128235803
0.09375 13.910864036116854
0.125 13.855448676759003
0.1875 13.67056073779041
0.25 13.350087108366957
0.375 12.193594861159958
0.5 10.41417524527016
0.625 8.3813049338784857
0.75 6.5063305775951736
0.8125 5.7031051093820206
0.875 5.0009591907147968
0.9375 4.3962193310937803
0.96875 4.1276823304800487
1 3.8798764250065974
1.03125 3.6513259656457238
1.0625 3.4405373956128096
1.125 3.0664184001519361
1.1875 2.7465151121345168
1.25 2.4711732496069936
1.375 2.0231707766807725
1.5 1.6742760501374712
1.75 1.164782826168417
2 0.81562628138247051
3 0.20965943868461223
4 0.070290302341531774
6 0.019032514571142245
8 0.010238824743656297
16 0.0030538827161631782
