0 10.000000000000002
0.03125 10.137402899107112
0.0625 10.297483221878085
0.09375 10.478648552741994
0.125 10.678726691740017
0.1875 11.123478215568332
0.25 11.598706026324251
0.375 12.420349505025602
0.5 12.544813094565065
0.625 11.445825343407568
0.75 9.2750208296616048
0.8125 8.0231425009076442
0.875 6.7973900882913911
0.9375 5.6691676962187048
0.96875 5.1549944279698687
1 4.6775687024080126
1.03125 4.2376468722229292
1.0625 3.8348723868721506
1.125 3.1354245010722468
1.1875 2.5639027697509733
1.25 2.1013243110733542
1.375 1.4289058623733957
1.5 0.99210983888848081
1.75 0.51001816931700927
2 0.28143388594981061
3 0.037664194840196966
4 0.0064032847224937545
6 0.00023527941669346242
8 9.7895532553821107e-06
16 3.6800659741764719e-11
