0 16.999999999999996
0.03125 17.020914780645143
0.0625 16.98222327378917
0.09375 16.881682093472662
0.125 16.718340167909236
0.1875 16.206669089046365
0.25 15.468702057565988
0.375 13.497506150960945
0.5 11.255177315969876
0.625 9.1404615937671316
0.75 7.3600719502052936
0.8125 6.6113290545720504
0.875 5.9516448701838964
0.9375 5.3728729194840836
0.96875 5.1109111387581931
1 4.8656291597568799
1.03125 4.6358425482970667
1.0625 4.4204033647279406
1.125 4.0282305145036732
1.1875 3.6810486032586067
1.25 3.3718474130285929
1.375 2.8446297825259643
1.5 2.4105031359993538
1.75 1.7357839922817513
2 1.2440277369480262
3 0.33075593407572385
4 0.11282285321086699
6 0.031808577007631872
8 0.014533351794765281
16 0.0011671672006568073
