0 9.9999999999999982
0.03125 10.072078636233028
0.0625 10.117499340024002
0.09375 10.133648121308807
0.125 10.118133507068064
0.1875 9.9847668967642722
0.25 9.7095436121258452
0.375 8.7703257777646542
0.5 7.4947159440064022
0.625 6.1559380123800445
0.75 4.951887896903501
0.8125 4.4283520140887669
0.875 3.9597995008290625
0.9375 3.5437091376549787
0.96875 3.3540319366873539
1 3.1757819183479694
1.03125 3.0083148153633315
1.0625 2.8509840701153695
1.125 2.5642090976643823
1.1875 2.3106506609614761
1.25 2.0859791683564226
1.375 1.708626267455579
1.5 1.4077134722424489
1.75 0.96876018773918682
2 0.67632739007263865
3 0.18340481708759715
4 0.064849900774821029
6 0.016001567667427004
8 0.0055828400797521549
16 0.00012335900234933944
