0 14.999999999999998
0.03125 15.155924458519586
0.0625 15.257828974563189
0.09375 15.304440411574625
0.125 15.295531011204757
0.1875 15.114844610691549
0.25 14.73046608363606
0.375 13.448906658718016
0.5 11.68578304917582
0.625 9.7054569010426679
0.75 7.7592143433639613
0.8125 6.8604076674230852
0.875 6.0320528570774163
0.9375 5.2820616649594605
0.96875 4.9374413314125478
1 4.6130357319112267
1.03125 4.3085359087065145
1.0625 4.023454045349423
1.125 3.5089157829359294
1.1875 3.0632540127570813
1.25 2.6794296610120254
1.375 2.0684925429071992
1.5 1.6222086282296335
1.75 1.0558898064900699
2 0.7411341931180222
3 0.28077057638757841
4 0.13154118736072334
6 0.036487158131854908
8 0.014011317309208085
16 0.00099049330231990029
