0 16.999999999999993
0.03125 16.92810043577369
0.0625 16.802064328122754
0.09375 16.621945869866739
0.125 16.388545397589422
0.1875 15.769386808873859
0.25 14.968544525030987
0.375 12.978616307842584
0.5 10.782574633013366
0.625 8.7003126715066283
0.75 6.9095072115642333
0.8125 6.1416572125236106
0.875 5.4571627152613331
0.9375 4.8508440997912912
0.96875 4.5749517725474593
1 4.316049244407953
1.03125 4.0732261676849868
1.0625 3.8455768541530539
1.125 3.432269472599784
1.1875 3.0693594162649216
1.25 2.7506445637030237
1.375 2.2241551591181259
1.5 1.8156297963206016
1.75 1.24569535091247
2 0.88767020132863228
3 0.3152322232777004
4 0.16061758187707578
6 0.064498370491899215
8 0.029392320736927019
16 0.0024134783776662422
