0 29.000000000000018
0.03125 28.923029327215279
0.0625 28.831209444096931
0.09375 28.719558253942029
0.125 28.583195770074546
0.1875 28.218117272480185
0.25 27.705518672987115
0.375 26.196201775521548
0.5 24.124633022598978
0.625 21.573866596585834
0.75 18.476033880141753
0.8125 16.742518173410165
0.875 14.952164223693162
0.9375 13.178724166699952
0.96875 12.32125486278921
1 11.493735166882992
1.03125 10.702298941003642
1.0625 9.9515506826730142
1.125 8.5830832451981713
1.1875 7.3973659498651578
1.25 6.3873004746819078
1.375 4.8231117396571408
1.5 3.7266335357635301
1.75 2.3829331269743492
2 1.62415348541961
3 0.40988607952330708
4 0.11112783122782066
6 0.013458760780420076
8 0.0038509089263449314
16 0.0013885601377560675
