0 8
0.03125 8.1709628426864374
0.0625 8.3340894272484789
0.09375 8.4902553243210299
0.125 8.6403528848244591
0.1875 8.9245584232586896
0.25 9.1846739039122482
0.375 9.5427829721138018
0.5 9.3791130668689213
0.625 8.3856049937269894
0.75 6.711766648300272
0.8125 5.7817449956996931
0.875 4.8795572836166894
0.9375 4.0516347546879583
0.96875 3.6742707167779503
1 3.3235980855052958
1.03125 3.00013485008248
1.0625 2.7036566321668647
1.125 2.1880827094319213
1.1875 1.7664325035590203
1.25 1.4254797829172421
1.375 0.93275949884486686
1.5 0.61804115205889054
1.75 0.28500226709712928
2 0.14013343790201799
3 0.012481394411912122
4 0.0018125746855786815
6 0.00046755976459911947
8 0.00043964037326162109
16 0.00040350662508265717
