0 14
0.03125 14.048777538951263
0.0625 14.090493576133978
0.09375 14.122879742747207
0.125 14.142905316203047
0.1875 14.130260160179361
0.25 14.015801317478028
0.375 13.322561113064431
0.5 11.871975467296776
0.625 9.849839714324121
0.75 7.7245940299783067
0.8125 6.7550678083934423
0.875 5.8860004231134795
0.9375 5.1261655950995255
0.96875 4.7867698262633445
1 4.473165289855018
1.03125 4.1840445441952623
1.0625 3.9179160608633654
1.125 3.4482370161513138
1.1875 3.0512810052692347
1.25 2.7149523321376883
1.375 2.1831732679074545
1.5 1.7869274873717056
1.75 1.2422323883835535
2 0.88897593713433276
3 0.25968187745559757
4 0.086862809346558448
6 0.017629493671406538
8 0.006040543202438825
16 0.00017004527317289464
