0 13.000000000000002
0.03125 12.777196971181162
0.0625 12.54908326211004
0.09375 12.320379097693259
0.125 12.094691285181845
0.1875 11.661344510450396
0.25 11.256979482389957
0.375 10.500524253596508
0.5 9.6804286353637625
0.625 8.6466545591210782
0.75 7.3843912282949793
0.8125 6.7063936391578185
0.875 6.0278891452348704
0.9375 5.3707229604919
0.96875 5.0557575599640661
1 4.7521598120558606
1.03125 4.4611853227943996
1.0625 4.183736911895628
1.125 3.6714449051701488
1.1875 3.2167024548202305
1.25 2.8176234609386039
1.375 2.1694648195741082
1.5 1.6861142128159954
1.75 1.0578261521759862
2 0.69840010023155796
3 0.19203373152724329
4 0.078725518145325149
6 0.025573376145256413
8 0.011096149130449748
16 0.00051067451714043033
