0 23.999999999999993
0.03125 23.871114842841337
0.0625 23.734817133803489
0.09375 23.589255901429571
0.125 23.431813024396931
0.1875 23.067514068231674
0.25 22.610230845918448
0.375 21.290419793490308
0.5 19.313689021185883
0.625 16.746953084476505
0.75 13.88982384605506
0.8125 12.48095615440182
0.875 11.148490035325509
0.9375 9.9258365914151572
0.96875 9.3622063174958345
1 8.8320883655556006
1.03125 8.3357858723565723
1.0625 7.8729339614035831
1.125 7.0434512800101814
1.1875 6.3315820022840352
1.25 5.7214140959844135
1.375 4.7383705838502719
1.5 3.972010229096429
1.75 2.7842029102174255
2 1.8716477987084987
3 0.2999042056992644
4 0.063870778636186398
6 0.0095298029346397306
8 0.002462386682499651
16 1.4674019420901629e-05
