0 7.0000000000000009
0.03125 6.9378357526200851
0.0625 6.8621369689716669
0.09375 6.7740538539902131
0.125 6.6745784845243854
0.1875 6.444534805568682
0.25 6.1766097224621213
0.375 5.5390226465192001
0.5 4.7933733756527914
0.625 3.9992456461002432
0.75 3.232774558022502
0.8125 2.8803461706044176
0.875 2.5554868041751222
0.9375 2.2607673368825911
0.96875 2.1249918275638464
1 1.9968913827323465
1.03125 1.8763310052753919
1.0625 1.7631130582553036
1.125 1.5576779440342379
1.1875 1.3782193341258453
1.25 1.2220770879470253
1.375 0.96896275389306785
1.5 0.77828453057991509
1.75 0.52243946305415345
2 0.36693108782262934
3 0.11342045537890789
4 0.041581659490667389
6 0.0080973818397665799
8 0.0023173473398605399
16 0.00012188592694581044
