0 24.999999999999993
0.03125 25.255006388360258
0.0625 25.487005891896956
0.09375 25.694493645180316
0.125 25.876613473946673
0.1875 26.164094874724128
0.25 26.351177962241234
0.375 26.401381843360134
0.5 25.679753104638309
0.625 23.298403630623017
0.75 18.954136272107899
0.8125 16.403576590777853
0.875 13.89288731751507
0.9375 11.589065769144455
0.96875 10.545918556877643
1 9.5828670580911997
1.03125 8.7011094672024782
1.0625 7.8992065884963578
1.125 6.5204126705020862
1.1875 5.4079524272772188
1.25 4.517255998809266
1.375 3.2368556973229858
1.5 2.4106008504282226
1.75 1.4866954335586398
2 1.0177528032698251
3 0.32787030420011049
4 0.1244553910965201
6 0.026451285681134695
8 0.0088843128769647284
16 0.00040864044432037394
