0 8.9999999999999982
0.03125 9.117318506224489
0.0625 9.2374194394287201
0.09375 9.3586121610484518
0.125 9.479140309560087
0.1875 9.71035465019831
0.25 9.9123683109333207
0.375 10.119936370352574
0.5 9.8318972867353907
0.625 8.8498515597410137
0.75 7.2905394707723863
0.8125 6.4147341769435657
0.875 5.5472749922619951
0.9375 4.7304032351757597
0.96875 4.3500740385610808
1 3.9914933211332149
1.03125 3.6558850290586311
1.0625 3.3437785965713305
1.125 2.7894449282020894
1.1875 2.3233606271833223
1.25 1.9363702112804966
1.375 1.3566621811665995
1.5 0.96879532552333025
1.75 0.53172362497936154
2 0.32160032209641692
3 0.077295468011576024
4 0.026618613967755535
6 0.0041324275836741101
8 0.00070429122032895919
16 6.4274264675867609e-07
