0 22.000000000000004
0.03125 22.117053849325984
0.0625 22.188285910426508
0.09375 22.211931339275726
0.125 22.186208772285433
0.1875 21.980267494524867
0.25 21.561964671967274
0.375 20.112870731237209
0.5 18.004997421861983
0.625 15.46836965927332
0.75 12.706036721877499
0.8125 11.31590546735575
0.875 9.9687335447926042
0.9375 8.6995527334509077
0.96875 8.1031737409079838
1 7.5357837739692677
1.03125 6.9991493253143107
1.0625 6.49435602531958
1.125 5.5815574206430423
1.1875 4.7948568409630701
1.25 4.125581563460293
1.375 3.0892214426510383
1.5 2.3666753103442435
1.75 1.5100894763273365
2 1.0671395930482823
3 0.40657628753868813
4 0.16429843992738422
6 0.030975995082630353
8 0.0097335430402585299
16 0.0017857544894173683
