0 27.999999999999993
0.03125 27.840392031768332
0.0625 27.688533988239104
0.09375 27.544050276815391
0.125 27.406562621096132
0.1875 27.14980836206594
0.25 26.905330465671049
0.375 26.285357600895107
0.5 24.928109869171337
0.625 22.194511746858382
0.75 18.292927383115885
0.8125 16.204591899003457
0.875 14.192771285837186
0.9375 12.341357957117536
0.96875 11.490830468007786
1 10.693998974151436
1.03125 9.9513792471721061
1.0625 9.2621939949384373
1.125 8.036520849430941
1.1875 6.9964877850100455
1.25 6.117463898355628
1.375 4.7461059659989768
1.5 3.7553437015696138
1.75 2.4714916673099174
2 1.7027938260700513
3 0.43630245089715991
4 0.11701324986632888
6 0.011533964122277474
8 0.0015503226544537618
16 1.2080951925508288e-06
