0 5.0000000000000009
0.03125 5.1161079883835994
0.0625 5.2253148697395639
0.09375 5.3252948380924279
0.125 5.4135429016570598
0.1875 5.5445046701670879
0.25 5.5985564592414185
0.375 5.4236696313980053
0.5 4.876202951183271
0.625 4.0856251961694969
0.75 3.2375141894196235
0.8125 2.8393042259533483
0.875 2.4735167605041188
0.9375 2.145392205866834
0.96875 1.99602828610698
1 1.8563990935255756
1.03125 1.7262852469917143
1.0625 1.6053673407265214
1.125 1.3894973974594809
1.1875 1.2051498021830522
1.25 1.0484036448425422
1.375 0.8026280276204627
1.5 0.62537301105609044
1.75 0.40031337388964006
2 0.27169565130274514
3 0.074911818547242368
4 0.022701856063602234
6 0.0021729995881111068
8 0.0002182312900322371
16 2.8993593274503904e-08
