0 27
0.03125 26.739474494879804
0.0625 26.49938982423274
0.09375 26.276579014353736
0.125 26.067027389439868
0.1875 25.66600728833092
0.25 25.242457846200331
0.375 24.082327161577364
0.5 22.245789615474671
0.625 19.758246362793297
0.75 16.837200182990696
0.8125 15.28886618087634
0.875 13.728870153603205
0.9375 12.197942931455822
0.96875 11.456107836107808
1 10.736193601435975
1.03125 10.042137538612085
1.0625 9.3771851263048855
1.125 8.1438219155293616
1.1875 7.0472400113543125
1.25 6.0882326944958161
1.375 4.5510942324610966
1.5 3.4364127371352038
1.75 2.0612542249892347
2 1.3357844223606301
3 0.4111168371476529
4 0.17222289216161973
6 0.035317322382830363
8 0.0089808024723359581
16 0.00010434525445046638
