0 23
0.03125 23.160449700190242
0.0625 23.290711436587632
0.09375 23.39042404310975
0.125 23.458665582788338
0.1875 23.493500564674108
0.25 23.372946346558205
0.375 22.528746031991478
0.5 20.689012973881393
0.625 17.930772186077473
0.75 14.712747086952353
0.8125 13.101860536799757
0.875 11.561216918401032
0.9375 10.125986759333568
0.96875 9.4550576647311839
1 8.8175338255745164
1.03125 8.2143057702922562
1.0625 7.6457056516865682
1.125 6.6114038287313086
1.1875 5.7090807539223611
1.25 4.9289841793724811
1.375 3.6862890276839773
1.5 2.7820540278289148
1.75 1.6463372486662242
2 1.0279638672272327
3 0.23623743606507691
4 0.082380023501749444
6 0.018602338916654304
8 0.0071214057650464402
16 0.0016614806739350119
