0 19
0.03125 19.079015188351686
0.0625 19.122826816796135
0.09375 19.133565641238107
0.125 19.113880388164809
0.1875 18.995243583852378
0.25 18.790032441793006
0.375 18.163747773562623
0.5 17.143912284214903
0.625 15.444175602458253
0.75 12.989159461340558
0.8125 11.589955897701026
0.875 10.176309564411728
0.9375 8.8190746113291336
0.96875 8.1787900558728133
1 7.5704035534687035
1.03125 6.9969218095111616
1.0625 6.4600932455346687
1.125 5.4981564279213586
1.1875 4.6803227681937418
1.25 3.9938024521135675
1.375 2.9472263096014442
1.5 2.2258293312724238
1.75 1.3643177770671711
2 0.90429706093476203
3 0.26228649131863879
4 0.10315424517808955
6 0.021982647290931107
8 0.0056561547921568922
16 4.8401482752452596e-05
