0 6.0000000000000009
0.03125 6.0039228519536421
0.0625 5.996068969844945
0.09375 5.9775692417128097
0.125 5.9494102817484205
0.1875 5.8670163708947545
0.25 5.752292807298149
0.375 5.4231862164220059
0.5 4.9473304507644649
0.625 4.3351678231297264
0.75 3.6459653824052145
0.8125 3.298467230611529
0.875 2.9620338319688928
0.9375 2.6440936412910254
0.96875 2.4937422253764474
1 2.3497438823510204
1.03125 2.2123859831820316
1.0625 2.0818359582673343
1.125 1.8413154878346811
1.1875 1.6276746951255134
1.25 1.4394103630777759
1.375 1.1303342865001687
1.5 0.89519972090425903
1.75 0.57857770896495064
2 0.38726323421527292
3 0.091660145491487724
4 0.023703475603030003
6 0.0017615806012968999
8 0.00013929878573534782
16 6.0534489296215632e-09
