0 10
0.03125 9.9220091660819367
0.0625 9.8432000116219101
0.09375 9.7648802900270901
0.125 9.6871711472660884
0.1875 9.5287482296083184
0.25 9.3501440666375633
0.375 8.831900275244335
0.5 7.984869583785752
0.625 6.8474799285940922
0.75 5.6147352605532976
0.8125 5.0272813404694405
0.875 4.4824746511168847
0.9375 3.9889905145704376
0.96875 3.7625410675866391
1 3.5495823301492089
1.03125 3.3498092557689163
1.0625 3.1627566560373657
1.125 2.824415184213974
1.1875 2.5291871350549919
1.25 2.2713726048100273
1.375 1.8467897718257242
1.5 1.5145910656618713
1.75 1.0339082526944694
2 0.71184028779600172
3 0.17262061955078886
4 0.049587682175923749
6 0.0052063765106182061
8 0.00058651507227471672
16 1.0133905529313703e-07
