0 24.000000000000004
0.03125 23.555319105739056
0.0625 23.121845280065674
0.09375 22.701674637496751
0.125 22.297615500815841
0.1875 21.549157142387291
0.25 20.891875084727932
0.375 19.801592849421795
0.5 18.670286342605685
0.625 16.989493335933663
0.75 14.647783139146119
0.8125 13.343401080370933
0.875 12.035598826287151
0.9375 10.775305955914327
0.96875 10.173796643560019
1 9.5949018257103429
1.03125 9.0400993579061986
1.0625 8.5101467899040131
1.125 7.5252386758732541
1.1875 6.6378641379218939
1.25 5.8427861871205993
1.375 4.5046262900144898
1.5 3.4605748990141629
1.75 2.057569158162079
2 1.2687937652520369
3 0.30279575138463144
4 0.11736267600366601
6 0.030639724411057445
8 0.011923552312709806
16 0.00065230868217563964
