0 12.000000000000002
0.03125 11.990618373090225
0.0625 11.934784383293946
0.09375 11.834581873387048
0.125 11.692769347039976
0.1875 11.297703826086295
0.25 10.778859219909826
0.375 9.4900437283117576
0.5 8.044327319762349
0.625 6.6108578895598784
0.75 5.3051748374886118
0.8125 4.7216594442304292
0.875 4.1896182216570299
0.9375 3.7098381851657969
0.96875 3.4892568592880506
1 3.2812025343843665
1.03125 3.0853244025449049
1.0625 2.9012157220194768
1.125 2.566477049708773
1.1875 2.2730755686538409
1.25 2.0168977077838539
1.375 1.6000213526012177
1.5 1.2857408895690172
1.75 0.86939786037219147
2 0.6262021139138233
3 0.25415612065405857
4 0.12500640589226175
6 0.031177367363106348
8 0.0097272601352188376
16 0.0017323159553356698
