0 6.0000000000000009
0.03125 6.032311684247837
0.0625 6.0397740611145156
0.09375 6.023004835428349
0.125 5.9830692542227606
0.1875 5.8397541754062097
0.25 5.6243382807765316
0.375 5.0428869320292584
0.5 4.3597322182072347
0.625 3.6635735052213212
0.75 3.0103853766757296
0.8125 2.7106203098495447
0.875 2.4320554936503451
0.9375 2.1759372275449369
0.96875 2.0564540213689337
1 1.9426809776126839
1.03125 1.8345634624743556
1.0625 1.7320129891053184
1.125 1.543117574548972
1.1875 1.3747820536916187
1.25 1.2255304485771474
1.375 0.97773094898094703
1.5 0.78649755750668227
1.75 0.526600565562934
2 0.37108132925083742
3 0.13213420076886126
4 0.056476555523199287
6 0.0098287961912872715
8 0.0016376660310700019
16 1.4593776953789744e-06
