0 21.000000000000004
0.03125 20.563940225405293
0.0625 20.125820518167664
0.09375 19.684945727760546
0.125 19.239931770012838
0.1875 18.331240908710285
0.25 17.39036097392081
0.375 15.42027996759915
0.5 13.435323714367152
0.625 11.60758877234845
0.75 10.064103102568863
0.8125 9.409636958585315
0.875 8.8243784791105426
0.9375 8.2942094566564748
0.96875 8.0443904867447724
1 7.8016993122244553
1.03125 7.5639036012729113
1.0625 7.3289239529643764
1.125 6.8603399986491143
1.1875 6.3851379694330364
1.25 5.8985583887749025
1.375 4.9014258111429418
1.5 3.9267438035069859
1.75 2.3169148423294437
2 1.3027704934227702
3 0.19317764654701094
4 0.068497282338402965
6 0.025775984670082269
8 0.014092678929211316
16 0.0022986862530993968
