0 15.999999999999996
0.03125 16.114329817616277
0.0625 16.203486865301294
0.09375 16.262667117423522
0.125 16.286939456265621
0.1875 16.212216453653518
0.25 15.949616105517912
0.375 14.843366327407375
0.5 13.162890841406169
0.625 11.292536326418455
0.75 9.5092444587210547
0.8125 8.6817425255579241
0.875 7.8974697631013013
0.9375 7.1537825756525795
0.96875 6.7965363092165187
1 6.4489130036890545
1.03125 6.110985683180524
1.0625 5.7829358299136331
1.125 5.1575855391448204
1.1875 4.5754576340475364
1.25 4.0390795699000819
1.375 3.1092354554742867
1.5 2.3668515728276147
1.75 1.3592618682708699
2 0.7956192061983719
3 0.14992656858642217
4 0.057824286717802417
6 0.021040801315821062
8 0.009940259393920875
16 0.00058917383677169199
