0 20.000000000000007
0.03125 20.274884372527346
0.0625 20.515986374248413
0.09375 20.721019806347908
0.125 20.886423225855221
0.1875 21.076891372313781
0.25 21.031880639560658
0.375 19.992991798638137
0.5 17.59540703402098
0.625 14.393799815119324
0.75 11.218615156153536
0.8125 9.809170203456155
0.875 8.5507242126938241
0.9375 7.4433741744934618
0.96875 6.9435841614531197
1 6.4775639830785803
1.03125 6.0435076527335854
1.0625 5.6395602390676762
1.125 4.9146459572997445
1.1875 4.2887000192506477
1.25 3.7488303373318388
1.375 2.8826497298199132
1.5 2.2395680762831427
1.75 1.4028401474603089
2 0.92626712138247969
3 0.26796755594605448
4 0.11496916151637906
6 0.036217913461736695
8 0.016769524422553528
16 0.002468125770388907
