0 16.000000000000007
0.03125 16.036008991193533
0.0625 16.017407171497037
0.09375 15.940328396760759
0.125 15.802556228769037
0.1875 15.3463726214472
0.25 14.673345246497083
0.375 12.907306994990972
0.5 11.022948816101167
0.625 9.3730216107027289
0.75 8.0460984034279051
0.8125 7.4865055343981846
0.875 6.9795295533064188
0.9375 6.5127523352431913
0.96875 6.291014839976425
1 6.0755053661608027
1.03125 5.8652695499785583
1.0625 5.6595174825850192
1.125 5.2591082810534058
1.1875 4.8710533965184402
1.25 4.494220900071805
1.375 3.777094315898156
1.5 3.1207537568409291
1.75 2.0436182404241463
2 1.2953977395580301
3 0.21151655466596606
4 0.04145795001594528
6 0.0023435470638016875
8 0.00017641062053012913
16 1.3624289488256558e-08
