0 16
0.03125 16.007653190448117
0.0625 15.960169988909582
0.09375 15.859188482295698
0.125 15.708005240647822
0.1875 15.274069384588111
0.25 14.701475394718369
0.375 13.296091709427607
0.5 11.691939274791331
0.625 9.9707207588782882
0.75 8.2334902270015426
0.8125 7.4038926110397343
0.875 6.6231381836725163
0.9375 5.9032754812345578
0.96875 5.5685040002306581
1 5.2511021419817654
1.03125 4.9511588556036967
1.0625 4.668519676795408
1.125 4.1535594599863614
1.1875 3.7016295117345739
1.25 3.3066704688747706
1.375 2.6612782654678386
1.5 2.1674671064325359
1.75 1.4831158475960939
2 1.0460738742195785
3 0.30331524496641138
4 0.10405954907115041
6 0.021408486938336038
8 0.0084731878550134837
16 0.00076205512320630386
