0 15
0.03125 15.308568534337899
0.0625 15.617661205015448
0.09375 15.924823907335163
0.125 16.226344038657079
0.1875 16.790692747483398
0.25 17.253183484279681
0.375 17.557216851356674
0.5 16.54300799955006
0.625 14.116975472631038
0.75 10.932978476782932
0.8125 9.3415543958594611
0.875 7.8667509513210101
0.9375 6.5553550315940905
0.96875 5.9674284325542297
1 5.4252266675060223
1.03125 4.927823028545987
1.0625 4.4735370672370607
1.125 3.6851472737182291
1.1875 3.0392193747060694
1.25 2.5136258331894399
1.375 1.7423354857859772
1.5 1.2352560748805195
1.75 0.67044020035512464
2 0.40221733186211561
3 0.10688994026207317
4 0.051002335848236838
6 0.019428698597310848
8 0.0088062436199206062
16 0.00086445427560277732
