0 9
0.03125 9.0607122555777533
0.0625 9.0935138357617973
0.09375 9.0987132240063957
0.125 9.0777456684046065
0.1875 8.968124009343228
0.25 8.7935761193349364
0.375 8.3816823557004358
0.5 8.0123461655048782
0.625 7.6150947677297403
0.75 6.9708435033496805
0.8125 6.5126640387472605
0.875 5.9721946463843336
0.9375 5.3742637298636717
0.96875 5.0637061670107908
1 4.7509634125924221
1.03125 4.4399636051781171
1.0625 4.1342585665316882
1.125 3.5504770371386378
1.1875 3.0176545964639483
1.25 2.5454101404421712
1.375 1.7883044622389814
1.5 1.2524717812961381
1.75 0.6351633069777024
2 0.34707029424785102
3 0.056847282394158503
4 0.013865881347154101
6 0.0010671122448842121
8 9.0472160512077016e-05
16 5.3725491902523181e-09
