0 18
0.03125 17.831528286505979
0.0625 17.65919148990897
0.09375 17.484911460842486
0.125 17.309365876532194
0.1875 16.951412905614827
0.25 16.569130589495263
0.375 15.609581945210046
0.5 14.18651457871168
0.625 12.265699281347166
0.75 10.124425594764453
0.8125 9.0873963845209769
0.875 8.1184806828248242
0.9375 7.234932671330542
0.96875 6.8272263232176709
1 6.4421550434089374
1.03125 6.0791418157879678
1.0625 5.7373297179852347
1.125 5.1130459219741216
1.1875 4.5601133487722363
1.25 4.0693621902580146
1.375 3.2428022767412528
1.5 2.5825397521942399
1.75 1.6325419049723249
2 1.0348114665599923
3 0.20598183855307783
4 0.062880910982908683
6 0.015109412996651167
8 0.0071999294655755164
16 0.0017718588262551904
