0 11.999999999999996
0.03125 12.336591329813531
0.0625 12.697148981219978
0.09375 13.088266262565398
0.125 13.5156982527153
0.1875 14.492087632654677
0.25 15.611128502682041
0.375 17.693957556762541
0.5 17.651752842061441
0.625 14.30468113891345
0.75 9.654742320686923
0.8125 7.6134912646858064
0.875 5.9334251084972776
0.9375 4.61259667044519
0.96875 4.0722951898718645
1 3.6017425903037497
1.03125 3.1929530924171798
1.0625 2.8382788628468631
1.125 2.2636706437594123
1.1875 1.829760658491085
1.25 1.499470393570445
1.375 1.0470981652584419
1.5 0.76499543005912007
1.75 0.45104449912006289
2 0.29067410612774275
3 0.084167143136336692
4 0.042048727366040817
6 0.018454340748353296
8 0.0091624690587943647
16 0.00064389918185642214
