0 24.000000000000007
0.03125 24.018073673215731
0.0625 23.987119371139674
0.09375 23.904284103186317
0.125 23.767661048738855
0.1875 23.330630200445892
0.25 22.682399596054712
0.375 20.863031041843435
0.5 18.623735718928906
0.625 16.248297426382386
0.75 13.874459224467646
0.8125 12.713134473294113
0.875 11.58464420863406
0.9375 10.502454239257549
0.96875 9.9826742656929834
1 9.4788799844766931
1.03125 8.9921145954216488
1.0625 8.523164837872697
1.125 7.6405881820680239
1.1875 6.8326245166198918
1.25 6.0977682086783256
1.375 4.8325481471350207
1.5 3.8086990296094045
1.75 2.3388386571540019
2 1.4325038324899824
3 0.26256787729028552
4 0.089659775095606964
6 0.026589078932466925
8 0.010476493754702776
16 0.00043080220181779261
