0 5
0.03125 4.9925592023596472
0.0625 4.9647614162607931
0.09375 4.9163443300057521
0.125 4.8475430985416468
0.1875 4.652192378139631
0.25 4.3898943892142483
0.375 3.7334959757186392
0.5 3.026061956954079
0.625 2.3828195587998549
0.75 1.8583041975196171
0.8125 1.6437153015244681
0.875 1.4586973181535576
0.9375 1.3004024608751696
0.96875 1.2302814093542731
1 1.165635251518732
1.03125 1.1060633104516759
1.0625 1.0511766701630945
1.125 0.95398451232160153
1.1875 0.87130220161699967
1.25 0.80070475235353589
1.375 0.68773359556844282
1.5 0.60201941742788301
1.75 0.4794068401549042
2 0.39168149984777417
3 0.17144754151842653
4 0.066257304901144704
6 0.008632028268055085
8 0.0011335138656346725
16 4.6789308008610142e-07
