0 16.999999999999996
0.03125 17.093918003034485
0.0625 17.18386407507775
0.09375 17.263244506824577
0.125 17.323813735322609
0.1875 17.350297269718975
0.25 17.186294560507353
0.375 16.085183322518155
0.5 14.035028057715365
0.625 11.571354432700833
0.75 9.2336879217016055
0.8125 8.2022982318597446
0.875 7.2772482351717134
0.9375 6.4569808001580817
0.96875 6.0841749797616309
1 5.7348286040427032
1.03125 5.4077511836440877
1.0625 5.1017102864781441
1.125 4.5477845778659454
1.1875 4.0633828826705081
1.25 3.63949002831834
1.375 2.9415781905443792
1.5 2.399942211590635
1.75 1.634405194307601
2 1.1357297874010297
3 0.28872197400948424
4 0.088549799845733718
6 0.017279925774761673
8 0.0053771156221333327
16 9.2507298505739577e-05
