0 19
0.03125 18.696894140788434
0.0625 18.40954459205118
0.09375 18.136360150044016
0.125 17.875325849755036
0.1875 17.381080925312233
0.25 16.910838826987202
0.375 15.996797603795571
0.5 15.055876609600032
0.625 13.956704304701914
0.75 12.495655399113256
0.8125 11.589596650499011
0.875 10.580175650082579
0.9375 9.5021147141431541
0.96875 8.9516197886864148
1 8.4016206982977
1.03125 7.8579817804210244
1.0625 7.3260564179788465
1.125 6.3151545304207684
1.1875 5.3961934861451049
1.25 4.5832783842365226
1.375 3.2797299268380047
1.5 2.3527100613192453
1.75 1.2681443295355979
2 0.74576467386083034
3 0.18757117506216611
4 0.084937660856235053
6 0.025818503882265809
8 0.0098212578182999832
16 0.0017353448253902559
