0 16
0.03125 16.073302794125794
0.0625 16.142324674779893
0.09375 16.204464193391882
0.125 16.257060345279719
0.1875 16.322813569437074
0.25 16.317455147016361
0.375 15.999353592930726
0.5 15.125756295699079
0.625 13.622858905128405
0.75 11.609998522270551
0.8125 10.496464658309199
0.875 9.3662785659629009
0.9375 8.2587167294164736
0.96875 7.7240704706795675
1 7.2068301551635239
1.03125 6.7097503583318678
1.0625 6.2349832548020521
1.125 5.358096839391715
1.1875 4.5823941024419277
1.25 3.9071124649912305
1.375 2.8321586201736575
1.5 2.0615276494106491
1.75 1.132137771472449
2 0.66187253124478196
3 0.13515904905891002
4 0.049252964561491808
6 0.012846219132523762
8 0.0042436303066196723
16 6.3077876826217461e-05
