0 10
0.03125 9.9224017345475168
0.0625 9.7943552093424699
0.09375 9.6223192465544045
0.125 9.4142890303283675
0.1875 8.9267000229278484
0.25 8.4058119150064776
0.375 7.5099835807788899
0.5 7.0126716073030826
0.625 6.853834194647324
0.75 6.7220843788880007
0.8125 6.5524005451748861
0.875 6.2736148288684159
0.9375 5.8808928972894048
0.96875 5.6460812071209494
1 5.3900819711281507
1.03125 5.1171477292105951
1.0625 4.831919499588305
1.125 4.2434354270289978
1.1875 3.6597841680180392
1.25 3.1087718877732846
1.375 2.1687395404349119
1.5 1.4725433166266764
1.75 0.66682493283800626
2 0.31316005731502539
3 0.031025361277110086
4 0.009176039897152051
6 0.0052474958241242112
8 0.0043862873666390481
16 0.0017035707680377946
