0 17.000000000000004
0.03125 16.987487226160393
0.0625 16.94623167720928
0.09375 16.877795178053141
0.125 16.783516526695905
0.1875 16.521589640100053
0.25 16.166463539153003
0.375 15.183856290852974
0.5 13.824591619745634
0.625 12.082981947782843
0.75 10.062124918770703
0.8125 9.01828246594674
0.875 7.9975026217466265
0.9375 7.0292356623237326
0.96875 6.5718663185402226
1 6.1349898730320849
1.03125 5.7199015361056453
1.0625 5.3273887234960018
1.125 4.6110494370566357
1.1875 3.9844324890935234
1.25 3.4419075981067104
1.375 2.5765973479451674
1.5 1.946089808484742
1.75 1.153647288049906
2 0.72466937061196823
3 0.19524544279730222
4 0.097684764152746933
6 0.044184936579525297
8 0.021344699864574879
16 0.00097010090318946918
