0 14.000000000000002
0.03125 13.993897029194272
0.0625 14.046656805266872
0.09375 14.153242956681019
0.125 14.306405239031177
0.1875 14.71156140121855
0.25 15.156430769432633
0.375 15.605461022997456
0.5 14.658866153105185
0.625 12.226110262043305
0.75 9.1945116472519786
0.8125 7.7580542427094228
0.875 6.4697840880234603
0.9375 5.3556461061981961
0.96875 4.8648492169088682
1 4.4165848919167168
1.03125 4.0087758500938371
1.0625 3.6389500170892362
1.125 3.0024030513795066
1.1875 2.4849817850798828
1.25 2.0658950884104508
1.375 1.4521772409205507
1.5 1.0476455749774867
1.75 0.59203653559984393
2 0.37007232549982372
3 0.1037911873840338
4 0.043720639240518264
6 0.013395863596948041
8 0.0067654822677513243
16 0.0014483460618770622
