0 17
0.03125 16.874208514844671
0.0625 16.692311269785229
0.09375 16.458004233229357
0.125 16.175092520313441
0.1875 15.479074406183919
0.25 14.636949787210726
0.375 12.664035364057431
0.5 10.580642787355741
0.625 8.6672934500595442
0.75 7.0647752572253308
0.8125 6.3862801860469851
0.875 5.7824048455729704
0.9375 5.2450820061021544
0.96875 4.9987608322528043
1 4.7659926919289344
1.03125 4.5458391580523125
1.0625 4.337427015617676
1.125 3.9526799543282078
1.1875 3.6061353011033535
1.25 3.2931726838887236
1.375 2.7534580095707044
1.5 2.309956646026837
1.75 1.644527262450723
2 1.1915014097800942
3 0.39091247101670534
4 0.16514559866342632
6 0.044636749463004041
8 0.013672182996335783
16 0.00013680931052133249
