0 8
0.03125 8.1831857255107288
0.0625 8.3552273273192572
0.09375 8.5151219297803422
0.125 8.6620135682323607
0.1875 8.9137803529397086
0.25 9.1042018863247449
0.375 9.2603512518704001
0.5 9.0031017890496781
0.625 8.2048666232550875
0.75 6.9147198896356636
0.8125 6.1647771923408756
0.875 5.4011699195492069
0.9375 4.6615868094601103
0.96875 4.3100090342678632
1 3.9741050628028272
1.03125 3.6556728843536237
1.0625 3.3558902866287492
1.125 2.8143327927283215
1.1875 2.3494107258171759
1.25 1.9562710604489648
1.375 1.3544427569931206
1.5 0.94291281587227638
1.75 0.47302838382883983
2 0.25016337585477966
3 0.028035377204811404
4 0.0040361090348618317
6 0.00010476323000531418
8 3.0337722889198226e-06
16 2.7180965811446356e-12
