0 23.999999999999993
0.03125 23.953565740828989
0.0625 23.921752277903753
0.09375 23.909163237236292
0.125 23.920738984969805
0.1875 24.035165856929257
0.25 24.290153638848363
0.375 25.071626343252145
0.5 25.129042465122186
0.625 22.757355737766993
0.75 18.107509033417841
0.8125 15.546976833191215
0.875 13.14315179629671
0.9375 11.017904075544768
0.96875 10.074493773813691
1 9.2108292990128966
1.03125 8.4240888811291015
1.0625 7.7100026545624099
1.125 6.4789913255947109
1.1875 5.4742057020425543
1.25 4.6538877294564331
1.375 3.4279895372164941
1.5 2.5845383037018053
1.75 1.5514069558738031
2 0.98000684354831302
3 0.22230423790159282
4 0.083537143587745222
6 0.026560823738185468
8 0.012557323388005692
16 0.0010728453318325504
