0 21.000000000000011
0.03125 21.084348433944939
0.0625 21.125739329533591
0.09375 21.120369404927153
0.125 21.065519287149243
0.1875 20.802542930442737
0.25 20.338747792354074
0.375 18.885091846319572
0.5 16.910927527668342
0.625 14.647284932062229
0.75 12.328720966058521
0.8125 11.212171712893408
0.875 10.147048521510518
0.9375 9.1430710476935602
0.96875 8.6657585223546256
1 8.2054043824145797
1.03125 7.7622079718997536
1.0625 7.3362683556899917
1.125 6.5362028370703813
1.1875 5.8047783834358064
1.25 5.1408420045780554
1.375 4.0071361962612482
1.5 3.1108737426775441
1.75 1.8900678727239031
2 1.1891137845001658
3 0.29136061067177033
4 0.10927954883405483
6 0.021682106628617109
8 0.0048551347940600231
16 1.6166902700093244e-05
