0 25.000000000000004
0.03125 25.105208388096258
0.0625 25.214424742759618
0.09375 25.330431093106817
0.125 25.454626048834001
0.1875 25.722806805784405
0.25 25.981813723233525
0.375 26.09551310644687
0.5 24.945654517236651
0.625 22.548597636682782
0.75 20.020470691784521
0.8125 18.920993215727201
0.875 17.842858436589104
0.9375 16.641612875612118
0.96875 15.956225300773141
1 15.204371100465414
1.03125 14.387431673029619
1.0625 13.513679550954009
1.125 11.654858478038076
1.1875 9.7700583299009871
1.25 7.9971575798560126
1.375 5.1085276827418342
1.5 3.175719859416291
1.75 1.259319194934075
2 0.54965353544344808
3 0.043833533220059784
4 0.0065165773240490332
6 0.00025137953701814819
8 1.1483769419950995e-05
16 5.5859095127175351e-11
