0 5.9999999999999982
0.03125 5.8953705083096439
0.0625 5.7669824382544697
0.09375 5.6172252226726815
0.125 5.448854273501798
0.1875 5.0684178781733076
0.25 4.6505710950455539
0.375 3.7931547747159726
0.5 3.0135983241679685
0.625 2.3727811797051452
0.75 1.8756759569835253
0.8125 1.6746663737801109
0.875 1.5006641978514901
0.9375 1.3501029138691958
0.96875 1.2825585827472006
1 1.2196497531752211
1.03125 1.1610135137476627
1.0625 1.1063108408279507
1.125 1.0074694640312203
1.1875 0.92088283913249425
1.25 0.84465543218626815
1.375 0.71720061847957972
1.5 0.61538369633303946
1.75 0.46411230179115609
2 0.35858016873725779
3 0.15183816222703844
4 0.079259701238784841
6 0.029010621552422532
8 0.012075613891566923
16 0.00055996506867046596
