0 6.9999999999999991
0.03125 7.03380739720708
0.0625 7.0442039403428449
0.09375 7.0339587274103108
0.125 7.0064643928831805
0.1875 6.9150940314924467
0.25 6.8010716885146989
0.375 6.6000866380589462
0.5 6.4734385771846625
0.625 6.2945576883650975
0.75 5.8608419616987266
0.8125 5.5135200028012328
0.875 5.086867734271582
0.9375 4.6015803713898746
0.96875 4.3452841506661963
1 4.0845995441188689
1.03125 3.8229350775357318
1.0625 3.5634391629894595
1.125 3.0617231331357768
1.1875 2.5967460739130104
1.25 2.1789695643209734
1.375 1.498286986012392
1.5 1.0097324566295607
1.75 0.44825130488738585
2 0.19945691279050096
3 0.0094136114608892874
4 0.000551012944033695
6 2.4506215019863553e-06
8 1.2732881693455766e-08
16 6.9388939039072284e-18
