0 17
0.03125 17.208823846371519
0.0625 17.407835925456514
0.09375 17.592749635000089
0.125 17.756630932967461
0.1875 17.981022351566573
0.25 17.983821300009556
0.375 16.967296536942399
0.5 14.546065673884035
0.625 11.489021155252789
0.75 8.6755360170727336
0.8125 7.4958871313640953
0.875 6.4795871798807676
0.9375 5.6153647031035483
0.96875 5.2349087083001367
1 4.8857230295230716
1.03125 4.5654315079184649
1.0625 4.2717333993558295
1.125 3.7554968729218232
1.1875 3.321152069990283
1.25 2.9551021703102966
1.375 2.3838975797513258
1.5 1.9709238514408987
1.75 1.4369999901234176
2 1.1129414972206537
3 0.43553890752100732
4 0.14510724659977856
6 0.016113989172026777
8 0.0022819435546557465
16 2.950982437160965e-06
