0 22.999999999999993
0.03125 22.992596583058777
0.0625 22.965151541104891
0.09375 22.919856020193755
0.125 22.858298174038808
0.1875 22.687842424505018
0.25 22.442868182545478
0.375 21.564774348562029
0.5 19.802414343230364
0.625 17.05434026882066
0.75 13.82234207039968
0.8125 12.235492263524636
0.875 10.748547377231132
0.9375 9.3925774616028068
0.96875 8.7681224795949841
1 8.1799111767357946
1.03125 7.6275632389111516
1.0625 7.110247614096787
1.125 6.1758655851217688
1.1875 5.3652855703792435
1.25 4.6655602196937433
1.375 3.5469130142163188
1.5 2.7243407564522588
1.75 1.671914386689233
2 1.0840970734798161
3 0.28212916572561741
4 0.10648481592220807
6 0.036216570095263745
8 0.020861753929911159
16 0.0022279032584611447
