0 13.999999999999998
0.03125 14.113814278076665
0.0625 14.2594672595616
0.09375 14.431296733748111
0.125 14.622553204289948
0.1875 15.031385765967553
0.25 15.41320647707162
0.375 15.752521341268871
0.5 14.982864990045686
0.625 12.880962449652316
0.75 9.9996783294881375
0.8125 8.5477559148178273
0.875 7.2070046684450029
0.9375 6.0241702257498373
0.96875 5.4979703306648897
1 5.0154098979898256
1.03125 4.5752633417056066
1.0625 4.1755758076419029
1.125 3.4875364792526082
1.1875 2.9292740305424703
1.25 2.4783692235997892
1.375 1.8197805769235122
1.5 1.3839449961211314
1.75 0.87731024137479363
2 0.60648496697878496
3 0.19415790688956189
4 0.075263232229100988
6 0.016075829694633365
8 0.0046600229142430977
16 6.5047292408082491e-05
