0 13.000000000000002
0.03125 13.125078202898488
0.0625 13.274853196008877
0.09375 13.44790618788325
0.125 13.641599060883934
0.1875 14.072216427706049
0.25 14.509208699591071
0.375 15.012771453314867
0.5 14.304350883759771
0.625 12.142803168764765
0.75 9.2787909781164952
0.8125 7.8901010067954429
0.875 6.6349960552978668
0.9375 5.5444061149662272
0.96875 5.0626641537751826
1 4.6218910927482542
1.03125 4.2201130597492682
1.0625 3.8549274495369796
1.125 3.2237084423867839
1.1875 2.7067432412783279
1.25 2.2838502207362903
1.375 1.6527901406798908
1.5 1.2232039716796834
1.75 0.71348831425547343
2 0.44741703943650107
3 0.11455013542686578
4 0.049088090728028361
6 0.018468469219185074
8 0.0097324487724191749
16 0.0013289538719774008
