0 18.999999999999996
0.03125 18.880605921570904
0.0625 18.778347529019573
0.09375 18.696634049389459
0.125 18.637984883022305
0.1875 18.594715927655958
0.25 18.644383630217899
0.375 18.848795866014278
0.5 18.526151306247687
0.625 16.775371092147221
0.75 13.618822724298496
0.8125 11.832528036843494
0.875 10.102007858063715
0.9375 8.5240776006535341
0.96875 7.8090013381483629
1 7.1467589895876822
1.03125 6.537517067727098
1.0625 5.9800041252578966
1.125 5.0103718625851137
1.1875 4.2133536423983671
1.25 3.5614824153122706
1.375 2.592438899483291
1.5 1.9373033708273983
1.75 1.1653546716130221
2 0.76264162522281653
3 0.2296776495836545
4 0.091202164059070889
6 0.018013035180155901
8 0.005814188999938491
16 0.0016416502009394263
