0 9
0.03125 8.9347101381549656
0.0625 8.8657853381453329
0.09375 8.7955914019807278
0.125 8.7254054228760864
0.1875 8.5846335410162933
0.25 8.4328254866324048
0.375 8.0041429248111218
0.5 7.270418110971967
0.625 6.2223474154576586
0.75 5.0318784825826439
0.8125 4.4509676093076118
0.875 3.9071892391531029
0.9375 3.4125061660130429
0.96875 3.1855088168680097
1 2.9724195558627509
1.03125 2.7731600506390941
1.0625 2.5874445546962437
1.125 2.2547474599308304
1.1875 1.9695769774698666
1.25 1.7263446156886655
1.375 1.3432163437767481
1.5 1.0648160831173321
1.75 0.7062839192996978
2 0.4968516905244284
3 0.16571590878020395
4 0.068756449838489997
6 0.017123365509440526
8 0.0058901809032111119
16 0.0001551955229881774
