0 17
0.03125 16.963177261583546
0.0625 16.947245287317998
0.09375 16.954980405699338
0.125 16.988070640602409
0.1875 17.129589175871054
0.25 17.349956136550567
0.375 17.731624488493132
0.5 17.188219630384591
0.625 14.968463936578271
0.75 11.588076917051952
0.8125 9.8576740167413206
0.875 8.2702789951341984
0.9375 6.8867246834437736
0.96875 6.2775704347429988
1 5.7226028554415826
1.03125 5.2194587818822518
1.0625 4.7649590495860705
1.125 3.9871136446032378
1.1875 3.3586285482707368
1.25 2.850746665092748
1.375 2.1022845747126331
1.5 1.5956761279167124
1.75 0.98459695839600747
2 0.64939814702388887
3 0.18747698011875369
4 0.086377589148551343
6 0.036260297925785723
8 0.018988970155466134
16 0.001051520378174492
