0 7.0000000000000009
0.03125 7.1469086036703215
0.0625 7.2802415758017922
0.09375 7.3976662129114423
0.125 7.4966475307079516
0.1875 7.6285415088070572
0.25 7.6547980136216243
0.375 7.3299533762158218
0.5 6.5081889306655247
0.625 5.3634470615870038
0.75 4.1563581652640886
0.8125 3.5968447829966039
0.875 3.0878181213476541
0.9375 2.6360016405060658
0.96875 2.4320901407745392
1 2.2425992593527688
1.03125 2.0671057468135201
1.0625 1.9050502717184841
1.125 1.6185686656300884
1.1875 1.3773200039539726
1.25 1.1752285073912703
1.375 0.86576558114532942
1.5 0.65052006365389214
1.75 0.39316294938120033
2 0.25954472887828062
3 0.083488376538000397
4 0.035995122358122383
6 0.010429967849835624
8 0.0056630505962393003
16 0.0016290163269879546
