0 28.999999999999982
0.03125 29.119139619269063
0.0625 29.234503952088598
0.09375 29.337056966989824
0.125 29.416681098671663
0.1875 29.459700901348917
0.25 29.256462367389314
0.375 27.695881235110679
0.5 24.41797905200735
0.625 20.192021848684178
0.75 16.138179369163012
0.8125 14.387699022085695
0.875 12.853921455813531
0.9375 11.528043207841446
0.96875 10.936445226934163
1 10.387955017449508
1.03125 9.8789919355122535
1.0625 9.4059463751921246
1.125 8.553590844446715
1.1875 7.8045898712365807
1.25 7.1362931846675615
1.375 5.9729671217573737
1.5 4.9683217150549375
1.75 3.3085476698791312
2 2.0995194896227432
3 0.33687916673754148
4 0.082757558858106872
6 0.014481696169172831
8 0.0044599964722509822
16 6.9520446859649976e-05
