0 5
0.03125 5.0709181317280771
0.0625 5.1318863073788483
0.09375 5.1823495618284632
0.125 5.2217520612257537
0.1875 5.2651473691182877
0.25 5.2577341951846419
0.375 5.077105132551381
0.5 4.6737786585957917
0.625 4.0894579017669486
0.75 3.4094060610898742
0.8125 3.0639177536936755
0.875 2.7288587333755565
0.9375 2.4120427552836587
0.96875 2.2622394082895685
1 2.1188138304384547
1.03125 1.9820766047696849
1.0625 1.8522173968777844
1.125 1.6133737464200009
1.1875 1.401933207306751
1.25 1.2165244285887038
1.375 0.91546193414768984
1.5 0.69154016011485175
1.75 0.40506092592369286
2 0.24858168512414527
3 0.0542545141974081
4 0.016941647215108834
6 0.0020223135058517628
8 0.00024750371074186081
16 5.5557839833894618e-08
