0 28
0.03125 27.810053129868692
0.0625 27.578256482686442
0.09375 27.296399188619219
0.125 26.958657445154948
0.1875 26.104647816548166
0.25 25.017428659872806
0.375 22.28437765507179
0.5 19.145555019817053
0.625 15.970326026063871
0.75 13.014184557288445
0.8125 11.669553851565936
0.875 10.430069260043737
0.9375 9.3014690053754379
0.96875 8.7792715208089742
1 8.2849051805644827
1.03125 7.8179156149078946
1.0625 7.3776622577219335
1.125 6.5740515838559785
1.1875 5.8663559673570669
1.25 5.2457047186435739
1.375 4.2284668747994862
1.5 3.4514915897069125
1.75 2.3902392311270488
2 1.7295516957511818
3 0.59304033125606748
4 0.24026932714496485
6 0.058794542825136076
8 0.022377227645175024
16 0.0021791808092278542
