0 16.999999999999996
0.03125 16.902815901191772
0.0625 16.780284565400624
0.09375 16.63353041750047
0.125 16.463556230502988
0.1875 16.058176575362765
0.25 15.575143401786471
0.375 14.451794609934719
0.5 13.279307822240801
0.625 12.15915655979544
0.75 10.978151429472097
0.8125 10.298414010882027
0.875 9.5388278577299968
0.9375 8.7059302496686648
0.96875 8.2688648678632681
1 7.8233567360339364
1.03125 7.3739431698588342
1.0625 6.925273435612592
1.125 6.0478388711790734
1.1875 5.2220015967955415
1.25 4.4694573184790007
1.375 3.2220773172779067
1.5 2.3089637552328277
1.75 1.2273306861552153
2 0.71412866976188705
3 0.19271711348265941
4 0.090014043482815415
6 0.022983175689784197
8 0.0060563087135113158
16 3.9656738785087686e-05
