0 20
0.03125 20.153163624014752
0.0625 20.29406263208725
0.09375 20.420044119372864
0.125 20.529535440736844
0.1875 20.701159601017171
0.25 20.833336676145507
0.375 21.184614420613116
0.5 21.685477645992737
0.625 21.07217216179599
0.75 17.776355913752983
0.8125 15.338731926369066
0.875 12.789073687786289
0.9375 10.405335426099525
0.96875 9.3297622037408985
1 8.3452953359433462
1.03125 7.4545435462313501
1.0625 6.6558178879548642
1.125 5.3142046345408875
1.1875 4.2672227579324833
1.25 3.4558184040473439
1.375 2.3371521509436213
1.5 1.6489024030078769
1.75 0.91948677909549958
2 0.57881202043259483
3 0.1752251935212078
4 0.077798875478042512
6 0.02223310203810891
8 0.009021139271490286
16 0.00066154348537009189
