0 9
0.03125 8.972159081149373
0.0625 8.9161395734376061
0.09375 8.8354736910017966
0.125 8.7338439399168895
0.1875 8.4820610247033308
0.25 8.1868388905951228
0.375 7.5383736736827505
0.5 6.8652767007203943
0.625 6.1654690336799769
0.75 5.4145033090099703
0.8125 5.0182147357409974
0.875 4.6123133698819787
0.9375 4.2028626616421967
0.96875 3.9990833614204808
1 3.7972186354156778
1.03125 3.5982179079703553
1.0625 3.402985348907452
1.125 3.0270790976192816
1.1875 2.6750651690682909
1.25 2.350823799111172
1.375 1.7927475358694032
1.5 1.3534127768724624
1.75 0.76896189522544756
2 0.44921142142515308
3 0.089323721139615536
4 0.035602486125305734
6 0.012821470295210115
8 0.005770717127153234
16 0.0002141914326914407
