0 23
0.03125 22.676697999028899
0.0625 22.381469394429672
0.09375 22.109117285393651
0.125 21.854695258981216
0.1875 21.381301828803021
0.25 20.926451507092388
0.375 19.928423136540534
0.5 18.529850493697595
0.625 16.430108069026982
0.75 13.651989824135017
0.8125 12.137262667448056
0.875 10.634801123853538
0.9375 9.2081509508595722
0.96875 8.5381708922483615
1 7.9024389709948748
1.03125 7.3034000405653536
1.0625 6.7423860054242901
1.125 5.7351578466034034
1.1875 4.8753601155396664
1.25 4.150091817686814
1.375 3.0369670499418175
1.5 2.2653061339045903
1.75 1.3485180960395986
2 0.87374984189955374
3 0.25710866535152532
4 0.10989389267605965
6 0.034086908639284319
8 0.015861231454984248
16 0.0027254188629052267
