0 28
0.03125 28.232157175515656
0.0625 28.448285039559973
0.09375 28.639159926205188
0.125 28.792109093312678
0.1875 28.918807523291058
0.25 28.682330487506974
0.375 26.655118250309783
0.5 22.672300661686169
0.625 17.995050440950109
0.75 13.850072515910229
0.8125 12.13384339455984
0.875 10.654954425009706
0.9375 9.3890981407892102
0.96875 8.826773962557608
1 8.3064969650640492
1.03125 7.8246776733043211
1.0625 7.3779495455114033
1.125 6.5775880260991713
1.1875 5.8836981169802547
1.25 5.2785625113458403
1.375 4.2802590286772801
1.5 3.4986534456478053
1.75 2.3803070474764318
2 1.6508603731805165
3 0.4640103190137716
4 0.1845081901436999
6 0.052783268704095554
8 0.021371569614224539
16 0.0022922429576244796
