0 7.0000000000000036
0.03125 7.0051775319934926
0.0625 6.9625263004779914
0.09375 6.8732359177281133
0.125 6.7401506418113879
0.1875 6.3608049144893659
0.25 5.8697419347326436
0.375 4.7515466424188073
0.5 3.7031953130265745
0.625 2.8628719813235088
0.75 2.2359824962634258
0.8125 1.9888732946475796
0.875 1.7773337380724912
0.9375 1.5954827660666921
0.96875 1.5140758196309305
1 1.4382612123644023
1.03125 1.3675390931334226
1.0625 1.3014583686007681
1.125 1.181639198434254
1.1875 1.0760318636334294
1.25 0.98240889327574876
1.375 0.82429172084653146
1.5 0.6966381269175419
1.75 0.5060844230128585
2 0.37445515586049466
3 0.12931332792746983
4 0.053347608152546827
6 0.013480928453601042
8 0.0051294910151506688
16 0.0012047635253964063
