0 14.000000000000002
0.03125 14.12793065943117
0.0625 14.230492969775346
0.09375 14.298730362425161
0.125 14.323742381295268
0.1875 14.212433010149329
0.25 13.849901496793557
0.375 12.376228979582381
0.5 10.2749210710955
0.625 8.1440965734267898
0.75 6.3609485990561927
0.8125 5.634186049333171
0.875 5.0111851323688867
0.9375 4.4806101702865133
0.96875 4.2459702654529181
1 4.029609561670493
1.03125 3.8299740295162454
1.0625 3.6455857177737951
1.125 3.3170920087254769
1.1875 3.0341842044034646
1.25 2.7884664121909575
1.375 2.3820653038463124
1.5 2.0565019866198937
1.75 1.552206128255456
2 1.166729901648615
3 0.32997261389814891
4 0.094144692556819731
6 0.010452341511915722
8 0.0014208683508135228
16 8.8454190320941262e-07
