0 19.000000000000007
0.03125 19.200935927601559
0.0625 19.409926484990734
0.09375 19.627413832036613
0.125 19.851750520463021
0.1875 20.301247036119086
0.25 20.690483863605209
0.375 20.85031213130846
0.5 19.563356526079787
0.625 16.83866313949958
0.75 13.395311766224028
0.8125 11.652220938341674
0.875 9.9958454553129261
0.9375 8.4763501293500063
0.96875 7.7779904759527385
1 7.1235248357213425
1.03125 6.5138532784061631
1.0625 5.948969292217507
1.125 4.9498760535143251
1.1875 4.1135796932021353
1.25 3.4218914231780406
1.375 2.3916450748378955
1.5 1.7083943650824556
1.75 0.94954160633300055
2 0.59280863410443074
3 0.18822628579696871
4 0.096595724534192656
6 0.038767935586036001
8 0.018271279449809774
16 0.00096219846028164357
