0 25.999999999999996
0.03125 25.912368863380564
0.0625 25.794213873024219
0.09375 25.645025250695213
0.125 25.463103663123114
0.1875 24.988967682829418
0.25 24.341745128533137
0.375 22.434768800957027
0.5 19.794498907149066
0.625 16.837153916816465
0.75 14.003902375949155
0.8125 12.710151466790013
0.875 11.51130932531753
0.9375 10.40719144126906
0.96875 9.8895844522740486
1 9.3941593919295023
1.03125 8.9202728254734005
1.0625 8.4672686072898848
1.125 7.621290117026521
1.1875 6.8510653717726218
1.25 6.151567331019252
1.375 4.945211091388134
1.5 3.9643441357110101
1.75 2.5409344504439102
2 1.6398007924063629
3 0.35912009176497128
4 0.11441552540088012
6 0.020372364459804226
8 0.0060238446617341679
16 0.0014343059939374569
