0 8
0.03125 8.1464287948222616
0.0625 8.2969854025973024
0.09375 8.4494148042897699
0.125 8.6012509499241041
0.1875 8.8921858933606117
0.25 9.1452757378441376
0.375 9.4153243564683784
0.5 9.1405263833641417
0.625 8.1558012864419922
0.75 6.6157128385304231
0.8125 5.7626469185267863
0.875 4.9253399220629914
0.9375 4.1436287976424344
0.96875 3.7819498772842972
1 3.442337717404675
1.03125 3.1257626945935342
1.0625 2.8325409452991948
1.125 2.3148807268427425
1.1875 1.8832932596028904
1.25 1.5281826845167119
1.375 1.0041967195024113
1.5 0.66253533294450495
1.75 0.29709196229023233
2 0.14034402573181631
3 0.014139079431538214
4 0.0061689657363373854
6 0.0048764058185658335
8 0.0041785273047236782
16 0.001713114597690156
