0 16
0.03125 15.563723899225735
0.0625 15.131228104148516
0.09375 14.707253827651154
0.125 14.295443253818938
0.1875 13.517458827280775
0.25 12.80611160285825
0.375 11.565494004191809
0.5 10.499984756720931
0.625 9.5428631465783553
0.75 8.660415758851455
0.8125 8.2390058089566995
0.875 7.8246947292840936
0.9375 7.4117378483669611
0.96875 7.2039456188913462
1 6.994409175706001
1.03125 6.782607139575858
1.0625 6.5681613961318304
1.125 6.1306827772806818
1.1875 5.6825263015063889
1.25 5.2271383608291728
1.375 4.3192279558605007
1.5 3.4637590594135004
1.75 2.081519573645366
2 1.192775153796217
3 0.13495232793779693
4 0.019708419901953003
6 0.00062838984620143534
8 2.5253954341053486e-05
16 1.2999251675083201e-10
