0 19.999999999999996
0.03125 19.928145109713562
0.0625 19.83449305781458
0.09375 19.721971351754856
0.125 19.593498300592376
0.1875 19.30020033474845
0.25 18.975510792065482
0.375 18.264464331756646
0.5 17.324478534040875
0.625 15.760937019974669
0.75 13.389104917456642
0.8125 12.00433569883268
0.875 10.594360302907415
0.9375 9.2364314478733682
0.96875 8.5955361172129994
1 7.986735366539139
1.03125 7.413116769059231
1.0625 6.8763905065594999
1.125 5.9148474422993749
1.1875 5.0964717811649241
1.25 4.4071154809448903
1.375 3.3447437587096478
1.5 2.5934078026321985
1.75 1.6448461740395379
2 1.0915271091514251
3 0.25108399587415892
4 0.072230262750824697
6 0.015223078731191247
8 0.0071800917738382986
16 0.00064788906839530203
