0 6.9999999999999982
0.03125 6.9286739612417012
0.0625 6.8739074783665739
0.09375 6.8370846037825181
0.125 6.8185284560119968
0.1875 6.8322871050647116
0.25 6.8974520957657317
0.375 7.0454683806133556
0.5 6.9368054489228443
0.625 6.3431722499809711
0.75 5.320373542970346
0.8125 4.7303550760680775
0.875 4.1380619892333046
0.9375 3.5732186400012225
0.96875 3.3077201853135363
1 3.055811231520444
1.03125 2.8185308040046517
1.0625 2.5964455149761156
1.125 2.1982177623759793
1.1875 1.8590470310455165
1.25 1.5738017229268151
1.375 1.1385703178232742
1.5 0.8399439031992707
1.75 0.4909030767231804
2 0.31315932208517289
3 0.079528493068135142
4 0.024041007188018985
6 0.0024065346841855434
8 0.00025888552824454222
16 4.6408862121316563e-08
