0 29.000000000000011
0.03125 29.21200442703109
0.0625 29.402782291607451
0.09375 29.575776792948766
0.125 29.734143011490566
0.1875 30.015141895667004
0.25 30.24449872607746
0.375 30.305375745245986
0.5 28.846496351272993
0.625 24.794262861097433
0.75 19.01521217298831
0.8125 16.1533459073441
0.875 13.58332258834376
0.9375 11.385567572331103
0.96875 10.429569739841394
1 9.5641208176745351
1.03125 8.7834148990193093
1.0625 8.0807484042179052
1.125 6.881379813436121
1.1875 5.9115674218192042
1.25 5.1234943223209379
1.375 3.9441974709210346
1.5 3.1217300907196979
1.75 2.0749210403140705
2 1.4489257939209934
3 0.420532916470233
4 0.151316295418498
6 0.037353075145728332
8 0.015126119351418443
16 0.0013041757072760896
