0 14.000000000000002
0.03125 14.122971617895987
0.0625 14.234706566222476
0.09375 14.330297958340873
0.125 14.403845723258319
0.1875 14.458604521637492
0.25 14.348456974836115
0.375 13.519332394886019
0.5 11.982252088499909
0.625 10.142497768928912
0.75 8.374876303775892
0.8125 7.5746183878873996
0.875 6.8367296894376368
0.9375 6.1588087955012751
0.96875 5.8410077934467779
1 5.5365550409896969
1.03125 5.2449179017440439
1.0625 4.9656140895910221
1.125 4.4423535343433374
1.1875 3.9639597938179172
1.25 3.5282079214015791
1.375 2.776843923699325
1.5 2.1719497909343302
1.75 1.3233311583327017
2 0.81922187991289319
3 0.17095792841227403
4 0.054418960642434649
6 0.0081925656560588728
8 0.0014715824296774732
16 2.6375944144063634e-06
