0 18.000000000000004
0.03125 18.0811769168963
0.0625 18.210856676900377
0.09375 18.393252044638487
0.125 18.631076180071204
0.1875 19.274197912773882
0.25 20.11661678579226
0.375 22.018552520257963
0.5 22.891493564266394
0.625 20.962531241981495
0.75 16.339392974279967
0.8125 13.685235812614247
0.875 11.176316189030111
0.9375 8.9720307507170265
0.96875 8.0055687429399978
1 7.1311391040025356
1.03125 6.3458061103295504
1.0625 5.6445839221168645
1.125 4.4690339906478656
1.1875 3.550273074063651
1.25 2.8359695279709158
1.375 1.8490344933700067
1.5 1.2457943828479885
1.75 0.62678147440262544
2 0.3592938745526334
3 0.096133251084668497
4 0.046062376030951618
6 0.014852071353408824
8 0.0064816583436550501
16 0.0016880156491363429
