0 20.000000000000004
0.03125 19.81119581410081
0.0625 19.595654531120186
0.09375 19.360138041148481
0.125 19.110632293494088
0.1875 18.588728215434617
0.25 18.056791259527614
0.375 16.97258034676317
0.5 15.702671071491942
0.625 13.977011704378265
0.75 11.751339237280614
0.8125 10.539388230741192
0.875 9.3336470371091398
0.9375 8.18320631218395
0.96875 7.6404059305811254
1 7.1234774669895176
1.03125 6.634414876172543
1.0625 6.1743556613855297
1.125 5.3422372945169014
1.1875 4.6237729085366617
1.25 4.0097190570785779
1.375 3.046043713381597
1.5 2.3539695628796404
1.75 1.4841255319464906
2 0.99737197577582093
3 0.31106494487353353
4 0.14322388448741008
6 0.04483570982515056
8 0.016239369433248579
16 0.00054249230210434707
