0 26.999999999999989
0.03125 26.593533077449209
0.0625 26.163953022633333
0.09375 25.715032122454282
0.125 25.249972056033062
0.1875 24.281322559249137
0.25 23.271862602390563
0.375 21.141868591649104
0.5 18.832805582519718
0.625 16.343878531044989
0.75 13.802435567028242
0.8125 12.575024559232046
0.875 11.406873073585519
0.9375 10.313130431146782
0.96875 9.7969777568702323
1 9.3020117083642866
1.03125 8.8283509504886108
1.0625 8.3758519300023249
1.125 7.5327846467615078
1.1875 6.7684205591856896
1.25 6.0771808892096573
1.375 4.8907379825024258
1.5 3.92972682835134
1.75 2.5392005023363606
2 1.6614642422465091
3 0.39105148225203407
4 0.12515504223026924
6 0.021034649757141533
8 0.0061186200177970607
16 0.00098075478992376564
