0 17.000000000000004
0.03125 16.610467012231219
0.0625 16.19074573433247
0.09375 15.744832864067888
0.125 15.276959964135893
0.1875 14.293093092851572
0.25 13.274851692065827
0.375 11.263487247046104
0.5 9.4380523527369427
0.625 7.8884387971776109
0.75 6.6233546023133387
0.8125 6.0870262937772983
0.875 5.6063497609493957
0.9375 5.1744180112291751
0.96875 4.974610702188409
1 4.7844986404305088
1.03125 4.603322343953784
1.0625 4.4303681611738179
1.125 4.1065236218089005
1.1875 3.8082920283198738
1.25 3.5318570321915885
1.375 3.033122685224511
1.5 2.5944657965717259
1.75 1.8696239359312177
2 1.3269658048019242
3 0.36308324018861127
4 0.13306213586967247
6 0.029258175443864415
8 0.0095201549245548245
16 0.0017336848505080937
