0 13
0.03125 12.678418761658156
0.0625 12.345162831162524
0.09375 12.00123592349259
0.125 11.648299114380663
0.1875 10.924214573251644
0.25 10.192014074844005
0.375 8.7696969580749471
0.5 7.4678268457574086
0.625 6.3146538002934296
0.75 5.3160138166861168
0.8125 4.874618427090577
0.875 4.4710205797154519
0.9375 4.1039360751471294
0.96875 3.93353249000989
1 3.7715292526247843
1.03125 3.6176237805279303
1.0625 3.4714918995081749
1.125 3.2011726436716161
1.1875 2.9577259459350898
1.25 2.738255884976486
1.375 2.3601186477572651
1.5 2.0465364351428135
1.75 1.5529902044237609
2 1.1772712964246672
3 0.35571706340991671
4 0.10552164632854724
6 0.011450430508576852
8 0.0015221967571118072
16 1.0112041323034893e-06
