0 5
0.03125 4.9261795609173289
0.0625 4.8400893235552651
0.09375 4.7426148204557572
0.125 4.6346715201770756
0.1875 4.3911846654657243
0.25 4.1175319440499107
0.375 3.5132968249625636
0.5 2.8893648556251512
0.625 2.3042115631124545
0.75 1.7960633047260333
0.8125 1.5764081599721989
0.875 1.380142105818108
0.9375 1.2064620330379054
0.96875 1.1276725669328294
1 1.0539738701802195
1.03125 0.98513727723705491
1.0625 0.92092365092899264
1.125 0.80538389348093564
1.1875 0.70539318547450203
1.25 0.61905315657784832
1.375 0.48038895811927479
1.5 0.37717904648816925
1.75 0.24152823759218706
2 0.16222495966570588
3 0.044899753449101805
4 0.016008282047968954
6 0.0038397284487391558
8 0.0021501693782847373
16 0.0011086469002115568
