0 18.999999999999996
0.03125 18.766462495090952
0.0625 18.556644987057592
0.09375 18.356120899454297
0.125 18.151879145430946
0.1875 17.689897518341752
0.25 17.109952868628525
0.375 15.555077010729372
0.5 13.693990777298858
0.625 11.856631264365499
0.75 10.17293802833071
0.8125 9.3785487591261791
0.875 8.6056935972008581
0.9375 7.8518483285689493
0.96875 7.4827750529950627
1 7.1199048196119152
1.03125 6.7642145390600907
1.0625 6.4167855077524329
1.125 5.7511008501866474
1.1875 5.1308791548257933
1.25 4.5619987543705927
1.375 3.5876337850656377
1.5 2.8220601564478094
1.75 1.7841546554950058
2 1.1698065082786884
3 0.26510198555321807
4 0.073212513472202839
6 0.010686926835422772
8 0.0030463074199459372
16 0.00020801983544194158
