0 23.000000000000004
0.03125 23.260434855099142
0.0625 23.496495798613893
0.09375 23.709498679570562
0.125 23.901119149344805
0.1875 24.223775801720112
0.25 24.450807395510552
0.375 24.283430153340433
0.5 22.347066929088029
0.625 18.336838470963603
0.75 13.619837686024258
0.8125 11.486790559310901
0.875 9.6333872615335316
0.9375 8.0749769103863382
0.96875 7.4005008621883528
1 6.7900904658018382
1.03125 6.2387189357174329
1.0625 5.7412173159226496
1.125 4.8877457147013406
1.1875 4.1923977737924645
1.25 3.6235855283956133
1.375 2.7682100418516158
1.5 2.1741283719431239
1.75 1.4396261195821871
2 1.0274171318345404
3 0.39579787735397365
4 0.1885256219610244
6 0.050323243124761163
8 0.017432523908627873
16 0.0010475311906418261
