0 13
0.03125 13.264764345883709
0.0625 13.54035130648016
0.09375 13.82315325375048
0.125 14.107874317588335
0.1875 14.653434732378297
0.25 15.102960822906155
0.375 15.358611692154769
0.5 14.329685246135716
0.625 12.107068471503878
0.75 9.3748082755344555
0.8125 8.0481326454239763
0.875 6.8292330214739065
0.9375 5.7475042351849588
0.96875 5.2616047434042859
1 4.8122870943985276
1.03125 4.3986380848986206
1.0625 4.0192599620095972
1.125 3.3561568329157732
1.1875 2.8070619963758716
1.25 2.3552465301298149
1.375 1.6815890649016156
1.5 1.2296523460930593
1.75 0.71394485315845801
2 0.46106133091232221
3 0.1547539898720931
4 0.075150812787353055
6 0.019439815930670623
8 0.0049198597261235211
16 2.2055793442055105e-05
