0 26
0.03125 25.814278780488113
0.0625 25.632403657085316
0.09375 25.462140393185578
0.125 25.310132008917723
0.1875 25.081390668726627
0.25 24.973478494396034
0.375 25.083675114783308
0.5 25.121398938201342
0.625 23.864986412075922
0.75 20.431144570265545
0.8125 18.083812299751131
0.875 15.596595319508582
0.9375 13.179036949760304
0.96875 12.045206753411605
1 10.977995491246073
1.03125 9.9843942880450847
1.0625 9.0677220644583372
1.125 7.4644685645250943
1.1875 6.1484956806945377
1.25 5.0829625199382793
1.375 3.539657752552015
1.5 2.5448800376336775
1.75 1.4566862931374538
2 0.9387166165643348
3 0.30247678159361946
4 0.13227582773173291
6 0.031069519831275205
8 0.010278906543409128
16 0.00064429932876253204
