0 26.000000000000004
0.03125 25.619558217908683
0.0625 25.242091296540757
0.09375 24.869062960346589
0.125 24.501615891040565
0.1875 23.786044704794762
0.25 23.094857407753917
0.375 21.71701273898648
0.5 20.067552898356393
0.625 17.740806038187177
0.75 14.689417354486766
0.8125 13.036390792778366
0.875 11.410709965497393
0.9375 9.8839596731898691
0.96875 9.1735351954566742
1 8.5036133412619392
1.03125 7.8762301009834204
1.0625 7.2921570357058645
1.125 6.2520520644666799
1.1875 5.3726072873067876
1.25 4.6361899612065303
1.375 3.5125988187928474
1.5 2.7332575166997612
1.75 1.7889651418259502
2 1.2711418452511984
3 0.47209971159892078
4 0.21481391659870214
6 0.05274386097092526
8 0.016355814898214638
16 0.0016052913783085598
