0 22
0.03125 21.840112446367716
0.0625 21.648166616432974
0.09375 21.425697156358936
0.125 21.173706373242663
0.1875 20.582053078543613
0.25 19.869162355231406
0.375 18.042725727932076
0.5 15.698184138757435
0.625 13.074393108673462
0.75 10.5443968214744
0.8125 9.404979647998557
0.875 8.3721716484405331
0.9375 7.4491508483047921
0.96875 7.0277229361762696
1 6.6318194983236669
1.03125 6.2603113053338619
1.0625 5.9119673640677552
1.125 5.2796449819156193
1.1875 4.724682156089723
1.25 4.2375159165882597
1.375 3.4332330186826363
1.5 2.8101876328859468
1.75 1.9472771105832278
2 1.4150721615509347
3 0.55236685518217188
4 0.23548784730384731
6 0.034945046491177995
8 0.0052597766624083442
16 6.3447570767261041e-06
