0 29.000000000000004
0.03125 28.729492857939594
0.0625 28.424565784046216
0.09375 28.078430488042059
0.125 27.686664726228749
0.1875 26.759680331402478
0.25 25.648622849941685
0.375 22.982244336522839
0.5 19.941499375244746
0.625 16.788400510126621
0.75 13.813511352781667
0.8125 12.478799563159273
0.875 11.277291075826945
0.9375 10.219460421435887
0.96875 9.7448833440392697
1 9.3056515059652458
1.03125 8.9005186847301072
1.0625 8.5278552209254723
1.125 7.8719128451353928
1.1875 7.3196539649874826
1.25 6.8507831605250216
1.375 6.0810825669714088
1.5 5.416002125059495
1.75 4.0825702779684026
2 2.7707576921211086
3 0.4416307680232831
4 0.10878675659964709
6 0.013636237682854546
8 0.0022937605882022427
16 3.3069714404643236e-06
