0 12.999999999999996
0.03125 13.01948446680187
0.0625 13.011107019278484
0.09375 12.972850230899326
0.125 12.902256145238763
0.1875 12.653990527851875
0.25 12.25089356870739
0.375 10.997455849949235
0.5 9.3612832827836492
0.625 7.7075805864979952
0.75 6.2980476807696064
0.8125 5.71408069029708
0.875 5.2074065151018285
0.9375 4.7691436331183343
0.96875 4.572278576417661
1 4.3883674472171661
1.03125 4.2160194081276607
1.0625 4.0539042210195158
1.125 3.7554868963391095
1.1875 3.484406081564849
1.25 3.2337874147894263
1.375 2.7755084375894126
1.5 2.3588921390795865
1.75 1.6399027702641835
2 1.0928955421077333
3 0.2075768535948542
4 0.050845667349803877
6 0.0051093797735305563
8 0.00068306390520483928
16 3.9010355926127893e-07
