0 28.999999999999989
0.03125 29.254039627715191
0.0625 29.507877677109146
0.09375 29.755154691638285
0.125 29.988974816135354
0.1875 30.392945033859217
0.25 30.700076242263634
0.375 31.284002391352832
0.5 32.542751894591106
0.625 33.107186652570377
0.75 28.5930090812464
0.8125 24.419324040915573
0.875 19.942880274422382
0.9375 15.842196300481081
0.96875 14.047519880947988
1 12.443002467444098
1.03125 11.02564333320829
1.0625 9.7840499664768146
1.125 7.7625649568898911
1.1875 6.2394026846477182
1.25 5.0881221773569338
1.375 3.5292668080840977
1.5 2.5703385910997589
1.75 1.5178963778632379
2 0.98440584511502838
3 0.24750210990213128
4 0.071334435487709236
6 0.0069608253592573499
8 0.00081002925483164567
16 2.6227505078857405e-07
