0 21
0.03125 20.932229373782793
0.0625 20.857369049483456
0.09375 20.769341038192746
0.125 20.660934351496081
0.1875 20.352752685164621
0.25 19.878694937264626
0.375 18.32987674603061
0.5 16.087868718707611
0.625 13.523220652733253
0.75 11.016785484382499
0.8125 9.8644355513565127
0.875 8.8009473262254012
0.9375 7.832540671262759
0.96875 7.3843729941011738
1 6.9599024462973453
1.03125 6.5586390541958854
1.0625 6.1799459091156574
1.125 5.4871886503327367
1.1875 4.8747775784959906
1.25 4.335226975159169
1.375 3.4445331798304455
1.5 2.7583180649881309
1.75 1.8170520864974826
2 1.2406377372225834
3 0.359844326011868
4 0.14118094989248953
6 0.033323418125936588
8 0.011673300039902829
16 0.0013437226532664881
