0 21
0.03125 20.984579788845895
0.0625 20.921238848717216
0.09375 20.806018897096209
0.125 20.636278780098948
0.1875 20.130098926481605
0.25 19.411309484193691
0.375 17.467886911186081
0.5 15.158173720513584
0.625 12.812911479039892
0.75 10.621784044433735
0.8125 9.6092573063084625
0.875 8.6574459553884147
0.9375 7.7685697558886062
0.96875 7.3482833214198147
1 6.9443384286164562
1.03125 6.5568712036161045
1.0625 6.1859704770331136
1.125 5.4939287868285982
1.1875 4.8676445606885297
1.25 4.3053820202613835
1.375 3.3605553346389261
1.5 2.6270217630624146
1.75 1.640467218999845
2 1.0716894259099956
3 0.30669802534501434
4 0.13144145599391779
6 0.034427710957218721
8 0.011300144843517573
16 0.0014283707355132735
