0 21.000000000000007
0.03125 21.370244143039599
0.0625 21.765746495333044
0.09375 22.19466261228553
0.125 22.665050561082388
0.1875 23.751916043493249
0.25 25.012841706445439
0.375 27.147580181416025
0.5 25.764695450077127
0.625 19.832805670474606
0.75 13.153385127908923
0.8125 10.500132110376239
0.875 8.4002882125049592
0.9375 6.7826419834005138
0.96875 6.1237920111674695
1 5.5485831277225728
1.03125 5.0458774582910255
1.0625 4.6057033205846345
1.125 3.8790442931473614
1.1875 3.3117846184239284
1.25 2.8622347005558173
1.375 2.2040391893532276
1.5 1.7505266129564441
1.75 1.1696945626465358
2 0.81561353355482691
3 0.24437456208975702
4 0.10976058214037301
6 0.046957417044192956
8 0.024291344960504863
16 0.001241948140512511
