0 22.000000000000007
0.03125 22.316674550722471
0.0625 22.585714236940376
0.09375 22.79849732748778
0.125 22.945991121802134
0.1875 23.010809306808337
0.25 22.72471209857888
0.375 21.055201934462602
0.5 18.255740918594178
0.625 15.052346330876253
0.75 12.102726002012846
0.8125 10.837137438623071
0.875 9.7289301584487973
0.9375 8.7725095057920921
0.96875 8.3468854086228781
1 7.953275305736704
1.03125 7.5891392003254952
1.0625 7.251841150624621
1.125 6.6471667071390179
1.1875 6.1187479795534578
1.25 5.6480856488411222
1.375 4.8211607230629339
1.5 4.083097520795798
1.75 2.7765527636208596
2 1.7506153322448725
3 0.22443324551985805
4 0.037695821308129041
6 0.0021853585889918536
8 0.0001822875143332181
16 1.7506527366650815e-08
