0 21.000000000000004
0.03125 20.874017807698262
0.0625 20.714470257273117
0.09375 20.521262303359212
0.125 20.293766509385467
0.1875 19.73206516862448
0.25 19.022960356554915
0.375 17.18342808141017
0.5 14.953805893874367
0.625 12.646969336535937
0.75 10.522709897073685
0.8125 9.5695162886883249
0.875 8.693414408905884
0.9375 7.8910245774733001
0.96875 7.5156644510117347
1 7.1564151290017755
1.03125 6.8124303344106956
1.0625 6.4828936960674515
1.125 5.8641736348636169
1.1875 5.2949696006944187
1.25 4.7711520034609256
1.375 3.8479992143442669
1.5 3.0770439793257949
1.75 1.9333812593600923
2 1.2086749124325304
3 0.22943433606491415
4 0.070533256399217731
6 0.021464606871853864
8 0.013001075123975386
16 0.0037710243609714034
