0 14.999999999999995
0.03125 15.118660037078429
0.0625 15.257810163506623
0.09375 15.426941440494025
0.125 15.636265448512509
0.1875 16.216206324188246
0.25 17.064122093876392
0.375 19.463358343055926
0.5 21.148193704827886
0.625 19.148967868857198
0.75 13.898229916967665
0.8125 11.140247179855077
0.875 8.7287113467999742
0.9375 6.7650963940233462
0.96875 5.9489298063430693
1 5.2335206022060641
1.03125 4.6093413247471604
1.0625 4.0663915620395024
1.125 3.1856614306992919
1.1875 2.5216817207068325
1.25 2.0187903252347206
1.375 1.3389365988238058
1.5 0.92693119815338898
1.75 0.49559895167945778
2 0.29798038743943778
3 0.081804307972539791
4 0.04106767628515115
6 0.018110338466345383
8 0.0096615404428256335
16 0.0010531573897279156
