0 24.999999999999993
0.03125 25.036027062947749
0.0625 25.017331928561546
0.09375 24.942170756311565
0.125 24.810715171985485
0.1875 24.39001956143257
0.25 23.79674780713124
0.375 22.352684843645765
0.5 20.918829005605328
0.625 19.451210302160291
0.75 17.408615115753022
0.8125 16.042239189691184
0.875 14.476563552521631
0.9375 12.797140947895027
0.96875 11.947444327238735
1 11.108041056729871
1.03125 10.289970780884014
1.0625 9.5023695774788273
1.125 8.0446823715571742
1.1875 6.7675059535520719
1.25 5.6771611988653286
1.375 4.0047331229533931
1.5 2.8669677522737591
1.75 1.5720413209661159
2 0.94576995371500727
3 0.23044444743881987
4 0.089244060476201814
6 0.024178006257906337
8 0.0098261083750528777
16 0.00050796975288142088
