0 22.999999999999993
0.03125 22.970427976375568
0.0625 22.912456138099692
0.09375 22.823872605034367
0.125 22.702767702600909
0.1875 22.356930845819303
0.25 21.865150197886784
0.375 20.412325802265137
0.5 18.302375769675631
0.625 15.634072799260604
0.75 12.745683744581319
0.8125 11.353315018982888
0.875 10.052320605242812
0.9375 8.8671252813865493
0.96875 8.32162765807497
1 7.8079793360831564
1.03125 7.3257852136531643
1.0625 6.8742127806880378
1.125 6.0580832269988676
1.1875 5.3481400463272131
1.25 4.7316729059403189
1.375 3.7304905834722089
1.5 2.9696083652675851
1.75 1.9337057673018849
2 1.304381260711271
3 0.38094477700134455
4 0.16257226770283009
6 0.043062546283816061
8 0.013546299690766844
16 0.00032092449080503571
