0 17
0.03125 16.719595739818935
0.0625 16.453375277537937
0.09375 16.201816427229133
0.125 15.964749912655678
0.1875 15.530514882974099
0.25 15.137902996585954
0.375 14.382622270625253
0.5 13.44905985273456
0.625 12.112562567612969
0.75 10.365789128890619
0.8125 9.4056276040518263
0.875 8.4383120001142
0.9375 7.4986326092125584
0.96875 7.0478465177949463
1 6.6132057586667488
1.03125 6.1965476864632683
1.0625 5.7991598544687948
1.125 5.0649570145537925
1.1875 4.4122994338993893
1.25 3.8382652702128235
1.375 2.9020093346572526
1.5 2.1999829296322608
1.75 1.2874746829446961
2 0.77826768454233508
3 0.15401627260537037
4 0.056276694120832887
6 0.020924435600215979
8 0.012214660120941509
16 0.0030268349596878352
