0 17.000000000000004
0.03125 16.921734698023545
0.0625 16.849740796418011
0.09375 16.790256460394016
0.125 16.749743963509999
0.1875 16.751697266112156
0.25 16.904222768826784
0.375 17.748618420581661
0.5 18.877218301219706
0.625 18.69528212817778
0.75 15.9116002765433
0.8125 13.812650182907362
0.875 11.608957339489359
0.9375 9.5347450374172205
0.96875 8.5920557998406935
1 7.7243675777097103
1.03125 6.9345433396630494
1.0625 6.2218745779672382
1.125 5.0135913698333878
1.1875 4.0589090185908443
1.25 3.3104122195438004
1.375 2.2630456116958122
1.5 1.6068237804349956
1.75 0.89434965215602868
2 0.54918145167363186
3 0.1281194341515571
4 0.043361692671538526
6 0.0079629929437473601
8 0.0018347488452622462
16 6.5936293129897905e-06
