0 17.999999999999996
0.03125 18.02557431573765
0.0625 18.058849283332663
0.09375 18.096793780994432
0.125 18.135799800950686
0.1875 18.200449264045854
0.25 18.216885743454622
0.375 17.952619395576825
0.5 17.066760441013802
0.625 15.40368898666509
0.75 13.031376197033246
0.8125 11.678332178053273
0.875 10.293856780544552
0.9375 8.9395880761401809
0.96875 8.2904581176616965
1 7.6670199911379964
1.03125 7.0731904398602499
1.0625 6.5118003048699649
1.125 5.4926532126298966
1.1875 4.6138047011562051
1.25 3.8690593143869947
1.375 2.7292411388765681
1.5 1.9525999548150046
1.75 1.0707037463362776
2 0.65111195668741706
3 0.18412052421051592
4 0.084105261267533066
6 0.025999784682218308
8 0.0096972778620526279
16 0.00031759597391609051
