0 23.999999999999993
0.03125 23.836007082086446
0.0625 23.69092593982943
0.09375 23.563133069169361
0.125 23.448512323647481
0.1875 23.231468876745527
0.25 22.969905975647091
0.375 22.004226888032623
0.5 20.154082357958075
0.625 17.562024942785577
0.75 14.728376768058759
0.8125 13.370701661380012
0.875 12.100611071515001
0.9375 10.931575116311292
0.96875 10.385204063010661
1 9.8631254469366407
1.03125 9.3640003200235764
1.0625 8.8862994004809313
1.125 7.9889180459715776
1.1875 7.1595977901395473
1.25 6.3900105369229641
1.375 5.0143257761037354
1.5 3.8533549924676693
1.75 2.1713311894935345
2 1.2002481707165877
3 0.18445637365988637
4 0.078611275311185558
6 0.03161537370350842
8 0.0125829473868182
16 0.00028267874740722787
