0 26.999999999999989
0.03125 27.160707902940274
0.0625 27.258988959470067
0.09375 27.285093115775936
0.125 27.230576037270595
0.1875 26.856671526985853
0.25 26.120295742859852
0.375 23.737159321650417
0.5 20.734300754410931
0.625 17.760395126301137
0.75 15.069231594858405
0.8125 13.821953165485102
0.875 12.624729391817276
0.9375 11.47111251819528
0.96875 10.910601857584076
1 10.361764638166113
1.03125 9.8256032929506762
1.0625 9.3033191687225312
1.125 8.3055674251064886
1.1875 7.3783740328285816
1.25 6.5293154445590957
1.375 5.0781125355295469
1.5 3.9433564173298103
1.75 2.4299858656260631
2 1.5710244236925572
3 0.40630686230487628
4 0.14479079151422769
6 0.030180919011449869
8 0.0093175808112762604
16 0.00030585106273434137
