0 27.999999999999993
0.03125 27.722864890613383
0.0625 27.433866395466513
0.09375 27.136070759386943
0.125 26.831195598929479
0.1875 26.201566708056522
0.25 25.53957972829274
0.375 24.052563807481498
0.5 22.192781007231016
0.625 19.818660035772886
0.75 17.01307637385446
0.8125 15.539247583522451
0.875 14.074458507515672
0.9375 12.653867694978647
0.96875 11.968720518971127
1 11.303837362369551
1.03125 10.66125020659527
1.0625 10.042581602845125
1.125 8.8817244210723683
1.1875 7.8276834723357602
1.25 6.8825920542449985
1.375 5.3101289585243618
1.5 4.1196373289830914
1.75 2.5965822419609723
2 1.7646923643243206
3 0.47986449718904001
4 0.11302295440935595
6 0.0059815089774834518
8 0.00036995474317702559
16 1.3956148792182432e-08
