0 26.000000000000007
0.03125 25.737988442623106
0.0625 25.490967654502594
0.09375 25.259860762684472
0.125 25.044674086655824
0.1875 24.65705446732213
0.25 24.306123324881987
0.375 23.510794979316433
0.5 22.052883413209802
0.625 19.415017398093436
0.75 15.846206489478298
0.8125 13.980229729945922
0.875 12.202601464428014
0.9375 10.581888319376898
0.96875 9.8420366787671636
1 9.1515931644750985
1.03125 8.510522083160323
1.0625 7.9177048676589479
1.125 6.8686648333973768
1.1875 5.9839766345935619
1.25 5.2401888311538833
1.375 4.0861113009801171
1.5 3.2543684445873913
1.75 2.166910833168509
2 1.4993880287212897
3 0.39825777478949775
4 0.13871558147193719
6 0.03560039155079503
8 0.014142914992050726
16 0.00068154418578919573
