0 21.999999999999989
0.03125 22.347427907048665
0.0625 22.692822258105611
0.09375 23.028342452497714
0.125 23.346243382419143
0.1875 23.899338014371857
0.25 24.294756265841869
0.375 24.382146182153033
0.5 23.11069410609138
0.625 20.199846260362978
0.75 16.154762476490571
0.8125 14.041411250596378
0.875 12.033962960098769
0.9375 10.210852390408526
0.96875 9.381724644492385
1 8.6102979516254479
1.03125 7.8965364507120848
1.0625 7.2391616571273119
1.125 6.0841791640706484
1.1875 5.1216576424703097
1.25 4.3243045771618336
1.375 3.1205844885582779
1.5 2.2940496873610159
1.75 1.3089116958693412
2 0.79477673756298362
3 0.17197627850492714
4 0.065843003818296664
6 0.02396608139412254
8 0.01334094980515721
16 0.0018790805962872748
