0 20.000000000000004
0.03125 20.162894024267121
0.0625 20.32579227979388
0.09375 20.483681659996169
0.125 20.63043801278209
0.1875 20.859922440880428
0.25 20.941578614619523
0.375 20.332408313926297
0.5 18.359367461076776
0.625 15.293653963067062
0.75 11.962494588443075
0.8125 10.429432196882885
0.875 9.0502409636764884
0.9375 7.8394315619379995
0.96875 7.2965107797843611
1 6.7933584741928668
1.03125 6.3279836444811055
1.0625 5.8981400024631121
1.125 5.1355268255482187
1.1875 4.4865902454225308
1.25 3.9337005721805496
1.375 3.0564613749459952
1.5 2.4069658832181249
1.75 1.5463653090801881
2 1.0344607811115756
3 0.27885307274940041
4 0.1028245133882866
6 0.025607195074641903
8 0.010648052083673754
16 0.0013592160998354419
