0 28
0.03125 27.734986148039482
0.0625 27.45682955725308
0.09375 27.16426251603956
0.125 26.856236938929015
0.1875 26.189665731453175
0.25 25.446461374502181
0.375 23.652856020816795
0.5 21.282737709472681
0.625 18.296100714195212
0.75 15.021337393443989
0.8125 13.433558256138989
0.875 11.948326581074733
0.9375 10.596022432652298
0.96875 9.9744608340147263
1 9.390023728902845
1.03125 8.8423928731163706
1.0625 8.330731541488495
1.125 7.4101421716003877
1.1875 6.6156893369983827
1.25 5.9329566524595352
1.375 4.8450568764631861
1.5 4.0410913422446866
1.75 2.9649905332929416
2 2.2544860582611013
3 0.60876066792349137
4 0.12927026007890824
6 0.0078829292740399404
8 0.00068416074690652584
16 1.0093481866979559e-07
