0 7.0000000000000009
0.03125 6.8789149904513591
0.0625 6.7267926723082443
0.09375 6.547840762787736
0.125 6.3466028804158281
0.1875 5.8958250013480686
0.25 5.4098051793417365
0.375 4.4432499542714678
0.5 3.5927865060740127
0.625 2.9022558746474107
0.75 2.3602728505685788
0.8125 2.135909484094189
0.875 1.9374776956198774
0.9375 1.7614706388573675
0.96875 1.680895336593927
1 1.6048043744307392
1.03125 1.532880892032974
1.0625 1.4648339393931804
1.125 1.3393265080036367
1.1875 1.2264138333241748
1.25 1.1245377716399827
1.375 0.94889834568571496
1.5 0.80426026770150072
1.75 0.58557063810577104
2 0.43507114247293643
3 0.16879447272645756
4 0.088487952823154331
6 0.032267118506285074
8 0.01240559314657055
16 0.00029182714803960633
