0 28.000000000000011
0.03125 27.991199743765531
0.0625 27.931921468508662
0.09375 27.822060480127526
0.125 27.661286164021885
0.1875 27.184079407572131
0.25 26.491875531727192
0.375 24.434531628147756
0.5 21.551168471334769
0.625 18.180107559997104
0.75 14.829980528131729
0.8125 13.298925844820477
0.875 11.905402426919071
0.9375 10.659782637328471
0.96875 10.092035542159365
1 9.5595445044427958
1.03125 9.0606804857618943
1.0625 8.5935291634015289
1.125 7.7459031518516017
1.1875 6.9993018979494419
1.25 6.3370234750874701
1.375 5.2091902652254642
1.5 4.2763023570005112
1.75 2.8274171228639693
2 1.8215672578609599
3 0.33697264208236172
4 0.095808142379702421
6 0.021745801697180267
8 0.0098617252859131699
16 0.0012656203952654543
