0 21
0.03125 21.097063344524752
0.0625 21.17408894434358
0.09375 21.239078714851953
0.125 21.300789949894149
0.1875 21.448905240547344
0.25 21.672980400248132
0.375 22.294167560816756
0.5 22.226773843021491
0.625 19.958794927750635
0.75 15.595667533823784
0.8125 13.188843919678067
0.875 10.930635265651228
0.9375 8.9434928955672817
0.96875 8.0673363759893135
1 7.2702100850180402
1.03125 6.5495133568456012
1.0625 5.9010753418237263
1.125 4.8000759215388218
1.1875 3.9228122443776052
1.25 3.226264468975975
1.375 2.2321830111362395
1.5 1.5952097931080631
1.75 0.8947638842953507
2 0.55857778762886934
3 0.15881579448820049
4 0.071023445445132977
6 0.026750643955317566
8 0.016555474791152269
16 0.0055329852517905787
