0 5.0000000000000018
0.03125 5.1104433847661754
0.0625 5.2264027992813658
0.09375 5.3462823042626315
0.125 5.4678944888918135
0.1875 5.7047181160331677
0.25 5.9089554338177077
0.375 6.0910712458201823
0.5 5.811830000286978
0.625 5.070673944981948
0.75 4.0752819963128744
0.8125 3.5640423977789704
0.875 3.0779811983121124
0.9375 2.6327614925693372
0.96875 2.4282620259155272
1 2.2365204089879436
1.03125 2.0576491515573259
1.0625 1.8915115358884846
1.125 1.5959684945303712
1.1875 1.3457519716247814
1.25 1.1356024825544659
1.375 0.81361902214460924
1.5 0.59010288092230623
1.75 0.32414805432676136
2 0.18779194666523502
3 0.028408894442289542
4 0.0050966929775748057
6 0.00018884914494442587
8 7.5342450507817627e-06
16 2.1668059707602438e-11
