0 7.9999999999999982
0.03125 7.8253605680314502
0.0625 7.638487151227598
0.09375 7.4407460150764084
0.125 7.2338747886214927
0.1875 6.8009075210668879
0.25 6.3567801878400241
0.375 5.4972066857684654
0.5 4.7411817076785185
0.625 4.1093184740566526
0.75 3.5798825639202771
0.8125 3.3431948400581994
0.875 3.12034833374523
0.9375 2.9087440190684424
0.96875 2.8065930285684981
1 2.7066797195952721
1.03125 2.6089136487718227
1.0625 2.5132426147073037
1.125 2.328129174586048
1.1875 2.1514421983025915
1.25 1.9835008070573619
1.375 1.6753229407670513
1.5 1.4056401968023655
1.75 0.9788499701227632
2 0.68002578668141378
3 0.17118305206082293
4 0.049122352778123705
6 0.0052274562588346882
8 0.00065274164824448075
16 2.1100141150282026e-07
