0 26.000000000000007
0.03125 26.036597370330785
0.0625 26.03959868903712
0.09375 26.006250063746432
0.125 25.933728261529495
0.1875 25.659204344205325
0.25 25.191010626908486
0.375 23.581709426783583
0.5 21.027255488764482
0.625 17.747345914830397
0.75 14.247209122849245
0.8125 12.582969909491425
0.875 11.040548860863669
0.9375 9.6459629806897649
0.96875 9.0077499045740499
1 8.409195543112622
1.03125 7.8497001876799564
1.0625 7.3281810099869293
1.125 6.3930310330737861
1.1875 5.5896113756861512
1.25 4.9021598078655773
1.375 3.8134645408242087
1.5 3.0166249154286442
1.75 1.9825461374898481
2 1.3748105722317863
3 0.41385697030217128
4 0.15179637998354745
6 0.035783949908064661
8 0.016188562572355958
16 0.0038444334301312444
