0 8.0000000000000036
0.03125 8.3200699531208659
0.0625 8.6417306474977273
0.09375 8.9609322714872786
0.125 9.2720102980180314
0.1875 9.8385104363219984
0.25 10.263838550106945
0.375 10.350080829767846
0.5 9.1656654527916768
0.625 7.1396746469641732
0.75 5.0693428256909341
0.8125 4.1862320297793421
0.875 3.4353790449267745
0.9375 2.8140137588322394
0.96875 2.5479801500334425
1 2.308931089902563
1.03125 2.0946175748766986
1.0625 1.9027874949879588
1.125 1.5779524765792976
1.1875 1.3184703456524141
1.25 1.1108087237827287
1.375 0.80906378353039121
1.5 0.60934436926875513
1.75 0.37717137128701994
2 0.25579192427276087
3 0.091670790846838338
4 0.0494543679417919
6 0.020655463532845933
8 0.0095632408719015238
16 0.00048386039022452199
