0 19.000000000000004
0.03125 18.380808942069311
0.0625 17.812733755197172
0.09375 17.287910745085885
0.125 16.798134621596407
0.1875 15.89167588158988
0.25 15.035242428391859
0.375 13.315960925821861
0.5 11.506807027143537
0.625 9.6976519503706164
0.75 8.0450676396023262
0.8125 7.3123726403895182
0.875 6.6495372992063988
0.9375 6.0560591965745187
0.96875 5.7842155002896298
1 5.5280717575306522
1.03125 5.2868324653383398
1.0625 5.059643057955344
1.125 4.6438598607314239
1.1875 4.2736327253432203
1.25 3.9422343675383069
1.375 3.3725677686927678
1.5 2.8966105477627386
1.75 2.1344506813704149
2 1.5534720487031723
3 0.41152546213424962
4 0.12495936959006614
6 0.017163819516382656
8 0.0034998041471421271
16 0.00083444943448131303
