0 12
0.03125 12.004885950644542
0.0625 12.005301740788804
0.09375 12.002290247518705
0.125 11.996368594542451
0.1875 11.974470807656486
0.25 11.929412793930478
0.375 11.679418828890212
0.5 11.052834406652623
0.625 9.984226865127221
0.75 8.6001185215389668
0.8125 7.8540988763208777
0.875 7.1042682076351653
0.9375 6.3698469010234477
0.96875 6.0132483852177403
1 5.6657973966984043
1.03125 5.3287568035278596
1.0625 5.0031726628281534
1.125 4.3895518564187865
1.1875 3.8294557997943643
1.25 3.3247600471762127
1.375 2.4785430810900992
1.5 1.8304757990794462
1.75 0.99231483981763902
2 0.54784615763060285
3 0.079480934518850535
4 0.022084441692668183
6 0.0030308581521031608
8 0.00045316053081460861
16 2.28063338478246e-07
