0 9.9999999999999982
0.03125 10.21614083492242
0.0625 10.402265319619024
0.09375 10.551669797188945
0.125 10.658069466384084
0.1875 10.721332054733191
0.25 10.565316908519032
0.375 9.627253511575649
0.5 8.1383890690210734
0.625 6.5315711917631418
0.75 5.1037719088017095
0.8125 4.4953533014912956
0.875 3.9596346163427003
0.9375 3.4922500487262522
0.96875 3.2821702376600599
1 3.086622132805847
1.03125 2.9046742386205491
1.0625 2.7354047020578323
1.125 2.4313553284981815
1.1875 2.1677994529946649
1.25 1.938829054751996
1.375 1.5650039409239065
1.5 1.2777153979296672
1.75 0.87820402041757528
2 0.62578892564689803
3 0.2080798184279477
4 0.08283907711327905
6 0.014313032119868306
8 0.0026271844762214905
16 4.7328840396473892e-06
