0 27.999999999999996
0.03125 28.273941043201212
0.0625 28.593956380082723
0.09375 28.973347049656866
0.125 29.428882965512315
0.1875 30.66212657591376
0.25 32.555278832610298
0.375 39.792172847001169
0.5 49.807594575631676
0.625 45.735679954668782
0.75 28.194066570022333
0.8125 20.801453298304871
0.875 15.358210286316915
0.9375 11.506797002108732
0.96875 10.031233234924406
1 8.7879250812972387
1.03125 7.7358071659414698
1.0625 6.8411548375649947
1.125 5.4197729629730693
1.1875 4.3611268456398475
1.25 3.5578594296196622
1.375 2.4522789408656371
1.5 1.7559882889495786
1.75 0.97957822136302219
2 0.59180008176834775
3 0.12412001884491131
4 0.038412037695109702
6 0.0055241849756395567
8 0.00093925870200484152
16 1.0839031105991381e-06
