0 14
0.03125 14.077171656690615
0.0625 14.129954257482103
0.09375 14.15749571441771
0.125 14.160088156721327
0.1875 14.096911961342753
0.25 13.961873353893068
0.375 13.597408391997538
0.5 13.265485961297696
0.625 12.915399940447527
0.75 12.13336425342667
0.8125 11.430398487559286
0.875 10.499753995285506
0.9375 9.3870360305958158
0.96875 8.7870060755810417
1 8.1732381681994557
1.03125 7.5571802388889244
1.0625 6.9493527525064733
1.125 5.7930551711833775
1.1875 4.7561067033606204
1.25 3.8630758557015992
1.375 2.507401807936386
1.5 1.6258240903151935
1.75 0.72408851740294999
2 0.36272422360178347
3 0.0586365159377958
4 0.017268796098566755
6 0.0019996162045627097
8 0.0002424277675830977
16 5.2924454735370219e-08
