0 16.999999999999996
0.03125 17.07310227943259
0.0625 17.103114679295029
0.09375 17.086351359049015
0.125 17.020149267348657
0.1875 16.734439465661957
0.25 16.24789205316976
0.375 14.772009755251419
0.5 12.928438636001605
0.625 11.116037357828914
0.75 9.5716973522605873
0.8125 8.9081677806380153
0.875 8.2992056773488123
0.9375 7.7262940083919229
0.96875 7.4479325660541615
1 7.1726122541791248
1.03125 6.899034330252209
1.0625 6.6263165374893669
1.125 6.0820018833343763
1.1875 5.54042993932726
1.25 5.0069941045851794
1.375 3.9965881883743934
1.5 3.1106143204656047
1.75 1.8087021559521537
2 1.0461701137139432
3 0.16955051127217644
4 0.048043747339968162
6 0.0080649906262306448
8 0.0018090931950908717
16 6.1919905880725157e-06
