0 17.000000000000007
0.03125 16.948299369646509
0.0625 16.887450018929478
0.09375 16.821601851667424
0.125 16.753208807781967
0.1875 16.608485954400795
0.25 16.430959723381566
0.375 15.746692465422706
0.5 14.223147691881431
0.625 11.842836739748355
0.75 9.1702870769159208
0.8125 7.9220958491776035
0.875 6.7967898303219547
0.9375 5.8122576692767876
0.96875 5.3733945536413419
1 4.9688969851820541
1.03125 4.5972124219931505
1.0625 4.2564850686294484
1.125 3.6597049600584546
1.1875 3.1618418569483104
1.25 2.7469014685259481
1.375 2.1107922472196461
1.5 1.6616008119752639
1.75 1.0999392563393544
2 0.78245707341874493
3 0.29824784076320576
4 0.15085631256434423
6 0.053636665363441041
8 0.021357377017929433
16 0.00063707107844984678
