0 8.9999999999999982
0.03125 9.2259186195397564
0.0625 9.474934640699594
0.09375 9.7477178407324452
0.125 10.042911611129512
0.1875 10.681586406968874
0.25 11.320331744847961
0.375 12.078042674339692
0.5 11.286981962048799
0.625 8.9558681509578708
0.75 6.2150576588067219
0.8125 5.0132171524589619
0.875 3.9966489881947105
0.9375 3.1686389151622074
0.96875 2.8200803843119382
1 2.5108889965444048
1.03125 2.2375151685308237
1.0625 1.9963844935419472
1.125 1.597209805496516
1.1875 1.2883714343971957
1.25 1.0491283274627889
1.375 0.71731239964657789
1.5 0.5108049938721182
1.75 0.2880177486584552
2 0.18053599720817562
3 0.047473567167627864
4 0.019825209778272568
6 0.0072845806645011058
8 0.003972712170308472
16 0.0012150059005818711
