0 20
0.03125 19.886678886606639
0.0625 19.78161606546135
0.09375 19.685512609407837
0.125 19.5993176243386
0.1875 19.459391736891867
0.25 19.359460630337928
0.375 19.158631654246701
0.5 18.499261856261899
0.625 16.808356784066188
0.75 14.125478812731576
0.8125 12.616101153838327
0.875 11.12132038271865
0.9375 9.7095443444174592
0.96875 9.0482977543982557
1 8.4207886132647189
1.03125 7.8283851651178855
1.0625 7.271472853880832
1.125 6.262148160747766
1.1875 5.3844717980028021
1.25 4.6260919451250144
1.375 3.4136575156416429
1.5 2.5246098973419944
1.75 1.4046597480397129
2 0.81025715261972187
3 0.14777158231804438
4 0.05709820516279876
6 0.021970085152514945
8 0.01129189873604719
16 0.0014789428253998427
