0 8.0000000000000018
0.03125 7.863866418984446
0.0625 7.6990386764740411
0.09375 7.5111643233217933
0.125 7.3060702435522105
0.1875 6.8667148847466413
0.25 6.4212754551572848
0.375 5.6199000590799333
0.5 5.0054955472955029
0.625 4.5474655834141489
0.75 4.1590270582086095
0.8125 3.9644166170976369
0.875 3.7599573038167411
0.9375 3.5423778926612566
0.96875 3.4285055197278895
1 3.3115076938688897
1.03125 3.1917629047620135
1.0625 3.0697635948401309
1.125 2.8213744281680961
1.1875 2.5715126587317765
1.25 2.3254905143875946
1.375 1.8633620622217579
1.5 1.4618997898768207
1.75 0.87014314886244626
2 0.51588898878459233
3 0.096578243730261248
4 0.036116881349386377
6 0.0099030234053631913
8 0.0030699747352192532
16 2.7753609880575014e-05
