0 14.999999999999998
0.03125 14.857787433137659
0.0625 14.708705326291131
0.09375 14.54526405046396
0.125 14.360888460631054
0.1875 13.908436151214984
0.25 13.322483595284602
0.375 11.751577613268896
0.5 9.856715972189269
0.625 7.9960344961457714
0.75 6.4232696813444781
0.8125 5.7726543440620226
0.875 5.2091198014116769
0.9375 4.7238700827352762
0.96875 4.5072524435477774
1 4.3060936993402441
1.03125 4.1189977344552728
1.0625 3.944613478869043
1.125 3.6289154596598041
1.1875 3.3497147000294012
1.25 3.09920539397601
1.375 2.6605868910101638
1.5 2.2791969874382243
1.75 1.6328930546018066
2 1.1252358408443619
3 0.22661065828102045
4 0.064969108973168432
6 0.016972116019557892
8 0.0079133902728263789
16 0.0019068369827318354
