0 11
0.03125 11.295849526604858
0.0625 11.576203972465748
0.09375 11.830817372322359
0.125 12.04852157402383
0.1875 12.327279175245033
0.25 12.32888890243848
0.375 11.346598527910073
0.5 9.3178800996606554
0.625 6.9965306185198797
0.75 4.9938739309220415
0.8125 4.1871059939043462
0.875 3.5095220273278991
0.9375 2.9482772390275662
0.96875 2.7062478169562305
1 2.4871533549115661
1.03125 2.2889539543376682
1.0625 2.1097049943693942
1.125 1.8008922361624451
1.1875 1.5477392484292674
1.25 1.3394406552155478
1.375 1.0239285922321322
1.5 0.80294109679752512
1.75 0.52639582891135928
2 0.36812021632606901
3 0.12479148693635891
4 0.058614797661976491
6 0.025401382962906324
8 0.01666959780511669
16 0.0042460590871564383
