0 9.9999999999999982
0.03125 9.9066963203365876
0.0625 9.7672954234991529
0.09375 9.5849082395628287
0.125 9.3636852056806408
0.1875 8.8250490242832882
0.25 8.195621189275494
0.375 6.8355344991408291
0.5 5.5478693405568649
0.625 4.4546822129031716
0.75 3.5757208153797873
0.8125 3.2090629018703893
0.875 2.8847519335663425
0.9375 2.59797919427985
0.96875 2.4672374197813016
1 2.3442108723649788
1.03125 2.228399190966925
1.0625 2.1193316520831065
1.125 1.9196938481802721
1.1875 1.7421118319764544
1.25 1.5838276995764398
1.375 1.3159754931645737
1.5 1.1008086812185651
1.75 0.78554765812653926
2 0.57548077837879141
3 0.21465653933686196
4 0.11082877167527286
6 0.043795737281549563
8 0.019266094509913966
16 0.00095501184069622311
