0 20.999999999999996
0.03125 21.295739081135412
0.0625 21.642068409945175
0.09375 22.038668248412929
0.125 22.482527624309135
0.1875 23.478640219827213
0.25 24.505593321711761
0.375 25.701653894632777
0.5 24.218188255297935
0.625 20.2005047892081
0.75 15.531768215411882
0.8125 13.404020074952523
0.875 11.505718460590378
0.9375 9.8466340402533632
0.96875 9.1035743570568854
1 8.4149730306434289
1.03125 7.7779767030319302
1.0625 7.1895651634119719
1.125 6.1461913861270796
1.1875 5.260687185852186
1.25 4.5104477765500404
1.375 3.3368837720647293
1.5 2.492552161208212
1.75 1.4340178158081556
2 0.85945688901612372
3 0.16297412641043474
4 0.051616189811429902
6 0.011927436915969925
8 0.0038360249919022205
16 4.9984193630114859e-05
