0 9.9999999999999982
0.03125 10.041475628715489
0.0625 10.046431133994183
0.09375 10.014336374422692
0.125 9.9454435483726265
0.1875 9.7020517962597186
0.25 9.3324963240818075
0.375 8.3178869889462597
0.5 7.1281567866082796
0.625 5.9505976771192319
0.75 4.8866252677814712
0.8125 4.4089280126665216
0.875 3.9682303168725337
0.9375 3.5635292266513416
0.96875 3.3742105116876968
1 3.1932981640804838
1.03125 3.0205724573274164
1.0625 2.8558109729530163
1.125 2.5492860599752949
1.1875 2.2719282612087204
1.25 2.0219269205292072
1.375 1.5966229046797558
1.5 1.2584492489437042
1.75 0.78541212654155124
2 0.4999890841198168
3 0.11375072098113659
4 0.040225458831926457
6 0.0097346930747794005
8 0.004405003438636354
16 0.0018427831566743685
