0 24.000000000000007
0.03125 23.954600772069117
0.0625 23.900203279007915
0.09375 23.837189419552868
0.125 23.765998226171739
0.1875 23.601710583139884
0.25 23.414709883555052
0.375 22.99036585455304
0.5 22.300513940856575
0.625 20.597475712075227
0.75 17.297991686927414
0.8125 15.222252694265613
0.875 13.089800912073802
0.9375 11.061878981486677
0.96875 10.122880625921058
1 9.245187494271109
1.03125 8.4329292792644388
1.0625 7.6874078531521874
1.125 6.3913842424598908
1.1875 5.3337825330826876
1.25 4.480190581762975
1.375 3.2441840840972662
1.5 2.4428088316689105
1.75 1.5498252717896488
2 1.1050199905159963
3 0.42397812545097668
4 0.15776005986138769
6 0.021190817109680737
8 0.003736966372382855
16 1.3055161169173157e-05
