0 24
0.03125 24.056612132764645
0.0625 24.072238041083292
0.09375 24.042608913073149
0.125 23.964642408124828
0.1875 23.659332964797795
0.25 23.165770292457751
0.375 21.773015551233502
0.5 20.137878581861933
0.625 18.309704017411843
0.75 15.976724797324513
0.8125 14.565128853323586
0.875 13.035954632966112
0.9375 11.464215652755655
0.96875 10.688355926551047
1 9.931886721131054
1.03125 9.2027285430860655
1.0625 8.5071777981083763
1.125 7.2336744116471383
1.1875 6.1296794531065997
1.25 5.1937601158382565
1.375 3.7650021927092436
1.5 2.7908828924150297
1.75 1.6540404025836877
2 1.0606707862519464
3 0.25024980335928088
4 0.078297652172211518
6 0.015865938600723051
8 0.006860411514916176
16 0.0024426520604318158
