0 9.0000000000000018
0.03125 8.8387078020445404
0.0625 8.6789823492720899
0.09375 8.5193360133481342
0.125 8.3579725566646594
0.1875 8.0227292612551047
0.25 7.6605810678898161
0.375 6.8345583371021155
0.5 5.9026621490819053
0.625 4.9536542999411539
0.75 4.0783997697683558
0.8125 3.6873547728513705
0.875 3.3321275398570123
0.9375 3.0134349006021401
0.96875 2.8675345314674519
1 2.7302951477409816
1.03125 2.6014114691145824
1.0625 2.480532152893753
1.125 2.261222085413952
1.1875 2.0690576960789624
1.25 1.9006259850401659
1.375 1.621904500516298
1.5 1.4016289708097851
1.75 1.0691115819321695
2 0.81698277597178337
3 0.22930903430978242
4 0.054263350837352307
6 0.0032531894087084179
8 0.00022827645806736824
16 1.1856835270551702e-08
