0 10.999999999999998
0.03125 11.019254489155482
0.0625 11.027809125450228
0.09375 11.02647025161826
0.125 11.015893402798751
0.1875 10.968105437051141
0.25 10.881825435477515
0.375 10.537553620503667
0.5 9.8144126291897411
0.625 8.610476558960757
0.75 7.0641784306103066
0.8125 6.2565605908005821
0.875 5.4761190313133961
0.9375 4.7500177746043901
0.96875 4.4128987222138045
1 4.094757140460989
1.03125 3.7961746503927922
1.0625 3.517280435718332
1.125 3.0173086586806543
1.1875 2.5898838754539759
1.25 2.2275358076869272
1.375 1.6645469051295207
1.5 1.2652402077115728
1.75 0.77172851802666431
2 0.50127969209960588
3 0.13047819484514586
4 0.047938395745579683
6 0.013273505635100484
8 0.0069862929089638467
16 0.0012065421593860093
