0 19.999999999999993
0.03125 19.86757909034413
0.0625 19.679844520921517
0.09375 19.435807049457388
0.125 19.136026328816687
0.1875 18.379924476599726
0.25 17.448518800358297
0.375 15.289716638204563
0.5 13.122726081083689
0.625 11.242275538901067
0.75 9.7127735892478508
0.8125 9.0575758727890978
0.875 8.4557330929158994
0.9375 7.8925830979465665
0.96875 7.6215538455474103
1 7.3558451005434184
1.03125 7.0944630353085119
1.0625 6.8366521627310304
1.125 6.3298749633261249
1.1875 5.8338487538961425
1.25 5.3496737402540404
1.375 4.4295425684552603
1.5 3.5990587165734955
1.75 2.2840209090758927
2 1.4200309319644606
3 0.27270462949123259
4 0.09527780439204217
6 0.024952401101895061
8 0.0081802853857709246
16 0.00016341839267969283
