0 13
0.03125 13.1226855851186
0.0625 13.240183209114921
0.09375 13.352064043111982
0.125 13.457175341803646
0.1875 13.638280727183139
0.25 13.75683557561014
0.375 13.638945271568552
0.5 12.764720011335996
0.625 11.055091941589259
0.75 8.8573996553665495
0.8125 7.7395567280348274
0.875 6.682192402398667
0.9375 5.7191294508503967
0.96875 5.2788476825938622
1 4.8673884063129123
1.03125 4.4848441078210373
1.0625 4.1307541002151229
1.125 3.504086193865791
1.1875 2.9771544035232393
1.25 2.5375118249117752
1.375 1.869772171836297
1.5 1.4107811442775249
1.75 0.86795320897428418
2 0.5854803757828464
3 0.19211358532138256
4 0.077716220591052071
6 0.015002783406980372
8 0.0033954176309315548
16 1.6794683283513634e-05
