0 14.000000000000002
0.03125 14.196155353055229
0.0625 14.390690655595964
0.09375 14.581192485047085
0.125 14.764391697232188
0.1875 15.09151222146607
0.25 15.329979668305315
0.375 15.345414143366201
0.5 14.498286828704503
0.625 12.769991047895951
0.75 10.475060573186905
0.8125 9.2606382289090998
0.875 8.0755339228654908
0.9375 6.9618880543147492
0.96875 6.4412041057471789
1 5.9478363072364688
1.03125 5.483194060260467
1.0625 5.047981865226471
1.125 4.2657442644381298
1.1875 3.5965074029642059
1.25 3.0307014435970792
1.375 2.1607580683103387
1.5 1.5587552559286488
1.75 0.8530153971768013
2 0.50081016984127746
3 0.098983718618532696
4 0.033620079219022103
6 0.011868504652163214
8 0.006947217227758859
16 0.00081779083027916366
