0 21.999999999999993
0.03125 21.879676556491923
0.0625 21.770913078138122
0.09375 21.676585954803368
0.125 21.598963338139676
0.1875 21.499147819297757
0.25 21.470227444209872
0.375 21.458151369373031
0.5 20.796054908178448
0.625 18.544773449497423
0.75 14.897885246180531
0.8125 12.945139322755571
0.875 11.114685943122057
0.9375 9.495108885934588
0.96875 8.7763625535465568
1 8.1190942229157503
1.03125 7.5214635792260731
1.0625 6.980364928257468
1.125 6.051710218598255
1.1875 5.2983118384507666
1.25 4.68560605392077
1.375 3.7652337386081536
1.5 3.1079974606272591
1.75 2.1895171935974034
2 1.530297628896774
3 0.28360305651399181
4 0.04966612859865327
6 0.0021362625760364962
8 0.00012532736942139078
16 3.329740927426883e-09
