0 22.999999999999996
0.03125 22.984018286550516
0.0625 22.988301523581001
0.09375 23.014611579232749
0.125 23.065623193300496
0.1875 23.257258529618976
0.25 23.599624647566007
0.375 24.781642589534176
0.5 25.76468284772006
0.625 23.993887440910616
0.75 18.629940388361671
0.8125 15.461330034852601
0.875 12.511567899180918
0.9375 9.989335418023451
0.96875 8.9092217528494331
1 7.9469019153131599
1.03125 7.0951976692110037
1.0625 6.3448936764144515
1.125 5.1080851460708319
1.1875 4.1578413525564262
1.25 3.4260078813073234
1.375 2.4139162130493959
1.5 1.7796390311708183
1.75 1.0755145110789666
2 0.71550727812350745
3 0.21073310294572672
4 0.081465845779039092
6 0.021463708678474358
8 0.010434488353262772
16 0.0020279241194430253
