0 8.9999999999999982
0.03125 9.0028123708848806
0.0625 8.9927043475597941
0.09375 8.9676639204918462
0.125 8.9257567392540071
0.1875 8.7850450909951636
0.25 8.5628151469986218
0.375 7.889857406434504
0.5 7.0148758307728807
0.625 6.0859368117657677
0.75 5.1983221190368418
0.8125 4.7811828200319137
0.875 4.3827547483425633
0.9375 4.0028228439941032
0.96875 3.8197714802990319
1 3.6413746485047729
1.03125 3.4677046337461861
1.0625 3.2988601362796328
1.125 2.9761314560746386
1.1875 2.674214771722542
1.25 2.3940449176934702
1.375 1.9010140014724191
1.5 1.496628654560149
1.75 0.92083403332812586
2 0.57465215595931984
3 0.11860224173686221
4 0.033619783139265391
6 0.0035185709537393153
8 0.00041622614048313772
16 1.1989448339688735e-07
