0 23.999999999999989
0.03125 24.133978524070127
0.0625 24.288359362168542
0.09375 24.460385667857157
0.125 24.64511688350526
0.1875 25.020512775765493
0.25 25.322729777576896
0.375 25.153008429169727
0.5 23.108507270041883
0.625 19.273611529313108
0.75 14.920061093619143
0.8125 12.921405827285597
0.875 11.136807697480254
0.9375 9.5817764165595491
0.96875 8.8878878375535084
1 8.2465445048740449
1.03125 7.6547387678585652
1.0625 7.1092545890161487
1.125 6.1442221387277289
1.1875 5.3262886902460469
1.25 4.6327217363136741
1.375 3.5427399330456621
1.5 2.7501753587773261
1.75 1.7351293811216508
2 1.1620590639620065
3 0.37329806460757542
4 0.1684709121342961
6 0.036249275115788016
8 0.0078893825993321953
16 3.5134254654844987e-05
