0 22.000000000000007
0.03125 21.883195680972435
0.0625 21.747270042974414
0.09375 21.58768141834345
0.125 21.39906959026818
0.1875 20.91214164969097
0.25 20.245986196668422
0.375 18.314491624502235
0.5 15.76397460108668
0.625 13.056586689251089
0.75 10.598905319790541
0.8125 9.5245963018289519
0.875 8.5588579124816455
0.9375 7.6961180772971733
0.96875 7.3006220685562244
1 6.9273767427229673
1.03125 6.5751069892810143
1.0625 6.242560179801008
1.125 5.6318647784519182
1.1875 5.0863804636676964
1.25 4.598278530061858
1.375 3.768019571657399
1.5 3.0971083590234487
1.75 2.1081152860753276
2 1.4470174884319562
3 0.36018797645539746
4 0.12099966989394526
6 0.030453322145965633
8 0.012942933774842208
16 0.0021971512927391745
