0 4.9999999999999991
0.03125 5.0730833598307798
0.0625 5.1293667619442402
0.09375 5.1676099889757081
0.125 5.1868240692578524
0.1875 5.1657563041178243
0.25 5.0649168886942935
0.375 4.6483570675659811
0.5 4.0323950295978062
0.625 3.3457141337917715
0.75 2.6946594931361356
0.8125 2.4025713083258746
0.875 2.1375384665357364
0.9375 1.9003020895386455
0.96875 1.7919063294871265
1 1.6900777782030147
1.03125 1.5945701061802739
1.0625 1.505104282246579
1.125 1.3430822678097361
1.1875 1.2014970455743192
1.25 1.077837888139568
1.375 0.87503076377894917
1.5 0.71843798092154232
1.75 0.49789482906853139
2 0.35367682243303206
3 0.097463120869060615
4 0.02787829224694648
6 0.0025927440729198604
8 0.00027735439720502977
16 5.5248625924209094e-08
