0 28.999999999999993
0.03125 29.230808354048197
0.0625 29.48828810985923
0.09375 29.764288690454006
0.125 30.046405032417795
0.1875 30.558400418492479
0.25 30.85068967601087
0.375 30.05238415548428
0.5 26.969697745347709
0.625 22.452357600054238
0.75 17.761330681961283
0.8125 15.591707065838714
0.875 13.596716199064446
0.9375 11.793606182682158
0.96875 10.965965285537584
1 10.187468723318048
1.03125 9.4574240248056842
1.0625 8.7747426184851953
1.125 7.5455030541759207
1.1875 6.4854274733576709
1.25 5.5776289400499639
1.375 4.1476867327977116
1.5 3.1205259113819976
1.75 1.8524551280204955
2 1.1798888313932574
3 0.33741075195039461
4 0.14559807775701189
6 0.039541118305040868
8 0.01528561341141027
16 0.0024732059694505537
