0 10
0.03125 9.6566977117634885
0.0625 9.3249326978790581
0.09375 9.005441556066506
0.125 8.6984575336806795
0.1875 8.1211188909807444
0.25 7.5886103297494127
0.375 6.62913850472445
0.5 5.7606954996672268
0.625 4.9462605927011811
0.75 4.1834162422990078
0.8125 3.8268377891789385
0.875 3.4904065728345754
0.9375 3.1762574436510005
0.96875 3.0279958350645275
1 2.8857478528843052
1.03125 2.7495524878463495
1.0625 2.6194005522982224
1.125 2.376976237128237
1.1875 2.1576184730964658
1.25 1.9600238982231752
1.375 1.6236339814332641
1.5 1.354009542603285
1.75 0.96363120176782469
2 0.70621224181942088
3 0.2458821886028851
4 0.10016963392426745
6 0.023457155740204808
8 0.0079756658406294548
16 0.00030186570616510394
