0 5
0.03125 4.9448698976167487
0.0625 4.874784130590414
0.09375 4.7912440191878503
0.125 4.6958958557090016
0.1875 4.4767149118755833
0.25 4.2310407133166086
0.375 3.7087109649314249
0.5 3.2023868710817309
0.625 2.7475422920284114
0.75 2.3525479179973185
0.8125 2.176223388229892
0.875 2.0126472023188029
0.9375 1.8607229746744152
0.96875 1.7888053777828741
1 1.7194244077234559
1.03125 1.6524701997377906
1.0625 1.5878410996835899
1.125 1.4651916017652287
1.1875 1.350816597168627
1.25 1.2441616780368296
1.375 1.052192399400711
1.5 0.88616558578662685
1.75 0.62166893204955886
2 0.43147085621356446
3 0.098353223280254989
4 0.023905899470957205
6 0.0017261433956631111
8 0.00014524655063624832
16 1.1698786554076301e-08
