0 16.000000000000004
0.03125 15.911619221478553
0.0625 15.816129707971427
0.09375 15.70651002476232
0.125 15.577684643622439
0.1875 15.250934454443779
0.25 14.8262758133618
0.375 13.701275607857072
0.5 12.248654107002272
0.625 10.52292379450952
0.75 8.6600877945995798
0.8125 7.7417348302886122
0.875 6.8659427428629023
0.9375 6.0517703728214567
0.96875 5.6718609509491253
1 5.3113732782121348
1.03125 4.9707914095759911
1.0625 4.6502558684355044
1.125 4.0684675394491165
1.1875 3.5621605676245918
1.25 3.125090567472165
1.375 2.4287032101887713
1.5 1.9196757536701889
1.75 1.2704160191463272
2 0.90334191162565702
3 0.34486143885032594
4 0.15319233158679291
6 0.027955051492078692
8 0.0052055633885495362
16 1.6126677050670724e-05
