0 6.9999999999999973
0.03125 6.8500678067476128
0.0625 6.6702992009789908
0.09375 6.4658866994709028
0.125 6.2422392155131741
0.1875 5.7583570577319891
0.25 5.257023408300781
0.375 4.3101288239035425
0.5 3.5241429166043741
0.625 2.9133473255166256
0.75 2.4465727601313989
0.8125 2.2549607054699239
0.875 2.0853259729352343
0.9375 1.9339819807507421
0.96875 1.8641799363732425
1 1.7978343196418676
1.03125 1.7346434154299384
1.0625 1.6743357544433228
1.125 1.5614225175904937
1.1875 1.4574458191715094
1.25 1.3611054077043034
1.375 1.1875133583737805
1.5 1.0350436616803687
1.75 0.78163036247032802
2 0.58620600130597567
3 0.19425890775258386
4 0.078458563655292191
6 0.017225370461602371
8 0.0040987810683682981
16 1.5559048199194694e-05
