0 14
0.03125 13.791639731530104
0.0625 13.559705236811379
0.09375 13.307514785742967
0.125 13.039377856392596
0.1875 12.476036562025774
0.25 11.914132478590561
0.375 10.953540135609174
0.5 10.338717550535824
0.625 9.9604256661992565
0.75 9.4588657833697045
0.8125 9.0425176522288009
0.875 8.4861293762653247
0.9375 7.8012897084663999
0.96875 7.4210116618830835
1 7.0230641477163598
1.03125 6.6137259235486461
1.0625 6.199288043204942
1.125 5.3784174706445151
1.1875 4.6003180536931252
1.25 3.8918976119626505
1.375 2.7291117758033598
1.5 1.8946842012854621
1.75 0.93634909406298583
2 0.50049996598747815
3 0.10282487595228783
4 0.052219261667619116
6 0.021611503875962348
8 0.0094878827694387796
16 0.00053914191218751295
