0 21
0.03125 20.956943589334664
0.0625 20.911961458035524
0.09375 20.865855252036706
0.125 20.819121676851346
0.1875 20.724367318619692
0.25 20.624102997576362
0.375 20.305566536036153
0.5 19.359485071058288
0.625 17.08570505193676
0.75 13.587930210671328
0.8125 11.700701590270832
0.875 9.9100978388817733
0.9375 8.305974607756589
0.96875 7.5880227827248898
1 6.9283660541383822
1.03125 6.3261974519288628
1.0625 5.7793344420560153
1.125 4.8384907438100564
1.1875 4.0757470519457737
1.25 3.4594996290376616
1.375 2.5554758533878674
1.5 1.9491072631047723
1.75 1.2237308989221765
2 0.82321968258958111
3 0.24514112319553419
4 0.11388250735060571
6 0.046539464983696904
8 0.023183605310505478
16 0.0028400557967964979
