0 30.000000000000021
0.03125 29.906314186948805
0.0625 29.830036492377239
0.09375 29.780232518440766
0.125 29.764857869669768
0.1875 29.859586547372544
0.25 30.13009546990116
0.375 30.95077092404205
0.5 31.024132126716392
0.625 28.732936209337492
0.75 23.929674514368696
0.8125 21.075548682987179
0.875 18.234613530243593
0.9375 15.570865388608503
0.96875 14.336287463537872
1 13.175059895258121
1.03125 12.089743177960314
1.0625 11.0806615551212
1.125 9.2847193339184795
1.1875 7.7647847540599333
1.25 6.4899804733534872
1.375 4.5453084629159433
1.5 3.2111453731683075
1.75 1.6732046141499974
2 0.93612463372198129
3 0.17590353188941987
4 0.059795365573028836
6 0.012325152217550039
8 0.0036065669926241273
16 0.00033677246103958058
