0 14.000000000000002
0.03125 13.910789046355333
0.0625 13.79853731683732
0.09375 13.66451234582558
0.125 13.509179155450513
0.1875 13.133276831652394
0.25 12.665005518850434
0.375 11.439669472422368
0.5 9.9127673165001386
0.625 8.3147371513577664
0.75 6.8767764471216948
0.8125 6.256624727286364
0.875 5.705788586455677
0.9375 5.219289139038116
0.96875 4.9976883750493721
1 4.7889935280430818
1.03125 4.5920266206127209
1.0625 4.4056337395681844
1.125 4.0602546458405611
1.1875 3.745097469414735
1.25 3.4540119027431895
1.375 2.9276430939039018
1.5 2.4615678334766251
1.75 1.6934724206612142
2 1.137288851609515
3 0.24468064920565616
4 0.064419424799412053
6 0.0060604073619236198
8 0.00071511792047689038
16 2.9928383778188294e-07
