0 20
0.03125 19.883601160436292
0.0625 19.769032782285439
0.09375 19.65811288469553
0.125 19.552174639893803
0.1875 19.357629124719555
0.25 19.182847220546975
0.375 18.802414388492505
0.5 18.019965061371167
0.625 16.280511204658307
0.75 13.508828044261307
0.8125 11.931309752038274
0.875 10.371611316377026
0.9375 8.915923643086634
0.96875 8.2446486242330703
1 7.6161848137306771
1.03125 7.0320852007499308
1.0625 6.4924658387893661
1.125 5.54188578629544
1.1875 4.74834379846145
1.25 4.090145606649509
1.375 3.0919740727215013
1.5 2.3958422987158814
1.75 1.5257044452295405
2 1.0223054084325987
3 0.26497668482500858
4 0.098560602264591235
6 0.027057306420945754
8 0.0090905680752156048
16 0.00012286647306894438
