0 29
0.03125 28.874664539846933
0.0625 28.768223418976866
0.09375 28.676622647160002
0.125 28.592977023608082
0.1875 28.407602624774501
0.25 28.104518181413351
0.375 26.66280243542019
0.5 23.742090697202634
0.625 19.871685038044294
0.75 16.005285516284651
0.8125 14.260080777494293
0.875 12.671089219269492
0.9375 11.236076516811776
0.96875 10.573279021279854
1 9.9449733738565431
1.03125 9.3496715333258695
1.0625 8.7859596749212336
1.125 7.7481414901438992
1.1875 6.8221047822310243
1.25 5.999517878207957
1.375 4.6334139043465843
1.5 3.5872067722232117
1.75 2.2085535984940927
2 1.438341633628581
3 0.44282432987474968
4 0.20306232607175534
6 0.057911246778097336
8 0.021884752077156955
16 0.0012821110346094011
