0 18.999999999999996
0.03125 18.840373728477413
0.0625 18.669389377214952
0.09375 18.489280445290273
0.125 18.301301793351421
0.1875 17.902470168669744
0.25 17.468319916588612
0.375 16.455927942246699
0.5 15.206280452367375
0.625 13.69673101776201
0.75 11.911642599052085
0.8125 10.92374149516616
0.875 9.8926278823453622
0.9375 8.8448278982450859
0.96875 8.3244174583364128
1 7.8116478934773639
1.03125 7.310272036090919
1.0625 6.8236810724559076
1.125 5.9060183737242129
1.1875 5.0755288506800502
1.25 4.3404152338667439
1.375 3.1538734505851291
1.5 2.2991923581696638
1.75 1.2825570353020177
2 0.78627212392062851
3 0.24305343684053596
4 0.12072810280255347
6 0.037571773032816336
8 0.013450196306047518
16 0.00034104928558353897
