0 18
0.03125 18.246443853498459
0.0625 18.523590594864853
0.09375 18.836476284905036
0.125 19.189960352521599
0.1875 20.032728924734908
0.25 21.052558336947431
0.375 23.190914485667111
0.5 23.611719270938021
0.625 20.416753847096196
0.75 15.0039726074094
0.8125 12.365586097998278
0.875 10.060743792752968
0.9375 8.1449100629826798
0.96875 7.3283257978199048
1 6.5982321268462307
1.03125 5.9473874987885704
1.0625 5.3682341421930726
1.125 4.3956332597914818
1.1875 3.6263749540557311
1.25 3.0155909477091094
1.375 2.1353095540552252
1.5 1.5574352325962937
1.75 0.8937928137211868
2 0.55625092881689286
3 0.1414238871226689
4 0.058913317282715177
6 0.017217047529079543
8 0.006142054466192981
16 0.00014704776686128018
