0 17.999999999999996
0.03125 18.278424455639467
0.0625 18.56888846050801
0.09375 18.866206627413444
0.125 19.164392481497629
0.1875 19.733435284535069
0.25 20.198857932004849
0.375 20.358299015869385
0.5 18.728486785371576
0.625 15.342337279167092
0.75 11.439596214642629
0.8125 9.6815297682638786
0.875 8.152679219415333
0.9375 6.8660658836111557
0.96875 6.3092673869425688
1 5.8056594243193009
1.03125 5.3512218313884174
1.0625 4.9417464597604379
1.125 4.2410146328312912
1.1875 3.6720057534942514
1.25 3.207462965321493
1.375 2.5064135444628084
1.5 2.0085363917633581
1.75 1.3446557063511537
2 0.91404094737855301
3 0.18299594610667103
4 0.039609918733180788
6 0.0049208116862519691
8 0.0025369976808181927
16 0.0015694349125812135
