0 29.000000000000014
0.03125 29.157936748204584
0.0625 29.31347624881025
0.09375 29.464404678967288
0.125 29.607677788754966
0.1875 29.853168595865828
0.25 29.997644207260112
0.375 29.626304714279296
0.5 27.677443390478089
0.625 23.964098891399988
0.75 19.417183049894263
0.8125 17.179539765559429
0.875 15.073039340872681
0.9375 13.129209166266104
0.96875 12.222212438597994
1 11.359242275827711
1.03125 10.540466512381984
1.0625 9.7658727456606602
1.125 8.3483945449912547
1.1875 7.1032628162224469
1.25 6.0233713763402879
1.375 4.3125743212742789
1.5 3.0988179030169363
1.75 1.6697055331018744
2 0.97428813210716547
3 0.226332347863195
4 0.1010109362989916
6 0.040605558885512316
8 0.021437051388603856
16 0.0035906427866034818
