0 30.000000000000018
0.03125 29.841986472095012
0.0625 29.667810976319664
0.09375 29.476168542150262
0.125 29.265730894560537
0.1875 28.782777944115583
0.25 28.2066045097291
0.375 26.723662981322526
0.5 24.755274737392103
0.625 22.337245466962315
0.75 19.494212467592163
0.8125 17.900699719812273
0.875 16.203762304937339
0.9375 14.441757339896853
0.96875 13.554637145836118
1 12.674795606565223
1.03125 11.810814687781635
1.0625 10.97070722478181
1.125 9.3890058720476581
1.1875 7.9702423071957869
1.25 6.7332179993309706
1.375 4.7927733833772983
1.5 3.4512913915971604
1.75 1.9240698531907452
2 1.1939735688985209
3 0.34243001442944965
4 0.14969976105889277
6 0.044246448633706803
8 0.017797256925172145
16 0.0022917011079547911
