0 12.999999999999996
0.03125 13.194336065443562
0.0625 13.360093887876511
0.09375 13.494693509182213
0.125 13.595531653559902
0.1875 13.685431617679214
0.25 13.60949569430881
0.375 12.904734668968514
0.5 11.497998184917904
0.625 9.6490412280432913
0.75 7.7305132689055025
0.8125 6.8390269539454751
0.875 6.0212271112334417
0.9375 5.2858586922392394
0.96875 4.949744940566462
1 4.6343372902502527
1.03125 4.3390741751775961
1.0625 4.0632229668237745
1.125 3.5662663931781182
1.1875 3.1359017945153758
1.25 2.7642351983048226
1.375 2.1670857149500544
1.5 1.721662413738946
1.75 1.1314117028176787
2 0.77909477215767275
3 0.22332669704546287
4 0.072539037438198103
6 0.0087456724327641955
8 0.0012116323212117419
16 8.8643118439923896e-07
