0 23.000000000000004
0.03125 23.252340595741277
0.0625 23.473109471256599
0.09375 23.648931149372729
0.125 23.764736579167469
0.1875 23.754251537951756
0.25 23.333524147420956
0.375 21.131519882085396
0.5 17.647004217415528
0.625 13.962230297976294
0.75 10.817269836824467
0.8125 9.5224846140868245
0.875 8.4060343967128333
0.9375 7.4495318513551272
0.96875 7.0245024645974317
1 6.6312730787020016
1.03125 6.267169123233443
1.0625 5.9296422882447901
1.125 5.3249191550061452
1.1875 4.8000617674042019
1.25 4.3408806671147238
1.375 3.575922251914267
1.5 2.9641486703765287
1.75 2.055181812278394
2 1.4391095196212071
3 0.44038754837003735
4 0.19993787463495855
6 0.055400042961227247
8 0.01587416712733758
16 0.00015868064492743916
