0 23
0.03125 23.062960364215531
0.0625 23.115367299075579
0.09375 23.157618771426606
0.125 23.187987192452024
0.1875 23.196120046951297
0.25 23.090063309021151
0.375 22.289613048195452
0.5 20.479586917061493
0.625 17.847628574915621
0.75 14.852470867747613
0.8125 13.340586645911639
0.875 11.865594364387045
0.9375 10.455642881437113
0.96875 9.7828212537663131
1 9.1350109633495098
1.03125 8.514441905780096
1.0625 7.9229190380679153
1.125 6.8319200971119818
1.1875 5.8671756410075044
1.25 5.0270064296680026
1.375 3.688811497335184
1.5 2.7294153172976832
1.75 1.5727733958198606
2 0.98550816095778315
3 0.29360169348918452
4 0.13870657315464407
6 0.037805729380858188
8 0.011036036380169423
16 0.00017159778522651825
