0 8
0.03125 7.6825061213995793
0.0625 7.3692867326397042
0.09375 7.06293019379107
0.125 6.7651145437891742
0.1875 6.1983376801987502
0.25 5.6708352043830379
0.375 4.7231727040577054
0.5 3.8992348811109192
0.625 3.1880028622813255
0.75 2.5866543914072597
0.8125 2.3259490867245924
0.875 2.0905497093145327
0.9375 1.8790276594191997
0.96875 1.7817048661625898
1 1.6897107227898855
1.03125 1.6028143918912379
1.0625 1.5207818752497522
1.125 1.3703713164027758
1.1875 1.236631913768359
1.25 1.1177949072757825
1.375 0.91835021559260355
1.5 0.76048652626639324
1.75 0.53441001417813594
2 0.38766233944887118
3 0.14273008298470685
4 0.075981616770181976
6 0.03665711399948092
8 0.02110669966111655
16 0.0025124870642819139
