0 10
0.03125 9.979523784404865
0.0625 9.9239946040071096
0.09375 9.8342235938780718
0.125 9.712044226799506
0.1875 9.3818939495366429
0.25 8.9614739708194193
0.375 7.9697395253208789
0.5 6.9255864788671184
0.625 5.9159397515063592
0.75 4.9675025741949765
0.8125 4.5211438226759606
0.875 4.0965690652138766
0.9375 3.6963770021361522
0.96875 3.5061674421315114
1 3.3228783069717482
1.03125 3.1467006986856596
1.0625 2.9777749877595578
1.125 2.6619760766854954
1.1875 2.3755572911466998
1.25 2.1178340183721298
1.375 1.6828146808025151
1.5 1.3420991096055355
1.75 0.87554068533572404
2 0.59838015604138828
3 0.20080042207436893
4 0.092458831436154534
6 0.021304428764081201
8 0.0048410413099454486
16 1.5093183179715197e-05
