0 23
0.03125 23.042021126842272
0.0625 23.101182253025726
0.09375 23.170373880501476
0.125 23.240233128098179
0.1875 23.337130592300692
0.25 23.299212701150338
0.375 22.549737664188644
0.5 20.866663019211462
0.625 18.552393517146569
0.75 15.802384340838408
0.8125 14.296427534668721
0.875 12.745796127489328
0.9375 11.20239268099381
0.96875 10.45097502643655
1 9.7217469303004425
1.03125 9.0201865400792016
1.0625 8.3507148139541467
1.125 7.1200653784406711
1.1875 6.0431921428111401
1.25 5.1191227395373131
1.375 3.6817303798785264
1.5 2.6802484803205631
1.75 1.4999803627646011
2 0.90295212509820444
3 0.1976109691971305
4 0.075562055747012136
6 0.027954992226997821
8 0.015169684574630582
16 0.0018901592852575977
