0 7.9999999999999982
0.03125 7.8909420151709169
0.0625 7.7759793772074763
0.09375 7.6565001214068191
0.125 7.5330599422823017
0.1875 7.2728719501930383
0.25 6.9874149558214551
0.375 6.295173208255938
0.5 5.4117338314266235
0.625 4.4077402680731543
0.75 3.4217341967903487
0.8125 2.9735880503006795
0.875 2.5674364478727747
0.9375 2.2068967325124147
0.96875 2.043893817488827
1 1.8921489663193374
1.03125 1.751315755615239
1.0625 1.6209574950937411
1.125 1.3896168994651228
1.1875 1.1937078517495436
1.25 1.0286371305307074
1.375 0.77370231778920662
1.5 0.59437612252746042
1.75 0.37698426271261004
2 0.26264147030413032
3 0.11373260301888798
4 0.071902071069147352
6 0.032658839529545111
8 0.014154058036352217
16 0.00096550357967202863
