0 23.000000000000004
0.03125 23.00951985406796
0.0625 23.019024573939237
0.09375 23.02766253670897
0.125 23.034574308939117
0.1875 23.038811260737955
0.25 23.016978323094616
0.375 22.74097309133208
0.5 21.656957051562365
0.625 19.172484761790145
0.75 15.454543396769763
0.8125 13.431315990029299
0.875 11.479449104623672
0.9375 9.6943111874622456
0.96875 8.8819133994402328
1 8.127302163565215
1.03125 7.4311779054935139
1.0625 6.7926898723679523
1.125 5.6797763907645189
1.1875 4.7644766212274732
1.25 4.0177870701411109
1.375 2.9179929619427769
1.5 2.1891778559694068
1.75 1.3599512915699228
2 0.94542448255687084
3 0.38144057695082229
4 0.1804945821931136
6 0.041156199267028681
8 0.012178414608311983
16 0.00033256097230954795
