0 16.000000000000004
0.03125 15.794371735966749
0.0625 15.613777398825814
0.09375 15.453546488126818
0.125 15.310700133759266
0.1875 15.072445016065302
0.25 14.899506715428116
0.375 14.772054335746123
0.5 14.814931058130719
0.625 14.464533382682129
0.75 13.000197837175984
0.8125 11.811018843622747
0.875 10.427771432997766
0.9375 8.9757205600760415
0.96875 8.260823260855803
1 7.5692262120843967
1.03125 6.9097361964436601
1.0625 6.2886375906679239
1.125 5.1754754094240631
1.1875 4.2397014252892475
1.25 3.4710169338947137
1.375 2.3499285180503264
1.5 1.6326564449118235
1.75 0.87243295320166947
2 0.53155316071131486
3 0.15323938950990004
4 0.06753826707880628
6 0.019075265519599149
8 0.0063994875344261515
16 0.00011422407654487765
