0 28.999999999999989
0.03125 28.987999278231371
0.0625 28.962857962580681
0.09375 28.925102656734943
0.125 28.87429360802544
0.1875 28.726287481087137
0.25 28.4941016794766
0.375 27.629178374823606
0.5 26.011013651947579
0.625 23.502556316426482
0.75 20.125729385065487
0.8125 18.197441213562644
0.875 16.201832119113135
0.9375 14.223306634878558
0.96875 13.265330438402874
1 12.339375537788351
1.03125 11.452011173418715
1.0625 10.608236462669261
1.125 9.0638510903446754
1.1875 7.7177641503764178
1.25 6.5646591781535024
1.375 4.7690371231383928
1.5 3.5106761101889137
1.75 2.0085681737099166
2 1.2336627911022819
3 0.28668458077310449
4 0.10623523607441021
6 0.026349164920241641
8 0.0095764087180684188
16 0.0017368876086727991
