0 7
0.03125 6.742900703748794
0.0625 6.4982779816932146
0.09375 6.2666887452393958
0.125 6.0481696980656698
0.1875 5.6489921153474247
0.25 5.2968034233979431
0.375 4.7160035068199226
0.5 4.2725682427359457
0.625 3.9274361621854377
0.75 3.630693347443438
0.8125 3.4844224671277222
0.875 3.3325914658958888
0.9375 3.1718446301687147
0.96875 3.0875679894091608
1 3.0006171422487351
1.03125 2.9110714839125005
1.0625 2.8191064070053917
1.125 2.6290261332626765
1.1875 2.4332063663628447
1.25 2.2351225771582857
1.375 1.8466046933298419
1.5 1.4888010305486803
1.75 0.91899026025974573
2 0.54745965596787904
3 0.074590871961979111
4 0.014655151650241428
6 0.0010315783918892069
8 8.7843585146452768e-05
16 5.1544945360582073e-09
