0 20
0.03125 19.890202074067854
0.0625 19.779009332095566
0.09375 19.664368900047343
0.125 19.543703394813871
0.1875 19.270480518051649
0.25 18.92370533204452
0.375 17.823022462402495
0.5 15.947391100502651
0.625 13.398734241599024
0.75 10.668158323187521
0.8125 9.3918930881843341
0.875 8.226231722729759
0.9375 7.1865017619834974
0.96875 6.7147561160109319
1 6.2743004493680701
1.03125 5.8640112058385476
1.0625 5.4824898107403843
1.125 4.7993661557017546
1.1875 4.2115847043258814
1.25 3.7059443139072537
1.375 2.8940762170438288
1.5 2.2846570770218411
1.75 1.4634445123923594
2 0.96538898300380271
3 0.2307877181005509
4 0.07792545460988981
6 0.02020641268180029
8 0.010290299730030983
16 0.0038181967119780558
