0 11.999999999999998
0.03125 12.052282291439328
0.0625 12.087236940967443
0.09375 12.104953464932102
0.125 12.104769474434425
0.1875 12.044530301492276
0.25 11.889219064686998
0.375 11.219279284211408
0.5 10.040779348341809
0.625 8.5060701127842595
0.75 6.8822797957332638
0.8125 6.1111156645583513
0.875 5.392880607951553
0.9375 4.7378319971773859
0.96875 4.4355531467174112
1 4.1503243105769245
1.03125 3.8820126205123069
1.0625 3.6302991131253717
1.125 3.1746891018138452
1.1875 2.7785879424513213
1.25 2.4361463001334607
1.375 1.887756889842791
1.5 1.4832366095124121
1.75 0.96063813472676529
2 0.66148068867392407
3 0.21673567666484253
4 0.089644985122671841
6 0.018007030697190715
8 0.0041408448796964453
16 2.5740189029357929e-05
