0 26.000000000000004
0.03125 25.846740719165755
0.0625 25.728803648468958
0.09375 25.640956180565755
0.125 25.576797848289853
0.1875 25.487898624024137
0.25 25.386890182220114
0.375 24.783405688143162
0.5 23.129651078798268
0.625 20.338435222218745
0.75 16.964923618544059
0.8125 15.281201872808159
0.875 13.685753195014232
0.9375 12.213495451726759
0.96875 11.528767401373706
1 10.879048205224979
1.03125 10.263959144773033
1.0625 9.6825872925442695
1.125 8.615580587361265
1.1875 7.6653593582369757
1.25 6.8182570375145497
1.375 5.3838591889827176
1.5 4.2312181965440647
1.75 2.5675694465842205
2 1.5344859047466242
3 0.22899512010794987
4 0.055957633883342905
6 0.0082352102137281946
8 0.0017651868271568172
16 5.5933688797304981e-06
