0 6.0000000000000009
0.03125 5.7424213371517689
0.0625 5.4850514237897068
0.09375 5.2310254042944884
0.125 4.9827332901088699
0.1875 4.5096670774946519
0.25 4.0733953997287031
0.375 3.3145526187669971
0.5 2.6914592841248504
0.625 2.1811920053509604
0.75 1.7657800398309267
0.8125 1.5891793070951954
0.875 1.4311711790609636
0.9375 1.2902055832894415
0.96875 1.2256378578690967
1 1.1647642284251467
1.03125 1.1074013374578962
1.0625 1.0533693756595812
1.125 0.95460013799114007
1.1875 0.86710984833727656
1.25 0.7896406539369959
1.375 0.66023371236408623
1.5 0.55835753897003959
1.75 0.41299536192617947
2 0.31796253471448088
3 0.14366552436320629
4 0.077433982842070287
6 0.027478262951399487
8 0.012426000032312029
16 0.0016792995359935173
