0 25
0.03125 24.837547358429603
0.0625 24.681512097391419
0.09375 24.530400259255174
0.125 24.381212919788322
0.1875 24.070292880699451
0.25 23.702716163907176
0.375 22.575638935442839
0.5 20.609530396818869
0.625 17.718498118548037
0.75 14.293263125694114
0.8125 12.581415762260631
0.875 10.966355759741839
0.9375 9.4944373955949271
0.96875 8.8202877355584537
1 8.189116171862592
1.03125 7.6009551635166668
1.0625 7.055033216389945
1.125 6.0839031230661753
1.1875 5.2600882879945967
1.25 4.5648735167563048
1.375 3.4856652630314722
1.5 2.7144165534465907
1.75 1.7360980516441473
2 1.1716369330263996
3 0.33063765036597753
4 0.1393889846207691
6 0.052194019643978851
8 0.024192722153957402
16 0.001340980222139021
