0 22.999999999999993
0.03125 23.226373599972579
0.0625 23.393593864570477
0.09375 23.500452355708411
0.125 23.546879882405012
0.1875 23.465370059686244
0.25 23.178457398317892
0.375 22.191956735391557
0.5 20.920215167516151
0.625 19.266236280811313
0.75 16.858787462442677
0.8125 15.354386489898845
0.875 13.724101740820965
0.9375 12.056113813610979
0.96875 11.235544929920964
1 10.436624765858983
1.03125 9.6669594252671764
1.0625 8.9324454588195863
1.125 7.5841629188658288
1.1875 6.4079987490374544
1.25 5.4020660841278065
1.375 3.8434880946520167
1.5 2.7617609424286131
1.75 1.4940415014724762
2 0.86246031043325111
3 0.1589069999568693
4 0.052484262998270081
6 0.01313147028781958
8 0.0045048157136392541
16 0.0002424985259979473
