0 26.000000000000007
0.03125 25.955844298672361
0.0625 25.921738365023707
0.09375 25.895180385516319
0.125 25.871502140954714
0.1875 25.805210807740124
0.25 25.655606573169994
0.375 24.8158204057763
0.5 22.981738065933772
0.625 20.343811444505963
0.75 17.446624544810671
0.8125 16.028984573741713
0.875 14.652670190283596
0.9375 13.312997371946654
0.96875 12.65454942904088
1 12.003067440270618
1.03125 11.35882157516966
1.0625 10.722751231115087
1.125 9.4819013933283092
1.1875 8.2981193003209626
1.25 7.1915566802984285
1.375 5.2737277875691699
1.5 3.7898605373138121
1.75 1.9408685812535318
2 1.0388604381881978
3 0.16638077723064604
4 0.050571864724209659
6 0.0087936087186694101
8 0.0024666364888727421
16 0.00052672988055191272
