0 10.999999999999996
0.03125 10.793798607570029
0.0625 10.5722377581179
0.09375 10.338453255349942
0.125 10.094960591854427
0.1875 9.5865347169224329
0.25 9.0591479868774787
0.375 7.9811647498995448
0.5 6.9115953542169288
0.625 5.8798289387873099
0.75 4.9060512686234494
0.8125 4.4478937684005144
0.875 4.0131108238261293
0.9375 3.6046997405285404
0.96875 3.4111759008320113
1 3.2251008842530275
1.03125 3.0466509646150053
1.0625 2.8759435563251072
1.125 2.5579326481722111
1.1875 2.2708695403678023
1.25 2.0137718001893226
1.375 1.5826845298780938
1.5 1.2479289579874691
1.75 0.79471508374110267
2 0.52962485353534372
3 0.16662193626813704
4 0.082706836399978362
6 0.029808717423523354
8 0.012010732432190509
16 0.00076018153258217841
