0 4.9999999999999991
0.03125 5.1559118931452188
0.0625 5.302087251435629
0.09375 5.4356647427318316
0.125 5.5537233719002135
0.1875 5.7319947748029527
0.25 5.8169126136738658
0.375 5.6642807496948224
0.5 5.113694886373314
0.625 4.3197907134523508
0.75 3.4721943555122272
0.8125 3.0731892026101888
0.875 2.7044301279256793
0.9375 2.3704974197188227
0.96875 2.2170812371883279
1 2.0726400787669492
1.03125 1.9369851649955785
1.0625 1.8098442476882548
1.125 1.5797313967165088
1.1875 1.3792328941748311
1.25 1.2050519261883568
1.375 0.92292181461573686
1.5 0.71053408791059547
1.75 0.42786393722252519
2 0.26247345856310145
3 0.042128423943034163
4 0.0075451543992237011
6 0.00026782722600883491
8 9.7888248111587667e-06
16 1.8128627071734016e-11
