0 10.999999999999998
0.03125 10.877552824004921
0.0625 10.77085597225731
0.09375 10.67564702418932
0.125 10.587722404016681
0.1875 10.4175461720125
0.25 10.22974444435085
0.375 9.6993655460581731
0.5 8.8616083530226053
0.625 7.7291130920239111
0.75 6.4484351167952481
0.8125 5.8109755000466414
0.875 5.2014674727020189
0.9375 4.6329270459562126
0.96875 4.3665855115462646
1 4.1129476382811383
1.03125 3.8722500666694137
1.0625 3.6445137777547707
1.125 3.2271576040222527
1.1875 2.8581249746688244
1.25 2.5333635988958561
1.375 1.9981657225510547
1.5 1.5857232441266484
1.75 1.0159321353258588
2 0.66282258529007165
3 0.14305912570251494
4 0.046141173526091039
6 0.013405844712635832
8 0.0058776781071997464
16 0.00022523623894132178
