0 11
0.03125 10.938270162114605
0.0625 10.831394460537817
0.09375 10.681709403420278
0.125 10.492507454167301
0.1875 10.012385732941544
0.25 9.4289636506502887
0.375 8.1082678194485158
0.5 6.7869527070582159
0.625 5.6024477933663013
0.75 4.5955306009817747
0.8125 4.1571787690272881
0.875 3.7587953104723897
0.9375 3.3973534617288745
0.96875 3.2295437909090778
1 3.0698569991403541
1.03125 2.9179447190651078
1.0625 2.7734716285077643
1.125 2.5055665150681876
1.1875 2.2637109829966651
1.25 2.0456542613124173
1.375 1.6727051672242257
1.5 1.3715921766727766
1.75 0.93417674649320981
2 0.65038955803062715
3 0.19176106152867201
4 0.074588849855611788
6 0.019930513696262482
8 0.009518998657112844
16 0.0029572531389822146
