0 21.999999999999993
0.03125 21.936515982739717
0.0625 21.836104170138995
0.09375 21.696091526668894
0.125 21.514671054254467
0.1875 21.026622228933373
0.25 20.38445314120786
0.375 18.781633939232897
0.5 17.01407444088079
0.625 15.18218440429353
0.75 13.168245356736747
0.8125 12.07238439431087
0.875 10.937721775921384
0.9375 9.7964163897764109
0.96875 9.234662476370497
1 8.6846716377257902
1.03125 8.1502932016848462
1.0625 7.6347933909210113
1.125 6.6702203741695785
1.1875 5.8040289821121842
1.25 5.040020136074908
1.375 3.801706221991132
1.5 2.8902821212995073
1.75 1.7394873808631071
2 1.1100862152390745
3 0.28874149072023286
4 0.11863949805892654
6 0.037465830831466235
8 0.015237053072677087
16 0.00052220699938940185
