0 18.999999999999996
0.03125 19.142388878437579
0.0625 19.253522470932889
0.09375 19.332737317834464
0.125 19.378620715350397
0.1875 19.360189832650541
0.25 19.168926918988241
0.375 18.117648200183506
0.5 16.059777845007211
0.625 13.275962319448711
0.75 10.369974935747317
0.8125 9.0368334430263886
0.875 7.832749396933516
0.9375 6.7704472269709557
0.96875 6.2925599778878727
1 5.8489936495531927
1.03125 5.4383437618031722
1.0625 5.0589436988337013
1.125 4.3864930996148583
1.1875 3.816370544457266
1.25 3.3336180800910276
1.375 2.577137107278574
1.5 2.0279089368848502
1.75 1.3176342264025884
2 0.90217850337750816
3 0.27397090764077414
4 0.1127493240808487
6 0.031875612525426034
8 0.013621211293139063
16 0.0026754682301380062
