0 7.0000000000000027
0.03125 6.9768660351000653
0.0625 6.9258756871219651
0.09375 6.8477520897787496
0.125 6.7438821746308122
0.1875 6.4673547850440753
0.25 6.1174776439716467
0.375 5.2977498440081607
0.5 4.464481977516102
0.625 3.7246741165500068
0.75 3.1105006291451893
0.8125 2.848192544369319
0.875 2.6121118874747933
0.9375 2.3992256100726008
0.96875 2.3005736260643772
1 2.2066689870921179
1.03125 2.1172042736285652
1.0625 2.0318951260622673
1.125 1.8727188444731817
1.1875 1.727300358590147
1.25 1.5941006917192801
1.375 1.3593919445720202
1.5 1.1603977325175738
1.75 0.84622613474121411
2 0.61605516273891348
3 0.16465131800085903
4 0.041873716562731415
6 0.0029118452777622955
8 0.00023909052802438546
16 2.5230792694702631e-08
