0 17
0.03125 17.077253597880691
0.0625 17.11016542181644
0.09375 17.096131563230369
0.125 17.032704137883886
0.1875 16.749311534742848
0.25 16.248658229222027
0.375 14.621919515140769
0.5 12.387283739693405
0.625 9.9727113095656872
0.75 7.7610248866352096
0.8125 6.7996708044268406
0.875 5.9472486928354984
0.9375 5.2025058910379727
0.96875 4.8686286064282367
1 4.5589696065004972
1.03125 4.2722803601886117
1.0625 4.0072395413762694
1.125 3.5366798443532499
1.1875 3.1365538075074011
1.25 2.7967120744778935
1.375 2.2621854482747934
1.5 1.8726627331142538
1.75 1.3653377536272973
2 1.0589317409451824
3 0.47040969785747017
4 0.20512651395418247
6 0.036264565963543341
8 0.0069560503807567092
16 2.0111539458203542e-05
