0 27.000000000000004
0.03125 27.317180276726017
0.0625 27.65442320008269
0.09375 28.017013841809852
0.125 28.409768245071351
0.1875 29.298169388097733
0.25 30.314172166556773
0.375 32.247166663917859
0.5 32.083607790249104
0.625 27.8549906617795
0.75 21.119928940873951
0.8125 17.808400003584616
0.875 14.866444073583565
0.9375 12.36796984673666
0.96875 11.283154659804847
1 10.300549499787582
1.03125 9.4126796445092911
1.0625 8.611499649765717
1.125 7.2371270815024582
1.1875 6.1172800485634236
1.25 5.2007836843050805
1.375 3.821110520231068
1.5 2.8624609621868697
1.75 1.6851840282201009
2 1.0438503926399294
3 0.20996044610869208
4 0.057269858339549951
6 0.01011709363518376
8 0.0051950667288019337
16 0.0016759921496599106
