0 21.000000000000004
0.03125 20.887374854428689
0.0625 20.735304266304446
0.09375 20.548395911331774
0.125 20.331723467397623
0.1875 19.831490423046905
0.25 19.28218551560472
0.375 18.22179907223369
0.5 17.403710902630529
0.625 16.740816032371022
0.75 15.759300537171454
0.8125 14.970351413529844
0.875 13.935701383282787
0.9375 12.678898245100804
0.96875 11.987168304361209
1 11.267870710394012
1.03125 10.533101712221365
1.0625 9.7948641353086252
1.125 8.3515143003522798
1.1875 7.0098834754573245
1.25 5.8144429145060856
1.375 3.9160166258565265
1.5 2.612414229764112
1.75 1.1938967467977408
2 0.58798543659778935
3 0.085106470668978501
4 0.040390101113829069
6 0.023335324809233088
8 0.013913090688067203
16 0.001226352610162379
