0 29.000000000000014
0.03125 28.882979879391105
0.0625 28.777889583306358
0.09375 28.680603365323218
0.125 28.586520844627007
0.1875 28.385772031005683
0.25 28.121203805525159
0.375 27.116194633861078
0.5 25.078775143549453
0.625 22.023726608223637
0.75 18.462712089000103
0.8125 16.65558470878565
0.875 14.888946570819737
0.9375 13.193353046931993
0.96875 12.380328534647516
1 11.59435250869735
1.03125 10.83799641035548
1.0625 10.113499130420342
1.125 8.7670067586896661
1.1875 7.5641024161985539
1.25 6.506476286373533
1.375 4.8019540350555268
1.5 3.5649771359507234
1.75 2.0583519957725183
2 1.2886924419418047
3 0.39234550209264879
4 0.19173799750224918
6 0.046466738481149517
8 0.010470352514355186
16 3.9070537797170068e-05
