0 14.999999999999996
0.03125 15.041341673980382
0.0625 15.051258260885557
0.09375 15.026948119715644
0.125 14.965831089115003
0.1875 14.725739231990893
0.25 14.325095094200805
0.375 13.101209497605847
0.5 11.533149083653671
0.625 9.9064266184624685
0.75 8.3980736825300326
0.8125 7.7065686834761813
0.875 7.0550633073157192
0.9375 6.4392705949933902
0.96875 6.1434185060426625
1 5.8550196489941033
1.03125 5.5737783004215062
1.0625 5.2995207748000155
1.125 4.7718525049849356
1.1875 4.2727926485491725
1.25 3.8042325561102852
1.375 2.9674123291459811
1.5 2.2736365945272379
1.75 1.2958209395122964
2 0.73839165070165469
3 0.12756823280149854
4 0.04908713442875999
6 0.014934874133820941
8 0.0059307002259561814
16 0.0013039508950731943
