0 9.9999999999999982
0.03125 10.129449363366534
0.0625 10.285362237240674
0.09375 10.475983580348924
0.125 10.709077448091902
0.1875 11.326237373233313
0.25 12.152848737981589
0.375 14.067369644839529
0.5 14.740595336191507
0.625 12.62435418061385
0.75 8.8474207041561463
0.8125 7.0355311152285882
0.875 5.4922682815513619
0.9375 4.2537335157342495
0.96875 3.7428194873053133
1 3.2969042720061519
1.03125 2.9095367282665521
1.0625 2.5741325592171962
1.125 2.0341929006148325
1.1875 1.6319822837323441
1.25 1.3314190863885613
1.375 0.93287251295729834
1.5 0.69611787322628926
1.75 0.44602976733844429
2 0.31884044585156063
3 0.1073277561473603
4 0.03574197702194773
6 0.0036695464494791163
8 0.00037763429137781246
16 5.3800105564993927e-08
