0 20
0.03125 20.313373175487087
0.0625 20.596847546518326
0.09375 20.840154395447009
0.125 21.031599095235787
0.1875 21.209386057232376
0.25 21.040649928363276
0.375 19.533479342685659
0.5 16.875690745230205
0.625 13.976436442678704
0.75 11.486583325290832
0.8125 10.463257742255943
0.875 9.579388820042249
0.9375 8.8139741595576879
0.96875 8.467666213183044
1 8.1411407408577716
1.03125 7.8311165878458402
1.0625 7.5344995663574501
1.125 6.9705342934282495
1.1875 6.4310150227453651
1.25 5.9042885892630954
1.375 4.8748872930706302
1.5 3.8996489008842943
1.75 2.2998117538543279
2 1.2799838286258238
3 0.14525788044689769
4 0.026876690740723491
6 0.0017010511966195907
8 0.0001348081859785244
16 7.5267472254836321e-09
