0 12.000000000000002
0.03125 11.726721784648053
0.0625 11.444195949320614
0.09375 11.154694618492274
0.125 10.859703964027865
0.1875 10.256761282464584
0.25 9.6406237853914938
0.375 8.3954592020660073
0.5 7.2037969258633678
0.625 6.1524449255473961
0.75 5.2847721638797882
0.8125 4.9183714888252279
0.875 4.5911651132590041
0.9375 4.2972258481979244
0.96875 4.1607665277951442
1 4.0302791369255253
1.03125 3.9050239681934524
1.0625 3.7843058519593851
1.125 3.5539797405084492
1.1875 3.3349477121616631
1.25 3.1239668315097497
1.375 2.7187023832738566
1.5 2.3325190242473766
1.75 1.6394093822674485
2 1.0973943817414022
3 0.21034365180005077
4 0.055844391297812331
6 0.0067591823961215894
8 0.00096580740963278511
16 5.3098911441396002e-07
