0 18.000000000000004
0.03125 17.989361018118892
0.0625 17.955310406496757
0.09375 17.897000853403679
0.125 17.813359330717383
0.1875 17.563560421305539
0.25 17.187820235429815
0.375 15.971347337532404
0.5 14.096643197959004
0.625 11.791992927872744
0.75 9.4625939568245645
0.8125 8.3939053958986776
0.875 7.4202193585267651
0.9375 6.5499194377351211
0.96875 6.1537580562326308
1 5.782920714417239
1.03125 5.43656800351153
1.0625 5.1136774027195502
1.125 4.533622705319611
1.1875 4.0329099200766629
1.25 3.6015352616392136
1.375 2.9096129572814724
1.5 2.3925064568949712
1.75 1.6955669935807394
2 1.2546663736661265
3 0.39658419209221651
4 0.11852578305075406
6 0.016672297995851543
8 0.0043510541182025242
16 5.629651760183374e-05
