0 18.999999999999989
0.03125 19.07107861693942
0.0625 19.135602812279391
0.09375 19.188690757776317
0.125 19.224573239988235
0.1875 19.220874536756185
0.25 19.0836738790738
0.375 18.351185838156969
0.5 17.085005260183145
0.625 15.34056273980849
0.75 13.074027265429208
0.8125 11.789322601167457
0.875 10.471211485423748
0.9375 9.1810697575717271
0.96875 8.5636095017043097
1 7.9717039694745964
1.03125 7.4092099571613259
1.0625 6.8787742776306793
1.125 5.9191977719367905
1.1875 5.0943944305722004
1.25 4.3954216434713631
1.375 3.3154471414815587
1.5 2.5546232175409438
1.75 1.6060113962889035
2 1.0616390993501439
3 0.24192353919632134
4 0.062439187089773168
6 0.0052252264563920348
8 0.00051715426060314207
16 8.0566417925975742e-08
