0 15
0.03125 15.155997117016648
0.0625 15.272434325740958
0.09375 15.343611904965405
0.125 15.364706049610342
0.1875 15.243830150779665
0.25 14.900680405753791
0.375 13.6470520910419
0.5 11.972604443383048
0.625 10.256854678111223
0.75 8.6632328848487408
0.8125 7.9130417193934344
0.875 7.1875711753551652
0.9375 6.4849670288448733
0.96875 6.1427657381877419
1 5.8073745501933045
1.03125 5.479561749285951
1.0625 5.1601942263100442
1.125 4.550395209079718
1.1875 3.9847097524474604
1.25 3.468269065031568
1.375 2.5920324356188513
1.5 1.9176911078943562
1.75 1.0530861807902616
2 0.60362725347545754
3 0.13349555342480354
4 0.070268840643698899
6 0.03641742225992714
8 0.018698251296373092
16 0.00086632026671618068
