0 4.9999999999999991
0.03125 5.0412183162938469
0.0625 5.0746933838554602
0.09375 5.1007535529068893
0.125 5.1196831284444988
0.1875 5.1368370055839447
0.25 5.1262488173665037
0.375 5.0113077377277655
0.5 4.7419252741439983
0.625 4.2979895271220778
0.75 3.7089506058998531
0.8125 3.3828540967803455
0.875 3.0506916301432438
0.9375 2.7230549089955747
0.96875 2.5637809261465438
1 2.4087820190990104
1.03125 2.2588071813610884
1.0625 2.1144574606867415
1.125 1.8443369650580157
1.1875 1.6005771089619671
1.25 1.3836321020578801
1.375 1.0261518949358828
1.5 0.75751595663531746
1.75 0.41433029480120831
2 0.2310608766663404
3 0.027706553842432959
4 0.0040047448608219408
6 9.8106576979341623e-05
8 2.5791363902055026e-06
16 1.5735954206341773e-12
