0 16.000000000000004
0.03125 15.941630737462255
0.0625 15.883824945934483
0.09375 15.827621155420672
0.125 15.772402775519529
0.1875 15.654327820234467
0.25 15.494106426252818
0.375 14.835836277461986
0.5 13.444669095970973
0.625 11.370298413946932
0.75 9.0748469987188436
0.8125 7.9987203139019938
0.875 7.020956012137459
0.9375 6.1560339290250967
0.96875 5.7664266000143343
1 5.4043920679719708
1.03125 5.0686597065320669
1.0625 4.757702046828272
1.125 4.2033476463041222
1.1875 3.7275684425011941
1.25 3.317335435811231
1.375 2.6499106888811284
1.5 2.1326069353298887
1.75 1.3925858689461852
2 0.91147155246945744
3 0.1908839418794448
4 0.061226250615397451
6 0.017798082776702168
8 0.0095898700599601067
16 0.0020882956102982048
