0 13
0.03125 12.864812488738439
0.0625 12.694526096480582
0.09375 12.489962696924149
0.125 12.252775519643549
0.1875 11.691183993612148
0.25 11.037653941340732
0.375 9.593484446362158
0.5 8.1725148203376818
0.625 6.9195685032452863
0.75 5.8697743133279028
0.8125 5.4155527206819833
0.875 5.002932621443529
0.9375 4.6276451235191178
0.96875 4.4527410313223017
1 4.2857014671934399
1.03125 4.1260822574271812
1.0625 3.9734596388810197
1.125 3.6876025229696521
1.1875 3.4250969482027029
1.25 3.183167169569515
1.375 2.7512143133319551
1.5 2.3748882081200033
1.75 1.745202263079958
2 1.2454438105640107
3 0.25565606785003891
4 0.049693600167493579
6 0.0024226629887135198
8 0.00014712035803519929
16 4.2648721637617015e-09
