0 6
0.03125 5.9908454432980989
0.0625 5.9803458275149106
0.09375 5.9687269053569221
0.125 5.9557789663194285
0.1875 5.9229580586666621
0.25 5.872442327307918
0.375 5.6639100926276589
0.5 5.234524464091316
0.625 4.5710454981274102
0.75 3.7641875574219887
0.8125 3.3493411749517845
0.875 2.9476412018812126
0.9375 2.57049728420386
0.96875 2.3936165602597113
1 2.2253792482261052
1.03125 2.0661571142950197
1.0625 1.9161385342722037
1.125 1.6437049922324074
1.1875 1.4068999759475345
1.25 1.2031948064422247
1.375 0.88176888616694227
1.5 0.65176841790622253
1.75 0.3719620774264446
2 0.22775678495338422
3 0.057652560339361308
4 0.025387243303982707
6 0.011267291596310507
8 0.0068873190730491425
16 0.00084023894578968625
