0 14.999999999999998
0.03125 14.808468949191308
0.0625 14.585222391672973
0.09375 14.335081652777674
0.125 14.063257090696036
0.1875 13.4754705161816
0.25 12.860309633305304
0.375 11.652534051717918
0.5 10.529175179204319
0.625 9.4293204168234936
0.75 8.2576990157254198
0.8125 7.6343529303027031
0.875 6.9937961938944184
0.9375 6.3484051616823045
0.96875 6.028434106772135
1 5.71273275742658
1.03125 5.4030329125587127
1.0625 5.1009118062273462
1.125 4.5247212644108137
1.1875 3.992554440245049
1.25 3.5092156306891722
1.375 2.6928712016557181
1.5 2.0625828640257007
1.75 1.2314513051678349
2 0.76666991008065755
3 0.17481739767725468
4 0.062608959045566626
6 0.019332049193575826
8 0.01076005107003386
16 0.0024547044925167238
