0 11.000000000000002
0.03125 10.965841887225775
0.0625 10.899858945658426
0.09375 10.803906211179974
0.125 10.680035473913637
0.1875 10.357118506136816
0.25 9.9480432533450429
0.375 8.933870408561134
0.5 7.7541406248862739
0.625 6.5191712880919086
0.75 5.3282775390540174
0.8125 4.77367343341888
0.875 4.2551242527681916
0.9375 3.7765747800111713
0.96875 3.5529951220264859
1 3.3400308042354525
1.03125 3.1376763794774654
1.0625 2.9458435539837704
1.125 2.5930392735591918
1.1875 2.2796549327334836
1.25 2.0030513249600053
1.375 1.5478311821454978
1.5 1.2018229929179052
1.75 0.74462617273596987
2 0.48440843436074488
3 0.14078598800400338
4 0.065259015232824846
6 0.022982298288931481
8 0.011154688022676079
16 0.0030025697432601028
