0 7
0.03125 7.03510124501231
0.0625 7.0560691996291931
0.09375 7.0605585319823545
0.125 7.0462231961837807
0.1875 6.9526065297410309
0.25 6.7622340764500288
0.375 6.0869206770513031
0.5 5.1172023157117383
0.625 4.0547847560189805
0.75 3.0816402374916647
0.8125 2.6610705214492123
0.875 2.2904308912458884
0.9375 1.9690373950723763
0.96875 1.825882452060662
1 1.6937220896870395
1.03125 1.5719555110885157
1.0625 1.4599500771617171
1.125 1.2626418027914195
1.1875 1.0967190616835623
1.25 0.95742957239670501
1.375 0.74225379933255997
1.5 0.58955008113714058
1.75 0.39914060727456474
2 0.2927757455464236
3 0.13255892684546955
4 0.078687303901677816
6 0.031269771037844854
8 0.012938719402420234
16 0.00075150204314644933
