0 10.000000000000002
0.03125 10.35824370158881
0.0625 10.735229516046585
0.09375 11.117683850719258
0.125 11.489827253486666
0.1875 12.130880445034782
0.25 12.509921072432359
0.375 12.060605132575677
0.5 10.090045446974457
0.625 7.5478446866771396
0.75 5.3116026141296633
0.8125 4.4173733358799367
0.875 3.6725634656657609
0.9375 3.0607958189668922
0.96875 2.7985304770724979
1 2.5619436896340453
1.03125 2.3486002796791596
1.0625 2.1562126287942798
1.125 1.8260142476429226
1.1875 1.5565516811015572
1.25 1.3357556890275104
1.375 1.0034455752981084
1.5 0.77325005358156351
1.75 0.49177472981916981
2 0.33746359970501072
3 0.11468826803126597
4 0.050503262955921911
6 0.012376130469993869
8 0.0039953715030192419
16 0.00084955743363894498
