0 26.000000000000007
0.03125 25.780289186413864
0.0625 25.517776166569821
0.09375 25.218238771272489
0.125 24.887656741713922
0.1875 24.157374475246158
0.25 23.372213854516506
0.375 21.759181930861661
0.5 20.071254427376083
0.625 17.98777723290732
0.75 15.241468672621359
0.8125 13.67809825732844
0.875 12.081987134474023
0.9375 10.531617939753618
0.96875 9.7941533601932935
1 9.0899358644362991
1.03125 8.4230817912680056
1.0625 7.796226208543291
1.125 6.6666755319983979
1.1875 5.699821859492225
1.25 4.8831994965569541
1.375 3.6279715782228741
1.5 2.7541349330323719
1.75 1.7036619157960116
2 1.1503220482291838
3 0.44504306194247312
4 0.25716563798396908
6 0.075250767164262045
8 0.019704351449397861
16 0.00018637646358449222
