0 25
0.03125 25.157114193878872
0.0625 25.38150434752044
0.09375 25.678757965329662
0.125 26.053252757883936
0.1875 27.039876457380046
0.25 28.311701076688891
0.375 31.024145888019287
0.5 31.423774177588438
0.625 27.013331676094772
0.75 19.763109877818373
0.8125 16.270445183505643
0.875 13.229107016830742
0.9375 10.700425405281239
0.96875 9.6204688178774251
1 8.6530049998536391
1.03125 7.7886313647222183
1.0625 7.0176757137522774
1.125 5.7187681126719765
1.1875 4.6878873302712716
1.25 3.8681026268478966
1.375 2.6893950133909583
1.5 1.9246008959890539
1.75 1.0733170163156385
2 0.66382702337837474
3 0.18876934109716709
4 0.084076991202587992
6 0.023134925089989933
8 0.0081853902984866389
16 0.0018415664684120481
