0 15.999999999999998
0.03125 15.870739708232984
0.0625 15.694414155896649
0.09375 15.475964110693477
0.125 15.221177781695133
0.1875 14.62795280850861
0.25 13.964911537940912
0.375 12.584651814077001
0.5 11.240079915840369
0.625 9.8988205650825556
0.75 8.5018249351627517
0.8125 7.7889277703253281
0.875 7.0819187114160105
0.9375 6.3954175103957196
0.96875 6.0641727322536392
1 5.7428914526441002
1.03125 5.432754640891023
1.0625 5.1346901252228569
1.125 4.5772339569732177
1.1875 4.0731472405069438
1.25 3.6219589352157473
1.375 2.8663434938256014
1.5 2.2774325382952973
1.75 1.4608340199593068
2 0.95561091897523032
3 0.21758829411627756
4 0.081885832178894155
6 0.031390192874041961
8 0.015116933054904025
16 0.00075365356591650112
