0 6
0.03125 6.0597684410053727
0.0625 6.1150706750270709
0.09375 6.1631819431670696
0.125 6.2010956596136273
0.1875 6.2339060515774012
0.25 6.1904689816700467
0.375 5.8213341900118802
0.5 5.1032262504585999
0.625 4.1986767552569422
0.75 3.3001929382270818
0.8125 2.895000187827069
0.875 2.5299292350799769
0.9375 2.2071518882371084
0.96875 2.0614039426493549
1 1.9256826440284665
1.03125 1.7995702895434524
1.0625 1.6825890906815077
1.125 1.4739408489480941
1.1875 1.2954747729511882
1.25 1.1430153682816153
1.375 0.90113780456859527
1.5 0.72278567355433021
1.75 0.48762208451974209
2 0.34641394630077244
3 0.11724985583155544
4 0.047936598265610551
6 0.0094208187946285549
8 0.0020078090900098738
16 5.6630102207889943e-06
