0 29
0.03125 29.025453291304057
0.0625 29.044518116622104
0.09375 29.063060300997183
0.125 29.085560637467005
0.1875 29.151222182840804
0.25 29.234240077488963
0.375 29.153498406145225
0.5 27.70949144739609
0.625 23.897896847284155
0.75 18.49663587559456
0.8125 15.79206150897812
0.875 13.334043309825223
0.9375 11.20604131092462
0.96875 10.272580218876335
1 9.4236579974691352
1.03125 8.6550376999343008
1.0625 7.9613939823742736
1.125 6.7752346427242198
1.1875 5.8171622521704709
1.25 5.0426922253347364
1.375 3.8996739131869607
1.5 3.1222267537795947
1.75 2.1632277723928972
2 1.5923038255936832
3 0.50284678972283059
4 0.15332424210961809
6 0.021161441184132213
8 0.0052590558742177662
16 0.0010055668470995704
