0 25.000000000000004
0.03125 25.152387919269675
0.0625 25.249874555777154
0.09375 25.287138223616857
0.125 25.260167713863087
0.1875 25.004091576682903
0.25 24.475439759531408
0.375 22.664088035768462
0.5 20.078179829674653
0.625 17.080392730929923
0.75 14.030448155184528
0.8125 12.576290839217704
0.875 11.202894274603526
0.9375 9.926169932877535
0.96875 9.3272441258565699
1 8.755596867383165
1.03125 8.2115844471089705
1.0625 7.6952949148626484
1.125 6.7450800176626453
1.1875 5.9014328811732462
1.25 5.1583778780448393
1.375 3.942534284285526
1.5 3.028348006641576
1.75 1.8398828419662043
2 1.1728659695814869
3 0.2898401322118031
4 0.11296611590543365
6 0.039001561374920779
8 0.021100844585532685
16 0.0041479717715909858
