0 25.000000000000007
0.03125 25.175558669715038
0.0625 25.290870128630218
0.09375 25.338406112109865
0.125 25.312092289860633
0.1875 25.022674637334443
0.25 24.412880000491164
0.375 22.358052180270207
0.5 19.625217495967913
0.625 16.772418698470876
0.75 14.128062227510922
0.8125 12.912236302696083
0.875 11.763375943928109
0.9375 10.676523099119663
0.96875 10.155431325324559
1 9.6491512026161903
1.03125 9.1578673008905138
1.0625 8.6819149287876503
1.125 7.7777968518122025
1.1875 6.9405558316548648
1.25 6.1732481448328134
1.375 4.8519241769216297
1.5 3.801439537173013
1.75 2.3615177999239001
2 1.5203324690777205
3 0.37960619557898329
4 0.12847604672858992
6 0.019710925717047634
8 0.0037464656296795629
16 1.1333547264458232e-05
