0 15.000000000000002
0.03125 14.897508214479981
0.0625 14.81974875541971
0.09375 14.767441930099386
0.125 14.741042703822348
0.1875 14.766231572222916
0.25 14.891071982577404
0.375 15.351665499729361
0.5 15.683889602263777
0.625 15.057567492963612
0.75 12.956479588148266
0.8125 11.489624456462661
0.875 9.9245658372452024
0.9375 8.3933975730778485
0.96875 7.6717042457689244
1 6.9902143729934068
1.03125 6.3537585840818984
1.0625 5.7648710439412678
1.125 4.7310011711186331
1.1875 3.8788801962321533
1.25 3.1869703398627021
1.375 2.1831085791591236
1.5 1.5369196589896987
1.75 0.83625303937649031
2 0.51013355696126106
3 0.13327017506031755
4 0.047727758732450692
6 0.0073485431381466182
8 0.0013105316639518416
16 2.1860084114533329e-06
