0 12
0.03125 11.694959637071868
0.0625 11.384066737413946
0.09375 11.06897096131566
0.125 10.750829849742599
0.1875 10.10835382866243
0.25 9.4607978668398669
0.375 8.1650763302559781
0.5 6.9049433013691228
0.625 5.7350881395414062
0.75 4.7017507659835909
0.8125 4.2444076368235129
0.875 3.8277686743830239
0.9375 3.4510392621975936
0.96875 3.2771182949523565
1 3.1124537058699615
1.03125 2.9567230164366669
1.0625 2.8095793306932708
1.125 2.5395863161741232
1.1875 2.2994676795084144
1.25 2.0862059211496313
1.375 1.7287923469864173
1.5 1.4464794117607735
1.75 1.0424217037639973
2 0.77824690301563448
3 0.31041653029041788
4 0.15248681966330579
6 0.04160083189730699
8 0.011833649100107854
16 0.00013620590459074294
