0 15
0.03125 14.728377225402731
0.0625 14.45182680156317
0.09375 14.172509283343075
0.125 13.892104265067543
0.1875 13.332405484226065
0.25 12.777121676307935
0.375 11.668267112071376
0.5 10.509293919205749
0.625 9.2416401104526251
0.75 7.8687265462100227
0.8125 7.1656615523983653
0.875 6.4700230001555887
0.9375 5.7960808196775577
0.96875 5.471230699905278
1 5.1562421077374632
1.03125 4.852195678254879
1.0625 4.559957936753757
1.125 4.0133244011385596
1.1875 3.5192396409188107
1.25 3.0779080543300732
1.375 2.3447718580550614
1.5 1.7858885879946493
1.75 1.0535710041970696
2 0.64568414112704087
3 0.13994408885372744
4 0.051669317345823931
6 0.018753743641824333
8 0.012621644060062262
16 0.0047853583437252045
