0 12.999999999999998
0.03125 12.963420205428775
0.0625 12.907653894186796
0.09375 12.831908433399565
0.125 12.735027384854794
0.1875 12.472916083571331
0.25 12.113797175030195
0.375 11.110083598812961
0.5 9.8083735381525656
0.625 8.3575449005736875
0.75 6.9020016007524214
0.8125 6.208534447732716
0.875 5.5520515878490366
0.9375 4.9397744654023983
0.96875 4.6517485821877154
1 4.3763062411283045
1.03125 4.113650881658625
1.0625 3.8638575769821877
1.125 3.4025945152680759
1.1875 2.9910593538958188
1.25 2.6266084024267693
1.375 2.024842261064157
1.5 1.5663450852703635
1.75 0.96045391908257793
2 0.61723589197280038
3 0.17610932558502901
4 0.083761063607073916
6 0.02970416705343773
8 0.014251962108883784
16 0.0016088551404131179
