0 11
0.03125 11.137207271195964
0.0625 11.273034034966516
0.09375 11.406790006938346
0.125 11.536805804201
0.1875 11.774055744223663
0.25 11.952939455259358
0.375 11.963958538507848
0.5 11.260385317724866
0.625 9.7912687311297582
0.75 7.8643789111395952
0.8125 6.8719148617425869
0.875 5.9254519171751348
0.9375 5.0567976837450921
0.96875 4.6575832627613352
1 4.2833345756097279
1.03125 3.9343976555798537
1.0625 3.6105974636770415
1.125 3.0357497274787115
1.1875 2.55087870195324
1.25 2.1455954477728767
1.375 1.5299403495154134
1.5 1.108447282031775
1.75 0.61776819711505992
2 0.37338136334717625
3 0.089200821499523963
4 0.03714597866403789
6 0.014251193908213194
8 0.0078328701481277518
16 0.0012059941520692341
