0 17
0.03125 17.057473328282413
0.0625 17.106574394855958
0.09375 17.145299539402593
0.125 17.170703860186421
0.1875 17.165974311460122
0.25 17.056708451917707
0.375 16.385352970204455
0.5 15.004827259952503
0.625 13.055198653054529
0.75 10.879358631465585
0.8125 9.8112533362524825
0.875 8.7945089365382252
0.9375 7.8452513820584482
0.96875 7.3987360096864858
1 6.9716704968637115
1.03125 6.5642142548428097
1.0625 6.1763020954161387
1.125 5.4580192781733103
1.1875 4.8135084077517636
1.25 4.2382511743990694
1.375 3.2748085098589153
1.5 2.525233113221665
1.75 1.5088003790774616
2 0.92106511167792582
3 0.1833569100333983
4 0.059198591797583883
6 0.011591866850757637
8 0.0030808377326556335
16 2.3980054527084071e-05
