0 22.999999999999989
0.03125 23.05618558314363
0.0625 23.061735785225469
0.09375 23.01519867378606
0.125 22.915490718009888
0.1875 22.552851316676428
0.25 21.966331085699384
0.375 20.109282603197506
0.5 17.472015926990125
0.625 14.491519809727629
0.75 11.678140101887569
0.8125 10.432934084993098
0.875 9.3124089114344919
0.9375 8.3137642585316094
0.96875 7.8574038084448619
1 7.4277836349497885
1.03125 7.0233709916088518
1.0625 6.6426262382999557
1.125 5.9461945743178513
1.1875 5.3273455434665911
1.25 4.7763383745407904
1.375 3.8458667505208122
1.5 3.1022063318032367
1.75 2.0295654099710312
2 1.3420578943485175
3 0.31708046558361747
4 0.11129652859582681
6 0.026570686589599934
8 0.010335788774963828
16 0.0022379105743700334
