0 16.000000000000004
0.03125 15.974401190003256
0.0625 15.943540105242654
0.09375 15.900993361898511
0.125 15.840097448420595
0.1875 15.637589178323898
0.25 15.291938777421858
0.375 14.095225117675273
0.5 12.333766455616569
0.625 10.327867101382344
0.75 8.3764828348828395
0.8125 7.4778593173746062
0.875 6.6455964201266706
0.9375 5.884528754065637
0.96875 5.5312431522868488
1 5.1960780541139879
1.03125 4.8788295503542196
1.0625 4.5791804178789386
1.125 4.0309428551638886
1.1875 3.5471600177148677
1.25 3.1227589120639005
1.375 2.4297510351228149
1.5 1.907214706630828
1.75 1.2189210156339929
2 0.82224666318221673
3 0.26219687684921006
4 0.12403227829668939
6 0.041961597643737178
8 0.016307962020657762
16 0.0004854616063624112
