0 11.999999999999998
0.03125 11.882236023172798
0.0625 11.76411912402588
0.09375 11.645893899879901
0.125 11.526546937146836
0.1875 11.275262111697113
0.25 10.985202627296047
0.375 10.180812991853067
0.5 9.0002716411810741
0.625 7.5528960693171951
0.75 6.0709558228441081
0.8125 5.3804357396101059
0.875 4.7437545221923605
0.9375 4.1675530214304768
0.96875 3.9027604274182228
1 3.6533467765028607
1.03125 3.4189679709738692
1.0625 3.1991511409305486
1.125 2.8008753983756165
1.1875 2.4533703554486515
1.25 2.1511410287709416
1.375 1.6612656288493177
1.5 1.2928628876999646
1.75 0.80506566442824168
2 0.52214831317787835
3 0.13954371734784626
4 0.063942468144516082
6 0.029072511286227176
8 0.017603286727490008
16 0.0029757444231965843
