0 10.999999999999995
0.03125 10.93893066156963
0.0625 10.880749240486761
0.09375 10.826668942443394
0.125 10.77680834672536
0.1875 10.684561977618037
0.25 10.583058216475292
0.375 10.209252372737312
0.5 9.3803447522947909
0.625 8.0439877047737021
0.75 6.4458333395903633
0.8125 5.6551055411502533
0.875 4.9145284620277865
0.9375 4.2434499025941754
0.96875 3.9370706169329557
1 3.650673344414487
1.03125 3.3841272055330318
1.0625 3.1369772487039809
1.125 2.6978954095012435
1.1875 2.3260908739931501
1.25 2.0130881469585766
1.375 1.5300925067942994
1.5 1.1897035713794439
1.75 0.77216182825554058
2 0.54555502500724573
3 0.21766603029360981
4 0.10420899198942485
6 0.021564960490928244
8 0.0042794608659779132
16 8.8996654869152869e-06
