0 10
0.03125 10.160842236998272
0.0625 10.303666121514679
0.09375 10.420462667855748
0.125 10.503549491434478
0.1875 10.542232581340084
0.25 10.381387808274862
0.375 9.4534054447377294
0.5 7.9615303554846815
0.625 6.3278208230966193
0.75 4.8618564263182886
0.8125 4.2354467445744817
0.875 3.6847314535325304
0.9375 3.2064229755662019
0.96875 2.9926033852725888
1 2.7945077297552334
1.03125 2.6112048056507366
1.0625 2.4417506363197936
1.125 2.1406629988887742
1.1875 1.8840734282135581
1.25 1.6654280611067929
1.375 1.3194978354660982
1.5 1.0653378625178236
1.75 0.73226048560879531
2 0.53392350753302997
3 0.21084333462092567
4 0.10381296136659594
6 0.028768096832778624
8 0.0082805185957230756
16 8.4695502543460921e-05
