0 23.999999999999996
0.03125 24.185948701882563
0.0625 24.298102146361341
0.09375 24.330994569238829
0.125 24.280196548684149
0.1875 23.916549300582673
0.25 23.202198373318002
0.375 20.859083987647733
0.5 17.797954460466681
0.625 14.715449201001219
0.75 12.058283646479168
0.8125 10.930789437884483
0.875 9.9275338020813688
0.9375 9.0316902218771151
0.96875 8.6182273305846309
1 8.2247289078099275
1.03125 7.8491309523580988
1.0625 7.4895800332046258
1.125 6.8124004385064616
1.1875 6.1832070937845485
1.25 5.5956898274608298
1.375 4.534418628024274
1.5 3.6213158373966237
1.75 2.2354632328450648
2 1.3595696166872302
3 0.25143661142549867
4 0.092853558956137561
6 0.037146166059802782
8 0.020803806621958382
16 0.002900306609554093
