0 18
0.03125 18.130338438446106
0.0625 18.227332610034821
0.09375 18.291341306142574
0.125 18.322880805841056
0.1875 18.289548107954886
0.25 18.122747472749349
0.375 17.297573596005929
0.5 15.618140667641429
0.625 13.135183393492927
0.75 10.363514857787228
0.8125 9.0573436697420053
0.875 7.8696843662837095
0.9375 6.8209600296175461
0.96875 6.3500564982657757
1 5.9138696631007939
1.03125 5.5110209360276965
1.0625 5.1397821747104455
1.125 4.4842537896502392
1.1875 3.9309134982853968
1.25 3.4637943608018156
1.375 2.7326654318496866
1.5 2.199712525194967
1.75 1.4994205850650344
2 1.0749401754521815
3 0.35266876979652428
4 0.12661760767531263
6 0.020713780672480475
8 0.0046922348757054422
16 3.6198120576147463e-05
