0 24.000000000000004
0.03125 23.61197446738316
0.0625 23.231610524614073
0.09375 22.856133761964763
0.125 22.482802140818841
0.1875 21.732316672907665
0.25 20.961241720631339
0.375 19.294341997504898
0.5 17.39597891066769
0.625 15.276832363694073
0.75 13.041208431013198
0.8125 11.923425075873055
0.875 10.828868006277096
0.9375 9.773513520281977
0.96875 9.2650497675810985
1 8.7715154737661578
1.03125 8.2942830297925099
1.0625 7.8345263522507409
1.125 6.9710587821111316
1.1875 6.186114178682069
1.25 5.481209809570089
1.375 4.3028631778326725
1.5 3.3990100808449335
1.75 2.2027745695059271
2 1.513474785950073
3 0.4656092496351365
4 0.16043462029793931
6 0.025734879140720646
8 0.0068274075629433106
16 0.00014122707788427613
