0 10
0.03125 9.8429565571772528
0.0625 9.6701705175411892
0.09375 9.4809124059757117
0.125 9.274775723189622
0.1875 8.8124852107779503
0.25 8.2895644969910958
0.375 7.1215020708444401
0.5 5.9199052743570855
0.625 4.8182389497840692
0.75 3.8864992335379176
0.8125 3.4897803597629697
0.875 3.1370958888988447
0.9375 2.8252180691618825
0.96875 2.6833940815801176
1 2.5503100255505653
1.03125 2.4254588158805976
1.0625 2.3083390032184199
1.125 2.0953491343554465
1.1875 1.9076272936561622
1.25 1.7417925545704829
1.375 1.4641133022759225
1.5 1.2425937873167954
1.75 0.91414517089349134
2 0.68386337627145877
3 0.22637498230064254
4 0.082449928322865851
6 0.01590937770836344
8 0.0045866123870961645
16 0.00091868099820781313
