0 20.000000000000004
0.03125 20.467261194870837
0.0625 20.967835855043262
0.09375 21.504751016022517
0.125 22.080596156233447
0.1875 23.353447482941821
0.25 24.768280652832061
0.375 27.502094202960222
0.5 27.887769643065759
0.625 23.542469498387511
0.75 16.550197790200386
0.8125 13.30998366288051
0.875 10.588747243659746
0.9375 8.4164645540737766
0.96875 7.5182289542763945
1 6.7302488981152138
1.03125 6.0404033712938503
1.0625 5.4369015891018275
1.125 4.4459557856864
1.1875 3.6821258820526674
1.25 3.0872287092464008
1.375 2.2426779191314998
1.5 1.6884023324898287
1.75 1.0301403944899512
2 0.66916492302360775
3 0.16717857189005886
4 0.060055341357863778
6 0.014792306538994937
8 0.0053309396913452378
16 0.00013367544513492868
