0 29.000000000000004
0.03125 29.021737274714475
0.0625 29.017943855380405
0.09375 28.995209742921045
0.125 28.960003184839369
0.1875 28.873390670328
0.25 28.781238543355709
0.375 28.437669820117694
0.5 27.164136713184021
0.625 24.132971448028293
0.75 19.664602036211935
0.8125 17.28126727431777
0.875 15.001865789471609
0.9375 12.920933511933653
0.96875 11.970663299571662
1 11.08377012181626
1.03125 10.260274547021011
1.0625 9.4988060144658046
1.125 8.1517909325208677
1.1875 7.0171739751489453
1.25 6.0656394933772901
1.375 4.5994819936998992
1.5 3.5596814687521068
1.75 2.2479249390316465
2 1.4900509924641967
3 0.34722096481595371
4 0.098354247656646687
6 0.013463219539282145
8 0.0026681002412825006
16 1.1244725368286801e-05
