0 5.0000000000000009
0.03125 4.9652871277088364
0.0625 4.9081843392542108
0.09375 4.8295188247478498
0.125 4.7305961970051182
0.1875 4.4792509466720398
0.25 4.1716651590480192
0.375 3.4683745675113093
0.5 2.7672151780961536
0.625 2.1607552546840156
0.75 1.6817002244386272
0.8125 1.4888790779855823
0.875 1.3238986433029463
0.9375 1.1836028757113288
0.96875 1.1216925305135153
1 1.0647402587212973
1.03125 1.0123612908669575
1.0625 0.96418737550705902
1.125 0.87907682498132789
1.1875 0.80685803267413003
1.25 0.74531400104328105
1.375 0.64697418453164501
1.5 0.5722939642009186
1.75 0.46446135040455466
2 0.38540030864171076
3 0.17681828616692474
4 0.073752934074658424
6 0.012823632041591981
8 0.0024452906334882177
16 4.4454694846617071e-06
