0 20.999999999999993
0.03125 20.823627818054206
0.0625 20.68238057406764
0.09375 20.579835727073053
0.125 20.51797387874192
0.1875 20.515089643711711
0.25 20.649199555792919
0.375 21.012230955395367
0.5 20.561943786412865
0.625 18.290795840699595
0.75 14.502711381312011
0.8125 12.460457430641425
0.875 10.533113368132963
0.9375 8.8123999771082548
0.96875 8.0427496520082524
1 7.335120203233501
1.03125 6.6882595198042658
1.0625 6.0996277882529126
1.125 5.0830296673432018
1.1875 4.2539504010186437
1.25 3.5802012829489027
1.375 2.5862255796149349
1.5 1.9199870851806407
1.75 1.1417213026898176
2 0.73845522868566515
3 0.21934051101737542
4 0.10625356508819375
6 0.047217170342762321
8 0.025694665146836271
16 0.0016610414241687022
