0 15
0.03125 14.899279740064115
0.0625 14.758250064035582
0.09375 14.582752260606796
0.125 14.379050240528645
0.1875 13.912160975541569
0.25 13.404160598373608
0.375 12.400038683714243
0.5 11.51600748463175
0.625 10.722718231789932
0.75 9.8571065426743729
0.8125 9.336841019304515
0.875 8.7398136659368628
0.9375 8.0688708485321232
0.96875 7.7104229683227414
1 7.3406156917928618
1.03125 6.9630077478155528
1.0625 6.5813876859491529
1.125 5.8212450221380942
1.1875 5.088163870909848
1.25 4.4040622186507257
1.375 3.2322377390262949
1.5 2.3393989112614153
1.75 1.2326935692687762
2 0.68360255389373625
3 0.12864186903873864
4 0.049446622927362308
6 0.011975453384961504
8 0.0031850603550742651
16 2.0611842346099363e-05
