0 25.999999999999996
0.03125 26.030221085069829
0.0625 26.023572101383593
0.09375 25.970704064604519
0.125 25.863754522411142
0.1875 25.464850099542264
0.25 24.800516230335965
0.375 22.720325074719298
0.5 19.924269478819195
0.625 16.838877613455352
0.75 13.814088783143518
0.8125 12.404222858610328
0.875 11.092987291215035
0.9375 9.8947887539666333
0.96875 9.3406319854969517
1 8.8169272567532158
1.03125 8.3235423678033538
1.0625 7.8599934881665536
1.125 7.0190074654296861
1.1875 6.284993403482682
1.25 5.6466205846418358
1.375 4.6079458879180004
1.5 3.8109469067236232
1.75 2.6715135723578802
2 1.8873022800944492
3 0.46326696904902354
4 0.1393512060015718
6 0.02410054861827482
8 0.0066789694041317627
16 0.00012195923866242797
