0 6
0.03125 6.0050380098837932
0.0625 5.9941248133725367
0.09375 5.9682308959644548
0.125 5.9283952146662688
0.1875 5.8110402769463558
0.25 5.6496860235192932
0.375 5.217493991953142
0.5 4.6645190869223692
0.625 4.0223522819663229
0.75 3.339736178461318
0.8125 3.0019737016861598
0.875 2.6761091463714552
0.9375 2.3679156753939767
0.96875 2.221836213229397
1 2.081642340583302
1.03125 1.9476166726928426
1.0625 1.8199496039999499
1.125 1.5840369785883732
1.1875 1.3738884063718555
1.25 1.1885655532552946
1.375 0.88572963514126035
1.5 0.65955038903766083
1.75 0.37194762703632134
2 0.21974175138388963
3 0.055804768708055702
4 0.034240280455434161
6 0.019821402982534701
8 0.010692450433049875
16 0.00064632655925453593
