0 15.999999999999998
0.03125 15.673790260470598
0.0625 15.322412392625639
0.09375 14.95344040848987
0.125 14.573873618304042
0.1875 13.806287529472726
0.25 13.05476209930805
0.375 11.648773952185014
0.5 10.328122019461192
0.625 8.9980492492633264
0.75 7.6385751058917108
0.8125 6.9683177821166797
0.875 6.3210546418877556
0.9375 5.7082918696241629
0.96875 5.4176802790291685
1 5.1386618050782404
1.03125 4.871769662425983
1.0625 4.6173276528166696
1.125 4.1461574307458644
1.1875 3.7243481827800724
1.25 3.3492112404780787
1.375 2.7231243526141289
1.5 2.2334632262951644
1.75 1.5410386124312649
2 1.0913028024340217
3 0.31923853905977867
4 0.11653759222669668
6 0.028068287618666796
8 0.010845879727297864
16 0.00093942380054756747
