0 9
0.03125 9.2594537242323707
0.0625 9.5059741475356425
0.09375 9.7352083494268538
0.125 9.9422523193557382
0.1875 10.268217099839434
0.25 10.440270396480576
0.375 10.192182310649443
0.5 9.1512207578592317
0.625 7.6214287631550599
0.75 6.0174593680016999
0.8125 5.2804753821206694
0.875 4.611039450912946
0.9375 4.0147612868833988
0.96875 3.7439913982326432
1 3.4908816965423144
1.03125 3.2547719799405579
1.0625 3.0348913571530516
1.125 2.6404244848273373
1.1875 2.3004832568505966
1.25 2.0081559241264597
1.375 1.5411871194878159
1.5 1.195768351721731
1.75 0.74500404975088641
2 0.48368707661069388
3 0.10669526984445654
4 0.026053741060330551
6 0.0016782337031021957
8 0.00011451938899696701
16 3.0330031472458607e-09
