0 14.000000000000002
0.03125 14.014216390293663
0.0625 13.977487624022459
0.09375 13.88962755330058
0.125 13.751982481908252
0.1875 13.339743139206222
0.25 12.776536661602474
0.375 11.384802929691112
0.5 9.9168653651672205
0.625 8.555003428430723
0.75 7.3256390738312778
0.8125 6.7507205513429902
0.875 6.197873071133654
0.9375 5.6665774999450855
0.96875 5.4094541833720076
1 5.1584529268313695
1.03125 4.913977174895912
1.0625 4.6764525527402183
1.125 4.2239049771527872
1.1875 3.803695264209396
1.25 3.4177352438272139
1.375 2.7502818350077898
1.5 2.2145901251091815
1.75 1.4620082192000332
2 0.99757747245450534
3 0.26493413873796406
4 0.077326992867737906
6 0.0072150618613606582
8 0.00073790727871080042
16 1.1584796072439119e-07
