0 12.999999999999998
0.03125 12.995385163432472
0.0625 12.965078404429864
0.09375 12.909266653944494
0.125 12.827695455091556
0.1875 12.58463106608321
0.25 12.229585881562391
0.375 11.176280195122082
0.5 9.7417643666344738
0.625 8.1276204369597469
0.75 6.5572131099228947
0.8125 5.8389158673910133
0.875 5.1798902163506506
0.9375 4.5844199735424658
0.96875 4.3107344321315084
1 4.0528067752174302
1.03125 3.8102484355639885
1.0625 3.5825625468538038
1.125 3.1694379771293675
1.1875 2.8082319251538288
1.25 2.4933834988284467
1.375 1.9809917952151308
1.5 1.5924946974099796
1.75 1.0666047741763249
2 0.74472056475154991
3 0.22904791488735643
4 0.092530937691210693
6 0.027856382476435557
8 0.012598154769807718
16 0.00082722101491883304
