0 7
0.03125 7.0200730642771667
0.0625 7.0249812849354356
0.09375 7.0129674280849574
0.125 6.9822449052713145
0.1875 6.8582959191443971
0.25 6.6440013568578697
0.375 5.9514113036147638
0.5 5.0110163327419777
0.625 4.0124038788395842
0.75 3.1150785766441889
0.8125 2.7309038904242291
0.875 2.393677095726964
0.9375 2.1019895339999253
0.96875 1.9721983508329182
1 1.8523995544538112
1.03125 1.7420049862459936
1.0625 1.6404059408127691
1.125 1.4611476005188107
1.1875 1.3098577774258193
1.25 1.1821268200326771
1.375 0.98216479448654448
1.5 0.83603828893057619
1.75 0.63974035861451795
2 0.51017872229551198
3 0.21035143286523217
4 0.076179278052266819
6 0.008844966714533567
8 0.0010415537557997463
16 2.5118720280853379e-07
