0 26.999999999999996
0.03125 27.277109474958831
0.0625 27.527258859144922
0.09375 27.751609793126082
0.125 27.951308617625148
0.1875 28.277495159622315
0.25 28.492109327897879
0.375 28.390408417088253
0.5 27.171040072070323
0.625 24.692770045532946
0.75 21.189626698765743
0.8125 19.148923045542755
0.875 16.993572540398898
0.9375 14.810329512032245
0.96875 13.738211873385836
1 12.694265387983721
1.03125 11.688285064415743
1.0625 10.728304599336509
1.125 8.9687029579616144
1.1875 7.4413694327379512
1.25 6.1467295872604977
1.375 4.1802962061264681
1.5 2.8644526601880691
1.75 1.4182465496309462
2 0.76742115300188518
3 0.14836711205019437
4 0.060147442549342123
6 0.017517355330830986
8 0.0067965570512675821
16 0.00098877342076325592
