0 15.000000000000002
0.03125 15.517811853363209
0.0625 16.072912740385885
0.09375 16.659348757626997
0.125 17.267732543724826
0.1875 18.490192322960205
0.25 19.567257009832861
0.375 20.28674240078649
0.5 17.971487150103634
0.625 13.57200857279879
0.75 9.2796316357497748
0.8125 7.5577365852144647
0.875 6.1485785500774917
0.9375 5.0186833812135605
0.96875 4.5439594442055764
1 4.1213875261880446
1.03125 3.7452830661805421
1.0625 3.4103757516204367
1.125 2.8454490868398974
1.1875 2.3939912798684597
1.25 2.0304755885114867
1.375 1.4935103983577289
1.5 1.1273979732396178
1.75 0.68352081910616813
2 0.44229596280239558
3 0.12758293313466623
4 0.065633192807903779
6 0.029874519450442699
8 0.014756159869362739
16 0.0017256965615026765
