0 26.999999999999996
0.03125 27.141991176759309
0.0625 27.291093716152503
0.09375 27.441359174154247
0.125 27.587104643932268
0.1875 27.843884865616555
0.25 28.019796757434733
0.375 27.903085239776015
0.5 26.485891796515002
0.625 22.95979255497971
0.75 17.858883086621216
0.8125 15.252363907253665
0.875 12.861390479691863
0.9375 10.779523454818857
0.96875 9.8638794449815528
1 9.0302065180211439
1.03125 8.2747179440360608
1.0625 7.5923921908519105
1.125 6.4241733788399662
1.1875 5.4785505485516079
1.25 4.711752222062084
1.375 3.5727832595091771
1.5 2.7900545648132118
1.75 1.8178988930402873
2 1.2568894527154539
3 0.39884756905521124
4 0.17411969556415458
6 0.04577888966443211
8 0.014894699765474473
16 0.00053418944230426701
