0 16.999999999999993
0.03125 17.000747325519736
0.0625 16.963630972581953
0.09375 16.887022580488406
0.125 16.770619482618049
0.1875 16.423286189646046
0.25 15.940928616885991
0.375 14.689544846199537
0.5 13.229846579258668
0.625 11.649399550208674
0.75 9.94281618218651
0.8125 9.0512655546532006
0.875 8.1531355474550544
0.9375 7.2692130145928546
0.96875 6.8393805799772229
1 6.4210015964839622
1.03125 6.0162667922560624
1.0625 5.6270216200841432
1.125 4.9004830508573329
1.1875 4.2485742457246998
1.25 3.6730148084981424
1.375 2.7381137996661806
1.5 2.0494084675916002
1.75 1.186337121991115
2 0.72564107331260341
3 0.16382576963110143
4 0.063188024902544687
6 0.021258772814631816
8 0.010611283296214663
16 0.002297340761635458
