0 24.999999999999993
0.03125 24.794906107417415
0.0625 24.61872438107514
0.09375 24.460795703677444
0.125 24.309073018584133
0.1875 23.972444204291207
0.25 23.507279357069613
0.375 21.908780129173504
0.5 19.424665298073538
0.625 16.604285008672338
0.75 14.018634299819622
0.8125 12.88458642225584
0.875 11.847414815479441
0.9375 10.886378151380782
0.96875 10.42757736148708
1 9.9801178916322524
1.03125 9.5421963690344906
1.0625 9.1125255321428327
1.125 8.2753816234033515
1.1875 7.4681387179894463
1.25 6.6957957783377742
1.375 5.2865053518228171
1.5 4.0991241010496591
1.75 2.4142499470213838
2 1.4399990870332382
3 0.25463175361993301
4 0.073020773127218552
6 0.019415273752351692
8 0.010208280182264329
16 0.0015827962017654351
