0 11.000000000000002
0.03125 11.172775104719911
0.0625 11.348208282135529
0.09375 11.523421223957309
0.125 11.693843383829162
0.1875 11.993954429922489
0.25 12.183686086386169
0.375 11.958641285144902
0.5 10.741028634088917
0.625 8.8645944822063587
0.75 6.9376540405241141
0.8125 6.0882216395192819
0.875 5.3418408573882585
0.9375 4.698410078173616
0.96875 4.4127113696304807
1 4.1490084111317405
1.03125 3.9056141696237159
1.0625 3.6808096498205543
1.125 3.2802943414661287
1.1875 2.9350268136753375
1.25 2.634433945081001
1.375 2.1350078313629153
1.5 1.7345789939182343
1.75 1.1345805596468368
2 0.72623190340151067
3 0.10716922590711324
4 0.015610950903924434
6 0.00037328972322775433
8 9.8728209318166282e-06
16 7.8976408746100901e-12
