0 26.000000000000004
0.03125 26.067708145710238
0.0625 26.148196661163833
0.09375 26.241568041854361
0.125 26.346379421105819
0.1875 26.577384966346234
0.25 26.802408952656187
0.375 26.978807397138677
0.5 26.144170194457978
0.625 23.4884415216845
0.75 19.158739427774574
0.8125 16.768363166578997
0.875 14.46859956759217
0.9375 12.375135874772866
0.96875 11.424319418831516
1 10.540673749512184
1.03125 9.7236003341709534
1.0625 8.9708677400984715
1.125 7.6445703491752068
1.1875 6.5297666776080803
1.25 5.5931752529210135
1.375 4.1392185449757388
1.5 3.097463144349486
1.75 1.7948765795279964
2 1.0941435688459367
3 0.24440296607453738
4 0.089952936638354186
6 0.02560902079537325
8 0.01035751780389238
16 0.0003389279552519775
