0 10
0.03125 10.41094277987415
0.0625 10.884083529097529
0.09375 11.42085782415916
0.125 12.019031693662896
0.1875 13.363904392900173
0.25 14.775827288012648
0.375 16.658687870139357
0.5 15.441233062089616
0.625 11.546878619818568
0.75 7.4900723594529062
0.8125 5.8917877742689937
0.875 4.6221127142473879
0.9375 3.6415850009803692
0.96875 3.2426726037538747
1 2.8953987513444974
1.03125 2.5932980036520412
1.0625 2.3304705398791623
1.125 1.902125186224259
1.1875 1.5753271694497313
1.25 1.3236305457603588
1.375 0.97256372702171789
1.5 0.74753066155042003
1.75 0.48457131385594798
2 0.33680498675076992
3 0.098729106186778298
4 0.035965803985482603
6 0.0072793710742547202
8 0.0017305873921285991
16 5.9591776730982815e-06
