0 19.000000000000004
0.03125 18.923917986675395
0.0625 18.840717643560222
0.09375 18.747751162227196
0.125 18.642404787341025
0.1875 18.383368193848746
0.25 18.037958665502991
0.375 16.960005882551197
0.5 15.192916579697286
0.625 12.806475123784715
0.75 10.22334174229491
0.8125 9.0092937482634259
0.875 7.9016966049480848
0.9375 6.9193702860182702
0.96875 6.476920436325786
1 6.0664324986890632
1.03125 5.6868783503343492
1.0625 5.3368744360246598
1.125 4.7188621488555329
1.1875 4.1980303114906024
1.25 3.7596630560231881
1.375 3.0766319110845912
1.5 2.5786623415016101
1.75 1.9009081665241521
2 1.437116189755766
3 0.42078454488150674
4 0.11204392551693232
6 0.010378924167189968
8 0.0013633443399674317
16 1.3353243618063892e-06
