0 14
0.03125 13.778786223388826
0.0625 13.535604619762239
0.09375 13.271261903689057
0.125 12.987208849553969
0.1875 12.369196371193206
0.25 11.705615765644659
0.375 10.357116115754467
0.5 9.1336606498736224
0.625 8.1077721527130926
0.75 7.2430514419443259
0.8125 6.846157275651942
0.875 6.4598191011659365
0.9375 6.0767797795808969
0.96875 5.8850064203786729
1 5.6926437597317019
1.03125 5.4996022832051654
1.0625 5.3059569973392131
1.125 4.9178603149097029
1.1875 4.5314473741893808
1.25 4.1509843822647268
1.375 3.4263528291346574
1.5 2.775962951113923
1.75 1.7563773045173559
2 1.0883416008434694
3 0.17607421464796438
4 0.036713722515662572
6 0.0026307405888696539
8 0.00026002376493480805
16 4.7883951803662228e-08
