0 25
0.03125 25.338326472894305
0.0625 25.658652678524032
0.09375 25.951167596862916
0.125 26.206598004447578
0.1875 26.575792650465097
0.25 26.725189464465874
0.375 26.340180496947671
0.5 24.958310255196114
0.625 22.133785331126631
0.75 17.903413559414684
0.8125 15.599299331184493
0.875 13.392692417813921
0.9375 11.394472731950041
0.96875 10.491210494641185
1 9.6546970165976855
1.03125 8.884057054743133
1.0625 8.1767874290782636
1.125 6.9374985574348438
1.1875 5.9030996379609135
1.25 5.0391962937951131
1.375 3.7061579917103455
1.5 2.7551407161723631
1.75 1.5681897816592472
2 0.93287835248207363
3 0.19333008757976528
4 0.0717318126654376
6 0.02054374190296121
8 0.0098231461116116692
16 0.0029634343501560578
