0 27.999999999999989
0.03125 28.435706004791864
0.0625 28.881548345423695
0.09375 29.343781700022806
0.125 29.828568269941695
0.1875 30.884003808351068
0.25 32.052283393267551
0.375 34.233723694659638
0.5 33.891926199325987
0.625 28.408019994463395
0.75 19.9965717883426
0.8125 16.10536882656297
0.875 12.831763963566098
0.9375 10.213972410124702
0.96875 9.1304867648738757
1 8.179715761092103
1.03125 7.3473642310382568
1.0625 6.6194560982494393
1.125 5.4257538979708926
1.1875 4.5084415544447243
1.25 3.797268482905892
1.375 2.7964078848564546
1.5 2.1481078237633633
1.75 1.3867319220531604
2 0.96479814102284678
3 0.31887042598822662
4 0.14855920916298826
6 0.054607728351979079
8 0.025800968644696831
16 0.0019333614869039839
