0 25.000000000000007
0.03125 25.149517010548735
0.0625 25.297778016982722
0.09375 25.451923618825081
0.125 25.618931642819486
0.1875 26.014539934674016
0.25 26.51038769086076
0.375 27.63235334079938
0.5 27.864702062333198
0.625 25.413327680575602
0.75 20.131588413959996
0.8125 17.086728527683526
0.875 14.180177450864264
0.9375 11.597651170662902
0.96875 10.454906074775504
1 9.4143934081316498
1.03125 8.4737193892742759
1.0625 7.6280251894911109
1.125 6.1952147020492863
1.1875 5.0582251452100087
1.25 4.1598385077631237
1.375 2.8873209370838326
1.5 2.0804260009231363
1.75 1.2057706772332188
2 0.79450006942538054
3 0.30390324669055258
4 0.15341059755032144
6 0.037050662544874491
8 0.0093407072011198466
16 6.5634415095827681e-05
