0 14.000000000000002
0.03125 14.154473344102998
0.0625 14.273521140126741
0.09375 14.350411956321205
0.125 14.378671282858233
0.1875 14.26771771948151
0.25 13.912628436653351
0.375 12.514197410078152
0.5 10.54067176393484
0.625 8.5010517579664917
0.75 6.7244011081384469
0.8125 5.9710924340911991
0.875 5.306791074786215
0.9375 4.7245308096946639
0.96875 4.4614432626928613
1 4.2155209125117157
1.03125 3.9856287107305821
1.0625 3.7706677475042936
1.125 3.3813999899453568
1.1875 3.0400373444341739
1.25 2.7398913027016243
1.375 2.2411596124054016
1.5 1.8488574084707781
1.75 1.2855686058041795
2 0.91378057979538452
3 0.260045004941305
4 0.082509475450542547
6 0.012856541479496594
8 0.004500180914746299
16 0.0016625154037494955
