0 18.000000000000004
0.03125 18.02502670052435
0.0625 18.009747054863272
0.09375 17.952669687947477
0.125 17.85258317460168
0.1875 17.520355578469911
0.25 17.011277886044201
0.375 15.495485561919486
0.5 13.467947969973766
0.625 11.227165398921434
0.75 9.0873689118980874
0.8125 8.1228478943755462
0.875 7.2453463862585039
0.9375 6.4574536069228596
0.96875 6.0964040166135991
1 5.756436869752604
1.03125 5.4367243151833557
1.0625 5.1363433124728406
1.125 4.5896305388122336
1.1875 4.1082833480855809
1.25 3.684496482090363
1.375 2.9814224638693299
1.5 2.4315375124117731
1.75 1.6515342535523199
2 1.1471634606876555
3 0.30867572840392737
4 0.10410125963095984
6 0.025578350716476433
8 0.011864487925456274
16 0.0015076465439858022
