0 10
0.03125 10.136302673623106
0.0625 10.247139014205427
0.09375 10.32902531029664
0.125 10.378683551154881
0.1875 10.369941677621965
0.25 10.203440092030066
0.375 9.38671227801626
0.5 8.0519132885950775
0.625 6.4967558618187686
0.75 5.0232668673515803
0.8125 4.3769240943376442
0.875 3.8037233537938944
0.9375 3.3041774371449293
0.96875 3.0808748062187887
1 2.8742186882145249
1.03125 2.6833136079759705
1.0625 2.5072007244511778
1.125 2.195398826712291
1.1875 1.9310078338976353
1.25 1.7067285834717079
1.375 1.3533836701330937
1.5 1.0938730861843391
1.75 0.74995355325203494
2 0.53964383765483404
3 0.18845660762191885
4 0.083752048068627488
6 0.025118008173877035
8 0.0099945183288181333
16 0.00046730632431524199
