0 12
0.03125 11.974563742967828
0.0625 11.921579782412165
0.09375 11.845768085962057
0.125 11.752168481368582
0.1875 11.53217632366062
0.25 11.301066049633658
0.375 10.927883633637256
0.5 10.746014658818352
0.625 10.589873037732564
0.75 10.058013444233227
0.8125 9.5402325347653587
0.875 8.8460900362232024
0.9375 8.0100075099402162
0.96875 7.5559976838428842
1 7.0886253169227071
1.03125 6.6158396850285017
1.0625 6.1450619544558931
1.125 5.2348208188694265
1.1875 4.397680702115685
1.25 3.6560022757442017
1.375 2.4789511672835434
1.5 1.6644180507152799
1.75 0.76135490077975387
2 0.36527534984693855
3 0.030305920573811276
4 0.0037920731764338883
6 9.2635405551169669e-05
8 2.699684983051287e-06
16 2.3318152964080241e-12
