0 18.000000000000007
0.03125 17.743957786992034
0.0625 17.447217504071901
0.09375 17.116876776769892
0.125 16.759522441671745
0.1875 15.985682811013417
0.25 15.159074020645395
0.375 13.411242637692368
0.5 11.586293868955813
0.625 9.7587532896538853
0.75 8.0328033035859967
0.8125 7.2369700551420646
0.875 6.4960788908052107
0.9375 5.8140569391031169
0.96875 5.495633996368241
1 5.1922664969458454
1.03125 4.9038086342060305
1.0625 4.6300194400169108
1.125 4.1250977884440525
1.1875 3.6742217268313895
1.25 3.2734436937166036
1.375 2.6048843862112543
1.5 2.0848072315527295
1.75 1.3682186137330432
2 0.93165482067485661
3 0.28138167852937246
4 0.12962934012994204
6 0.051005705574878005
8 0.025087075202245859
16 0.0034291119033344475
