0 17
0.03125 16.770403948802731
0.0625 16.534903141768471
0.09375 16.293654481870607
0.125 16.046900108584204
0.1875 15.53813269327215
0.25 15.010361859720719
0.375 13.883577904618203
0.5 12.583241962882553
0.625 11.015412461530616
0.75 9.2209491748733363
0.8125 8.2963471505952793
0.875 7.3924573275569081
0.9375 6.5346750718760296
0.96875 6.1291529972928931
1 5.7414811866857605
1.03125 5.3727669227724482
1.0625 5.0236822195533808
1.125 4.385216841821479
1.1875 3.8247605707969456
1.25 3.3374910942764351
1.375 2.5546112652944366
1.5 1.9772573306332384
1.75 1.2356672004016216
2 0.81860274653775023
3 0.25285816925856541
4 0.12418542584214586
6 0.048312442012279286
8 0.021358899518351432
16 0.00090971708474368862
