0 25
0.03125 25.112935903050143
0.0625 25.199986785306166
0.09375 25.259492919632763
0.125 25.289460693722738
0.1875 25.250053208143338
0.25 25.052458344054237
0.375 24.004316003036891
0.5 21.807003300893019
0.625 18.511250925338643
0.75 14.733655000846555
0.8125 12.90665786670677
0.875 11.216121245616192
0.9375 9.6990435430577051
0.96875 9.0103170815808689
1 8.368243438136723
1.03125 7.7717966151007225
1.0625 7.2193244345248466
1.125 6.2376623485408498
1.1875 5.4039084865697333
1.25 4.6976648434857697
1.375 3.5924454630490437
1.5 2.7937227839166412
1.75 1.7746541033732637
2 1.196746304505981
3 0.38536490014826602
4 0.184952091145829
6 0.059226704081608794
8 0.019613588436450002
16 0.00024918098495624319
