0 5.0000000000000009
0.03125 5.0151557447080224
0.0625 5.0184774420544978
0.09375 5.0093786854173858
0.125 4.9874158643197033
0.1875 4.9040139165201238
0.25 4.7685531733629274
0.375 4.3592472502279023
0.5 3.8207985734723535
0.625 3.2329247713563709
0.75 2.6634905993887816
0.8125 2.3997315658543661
0.875 2.1540603143994299
0.9375 1.9278505071214915
0.96875 1.822188567624345
1 1.7214651742836193
1.03125 1.6256142259871942
1.0625 1.5345394567812201
1.125 1.3662193298818777
1.1875 1.2153495551535265
1.25 1.0806136999254872
1.375 0.8540367926261434
1.5 0.67577613974646822
1.75 0.42729277039166103
2 0.276070754089418
3 0.06841286422186986
4 0.030625353686962842
6 0.011656587126229231
8 0.0046908617036625529
16 0.00010206114496159532
