0 20
0.03125 20.16074343849613
0.0625 20.303757706066172
0.09375 20.419747002240975
0.125 20.499104817542189
0.1875 20.510838749380163
0.25 20.275853643940302
0.375 18.978562180650272
0.5 16.83237383898674
0.625 14.41333733672842
0.75 12.133603835282155
0.8125 11.085666788237962
0.875 10.095250620278902
0.9375 9.1561363257301949
0.96875 8.7044880109814873
1 8.2645283281378905
1.03125 7.8363591270637905
1.0625 7.4202761634805956
1.125 6.6262229881572408
1.1875 5.8866551408009506
1.25 5.2056829430649225
1.375 4.0285788241855283
1.5 3.0936200653089547
1.75 1.8299295519469261
2 1.1171574604816645
3 0.23765547147178281
4 0.077516970409226532
6 0.011219196295314371
8 0.001743451831545062
16 1.4558467020808763e-06
