0 12.000000000000002
0.03125 11.769522742961085
0.0625 11.546499087054668
0.09375 11.328152536700941
0.125 11.111648537988495
0.1875 10.672695369127036
0.25 10.207151974631847
0.375 9.1243733048986773
0.5 7.8052691202126443
0.625 6.3538648407674714
0.75 4.9595685198638169
0.8125 4.3337812847595627
0.875 3.770253940777355
0.9375 3.2724497672789332
0.96875 3.0479874790175923
1 2.8392723384672438
1.03125 2.6457027177364933
1.0625 2.4665720355387726
1.125 2.1484783515740813
1.1875 1.8784188006366058
1.25 1.6498123323434077
1.375 1.2929040701807926
1.5 1.0363018077084893
1.75 0.71069105401639188
2 0.52408628035393312
3 0.2273763349261117
4 0.12538616402982425
6 0.049694864339411768
8 0.02406291512037894
16 0.0025738876285164858
