0 15.000000000000005
0.03125 15.347726151153873
0.0625 15.693007878356337
0.09375 16.029268120687142
0.125 16.347302905429189
0.1875 16.879435338712486
0.25 17.174797670908795
0.375 16.64819883442274
0.5 14.602493289467423
0.625 11.919175903910933
0.75 9.522925249303352
0.8125 8.5435972940112812
0.875 7.700238245311108
0.9375 6.9667106710826445
0.96875 6.6323164604874885
1 6.3152089195319716
1.03125 6.0126455402808414
1.0625 5.7223361878453884
1.125 5.1716302687195554
1.1875 4.6536447097319087
1.25 4.1646171694544183
1.375 3.2754069410549236
1.5 2.5185591689546833
1.75 1.4235740782806006
2 0.78930625994513604
3 0.097204610156347515
4 0.020105330195781201
6 0.0016935294865661754
8 0.00017729809595901092
16 2.5132295328189613e-08
