0 14.000000000000004
0.03125 13.93562455998905
0.0625 13.830871201400834
0.09375 13.691861668018937
0.125 13.525160912588374
0.1875 13.13547961010075
0.25 12.712823220085541
0.375 11.91833950140469
0.5 11.252658418750885
0.625 10.506080326589203
0.75 9.3587410276389669
0.8125 8.6005882965395273
0.875 7.751943681638056
0.9375 6.8591769837372141
0.96875 6.4118685651243092
1 5.9716244255719646
1.03125 5.5433460620840851
1.0625 5.1310768148949366
1.125 4.3662325448901083
1.1875 3.6919986764834745
1.25 3.11188440382886
1.375 2.212171252352586
1.5 1.593268408189386
1.75 0.88455797816130299
2 0.54026206038074254
3 0.13225895195872195
4 0.04786664548582957
6 0.012153640323868731
8 0.0053234709827042759
16 0.00097151789914649844
