0 20.000000000000004
0.03125 20.116780025003884
0.0625 20.244794691593224
0.09375 20.385195038030361
0.125 20.538197142377015
0.1875 20.874194204485274
0.25 21.209762008130546
0.375 21.432706477074269
0.5 20.039110832634368
0.625 16.662377622782138
0.75 12.514117432240749
0.8125 10.607166963513734
0.875 8.9412517308481956
0.9375 7.5380997470291469
0.96875 6.9313535969847324
1 6.3831147305770388
1.03125 5.889011578833907
1.0625 5.4444254500906659
1.125 4.6854536500020014
1.1875 4.0716127107952946
1.25 3.573085330370231
1.375 2.8291694268459966
1.5 2.3131234086139352
1.75 1.6554556471117361
2 1.2452178275546646
3 0.39883476683927965
4 0.10740399983804544
6 0.0075012925293125865
8 0.00061061707658224829
16 6.4499477953061657e-08
