0 23
0.03125 22.933496083620359
0.0625 22.896073402015141
0.09375 22.880833356353875
0.125 22.879098514516389
0.1875 22.875517260723651
0.25 22.800879345191166
0.375 22.174462678368538
0.5 20.833154275944644
0.625 19.086570920207507
0.75 17.150664761357614
0.8125 16.060542913366923
0.875 14.840279884415542
0.9375 13.480295662467288
0.96875 12.755461033956989
1 12.009406693101084
1.03125 11.250737514361301
1.0625 10.488920458395691
1.125 8.9937747633904461
1.1875 7.5918940261727972
1.25 6.330826432693291
1.375 4.3051809285117288
1.5 2.9003254816081614
1.75 1.3618361032506363
2 0.69824581209039915
3 0.11198979998169351
4 0.041253906665845996
6 0.014783762766293285
8 0.0079689611433073071
16 0.0012720951355376098
