0 10.000000000000002
0.03125 9.8998461104276654
0.0625 9.7717866856447095
0.09375 9.6177094298357773
0.125 9.4397482882086425
0.1875 9.0216842603968566
0.25 8.5377798904344022
0.375 7.4537890811089529
0.5 6.3302192111365905
0.625 5.2635325766577274
0.75 4.3070382446214941
0.8125 3.8782454941761388
0.875 3.4839872274434422
0.9375 3.1241428107843023
0.96875 2.9568667620928495
1 2.7978012001902837
1.03125 2.6467395712405328
1.0625 2.503448788927273
1.125 2.2391453127362455
1.1875 2.0026826228457377
1.25 1.7917205193248131
1.375 1.4369057598751731
1.5 1.156832787668618
1.75 0.7614126579348377
2 0.51299787788542184
3 0.13724412017422921
4 0.05778768181517014
6 0.02653962053407205
8 0.017558134779445074
16 0.002854385089879917
