0 21
0.03125 20.832123251637185
0.0625 20.637097144535353
0.09375 20.415857639127786
0.125 20.168214365667296
0.1875 19.587436889743412
0.25 18.874672948765468
0.375 16.976650626877003
0.5 14.505941758577427
0.625 11.81903821276636
0.75 9.33667800443156
0.8125 8.2534051018203112
0.875 7.290110460358072
0.9375 6.4448617176689673
0.96875 6.0641795744956202
1 5.7097477643947734
1.03125 5.3801237723389113
1.0625 5.073807874537569
1.125 4.525066983359423
1.1875 4.0517903748905795
1.25 3.6431611360926093
1.375 2.982708084836136
1.5 2.4817893521139069
1.75 1.7934433228225535
2 1.3572123288618694
3 0.56543958035240338
4 0.25395754282074112
6 0.046361418107176616
8 0.0090901817405487639
16 4.3587903287845009e-05
