0 28.000000000000011
0.03125 27.652470738534468
0.0625 27.311841878488625
0.09375 26.975206450727931
0.125 26.638520878100778
0.1875 25.946106303729625
0.25 25.197463303956056
0.375 23.43789435878633
0.5 21.364307960172184
0.625 19.213082611401294
0.75 17.145521860130494
0.8125 16.109731367730618
0.875 15.026737310774825
0.9375 13.868824585732916
0.96875 13.259016821917939
1 12.63061291202912
1.03125 11.987177841629967
1.0625 11.333630214410315
1.125 10.020182187429221
1.1875 8.740586802360621
1.25 7.5402744920167732
1.375 5.4910771232643505
1.5 3.957667175577531
1.75 2.1187357258984751
2 1.2277956065480371
3 0.2551751336619687
4 0.084750973043452582
6 0.017875597045533986
8 0.007005223224551882
16 0.0016672336529056087
