0 10
0.03125 9.811469239998539
0.0625 9.6010233480397424
0.09375 9.3725470712163794
0.125 9.1297566895840951
0.1875 8.6147377133307526
0.25 8.0795644119350118
0.375 7.0147269527115066
0.5 6.0196859868754666
0.625 5.127150954065133
0.75 4.345917389931155
0.8125 3.9967542366283446
0.875 3.6742271886022158
0.9375 3.3771870987775596
0.96875 3.2377978744356879
1 3.104244614858704
1.03125 2.9763283406711714
1.0625 2.8538445340603507
1.125 2.6243422772908609
1.1875 2.4140745778069639
1.25 2.2214179947465298
1.375 1.8828857520633406
1.5 1.5978089719167035
1.75 1.1538010300017851
2 0.83619114645735049
3 0.24451153913868046
4 0.07897382397447486
6 0.0098083090458545505
8 0.0013807439170387334
16 8.4110102165080303e-07
