0 18
0.03125 17.932997460162415
0.0625 17.869701170860861
0.09375 17.809160130661098
0.125 17.75072639278574
0.1875 17.639315237724922
0.25 17.536200963932639
0.375 17.34584528451872
0.5 17.000851397646343
0.625 15.994024474049375
0.75 13.921392567155156
0.8125 12.557771649556399
0.875 11.102070963766913
0.9375 9.6580773130993904
0.96875 8.9670240879647043
1 8.3067663011278192
1.03125 7.68231524933105
1.0625 7.0967787479526159
1.125 6.0470032326339132
1.1875 5.15504579729404
1.25 4.4063297273749127
1.375 3.2593289606784799
1.5 2.4542658398167423
1.75 1.4502607135691521
2 0.88456185273522459
3 0.14457885097165918
4 0.031500330152841149
6 0.0026995175501457747
8 0.00031483980874472128
16 8.7995824016307012e-08
