0 26.000000000000004
0.03125 25.707314905053813
0.0625 25.396696299621897
0.09375 25.068108052305565
0.125 24.72199423217835
0.1875 23.981311806282548
0.25 23.187229716049259
0.375 21.516945203403445
0.5 19.886526290217393
0.625 18.406564440569866
0.75 16.975268664896216
0.8125 16.182288406453075
0.875 15.281866182017756
0.9375 14.252159893109935
0.96875 13.689514154809336
1 13.099010043972708
1.03125 12.485612336022154
1.0625 11.855435274341573
1.125 10.572322230669608
1.1875 9.3050606126094184
1.25 8.1017917796976384
1.375 6.0085140018643877
1.5 4.3959625946368748
1.75 2.3748685120192774
2 1.344978616354908
3 0.21423865020393668
4 0.047285834907711599
6 0.0030361219685255403
8 0.0002232037618447591
16 9.3376749110696267e-09
