0 6
0.03125 5.9869793452879154
0.0625 5.9716899738012144
0.09375 5.9565528401661894
0.125 5.9437375499508054
0.1875 5.931737168681547
0.25 5.9434944339960376
0.375 6.0163579360509463
0.5 6.018183032721188
0.625 5.7351483124124787
0.75 5.0677791343102623
0.8125 4.6175826656815753
0.875 4.1249602906595193
0.9375 3.6195429549124376
0.96875 3.370389328035448
1 3.1273003342699024
1.03125 2.8924775883425058
1.0625 2.667654419790884
1.125 2.2527271826118587
1.1875 1.8881100046384818
1.25 1.5743864586818155
1.375 1.0866705066871232
1.5 0.75080606508715531
1.75 0.3721307241307793
2 0.19932737090162278
3 0.03164570145374207
4 0.007398654347696116
6 0.00045152702427495375
8 2.7750797341578176e-05
16 3.9591538381067437e-10
