0 13.000000000000004
0.03125 13.436853859280175
0.0625 13.927451406364092
0.09375 14.472457924840693
0.125 15.070590435434429
0.1875 16.407070935986418
0.25 17.858776867603762
0.375 20.376919976947892
0.5 20.519410889421266
0.625 17.098589004120004
0.75 11.927908588908343
0.8125 9.5181098044161256
0.875 7.4641973830244686
0.9375 5.8004985175830068
0.96875 5.1066816398732282
1 4.4959753572715195
1.03125 3.9605704324314979
1.0625 3.492511130901113
1.125 2.7280757398710866
1.1875 2.1475240630096986
1.25 1.705983755939805
1.375 1.1092736313452263
1.5 0.75120441157203455
1.75 0.38583652100557708
2 0.22518703419328995
3 0.058563719577959555
4 0.029313872785515449
6 0.012413852270257097
8 0.0056344814584301239
16 0.00019706227566257395
