0 23.999999999999996
0.03125 23.912189267907664
0.0625 23.781871079112285
0.09375 23.614467244709374
0.125 23.416790212096071
0.1875 22.962994093574796
0.25 22.48898775339125
0.375 21.692067674503118
0.5 21.033433980565391
0.625 19.744026142152912
0.75 17.078940119461034
0.8125 15.307473031712391
0.875 13.420327429162068
0.9375 11.560477405174591
0.96875 10.675955388162555
1 9.8345293139320376
1.03125 9.0421622376155462
1.0625 8.3022773581869345
1.125 6.9835985839553878
1.1875 5.8718509995684158
1.25 4.9463807063315155
1.375 3.5508073851364927
1.5 2.6026867128893589
1.75 1.5038444108454654
2 0.95913259052783006
3 0.32747164299730097
4 0.16543811859739616
6 0.039171610159124459
8 0.0091441176909651811
16 5.0546059969014401e-05
