0 28.000000000000004
0.03125 27.596309884825537
0.0625 27.211373643648411
0.09375 26.847407800638198
0.125 26.507040336894015
0.1875 25.909210049176032
0.25 25.441213535257909
0.375 24.904312109433384
0.5 24.478494894281319
0.625 23.014088970731692
0.75 19.714951721882667
0.8125 17.556603988910162
0.875 15.300177999832988
0.9375 13.116069268928179
0.96875 12.089681956818913
1 11.119961585688657
1.03125 10.212250477056461
1.0625 9.3690632008051935
1.125 7.8756848422519337
1.1875 6.6247709467621041
1.25 5.5881897582807936
1.375 4.0314530333516219
1.5 2.9765023122829932
1.75 1.7504439278032837
2 1.1321528296141987
3 0.3623441329079462
4 0.16230914304608007
6 0.036019760380085586
8 0.0090639157144999927
16 0.00082182105520400839
