0 7.0000000000000009
0.03125 6.9462441603112905
0.0625 6.8798842759079033
0.09375 6.801539860821376
0.125 6.7117235717161012
0.1875 6.4993043741169831
0.25 6.2454939144341965
0.375 5.6274473374189222
0.5 4.9015374427706506
0.625 4.1376809531047973
0.75 3.4099507362170915
0.8125 3.0772449644232625
0.875 2.7707827819663291
0.9375 2.4922714643707997
0.96875 2.3635959408365745
1 2.2418665420980042
1.03125 2.1269247203188155
1.0625 2.0185636877946296
1.125 1.8205795926289601
1.1875 1.6456796431706955
1.25 1.4914350607581088
1.375 1.2352799933488581
1.5 1.0344113783185835
1.75 0.74492990680906013
2 0.54823615139186921
3 0.1655583109505368
4 0.048900839174533556
6 0.0044496511072463739
8 0.00043660920698689043
16 5.522991040202152e-08
