0 5.0000000000000009
0.03125 4.7884974324040774
0.0625 4.5806971266134733
0.09375 4.3793054817454253
0.125 4.1862686701711613
0.1875 3.8296937489719505
0.25 3.514516183381962
0.375 2.9944621018255217
0.5 2.5787882941448856
0.625 2.2224215656203943
0.75 1.9014273438999392
0.8125 1.7518303920070335
0.875 1.6096224236075547
0.9375 1.4752516355797232
0.96875 1.4111579907852565
1 1.349198184516502
1.03125 1.2894158818442352
1.0625 1.2318438459997827
1.125 1.1234017543621329
1.1875 1.02389238600445
1.25 0.93315127205463411
1.375 0.77655972717749411
1.5 0.64979073973460166
1.75 0.46692393039080388
2 0.34939779146774996
3 0.14490871383001355
4 0.068073059986979365
6 0.014787235865438786
8 0.0032441899685597096
16 8.9008269623840411e-06
