0 17.000000000000004
0.03125 16.676161048177338
0.0625 16.349178867430279
0.09375 16.023429691053462
0.125 15.703253135166365
0.1875 15.09589015552257
0.25 14.554683459235576
0.375 13.712088755890372
0.5 13.062453389048098
0.625 12.231937632617168
0.75 10.882772608346135
0.8125 10.006392230249569
0.875 9.0432107407991289
0.9375 8.0453958028404688
0.96875 7.5495803773896757
1 7.0633049671028578
1.03125 6.5911639707867398
1.0625 6.1368478624096223
1.125 5.292005538251245
1.1875 4.5414959508751744
1.25 3.8876726885784105
1.375 2.8480164748663932
1.5 2.1028394821440823
1.75 1.1975918141778625
2 0.72995232600518367
3 0.17631645500984902
4 0.070973141794050509
6 0.021879679206489575
8 0.010674679013337657
16 0.0022508765272336168
