0 11.999999999999996
0.03125 12.3360805232307
0.0625 12.658434207517889
0.09375 12.95717441075924
0.125 13.221345549023814
0.1875 13.599855695179551
0.25 13.70728765495897
0.375 12.920941879783239
0.5 10.994088706394937
0.625 8.6324507466674838
0.75 6.4716853719381175
0.8125 5.5600289544085149
0.875 4.7701149860328798
0.9375 4.0949560649362695
0.96875 3.796807087489054
1 3.5227374017473472
1.03125 3.2710450111551848
1.0625 3.0400505076033597
1.125 2.6337334931201077
1.1875 2.2917761803413734
1.25 2.003664550199951
1.375 1.5544922753045598
1.5 1.2304943615741391
1.75 0.81661325178511213
2 0.57938345865676544
3 0.21941700455252255
4 0.10657777374969936
6 0.028729779425238827
8 0.0084491765657204038
16 0.00012902249080137818
