0 25
0.03125 24.871003236886988
0.0625 24.72406521781453
0.09375 24.55520100171756
0.125 24.359710195413676
0.1875 23.868346299400088
0.25 23.210951848403788
0.375 21.313768564482221
0.5 18.739104112523702
0.625 15.858086020948363
0.75 13.070323888405934
0.8125 11.795647162810853
0.875 10.623188093257886
0.9375 9.5586707864820948
0.96875 9.0668237955875899
1 8.6012406674601429
1.03125 8.1611166341889412
1.0625 7.7454737064787205
1.125 6.9831321993391073
1.1875 6.3045916589302777
1.25 5.6999168111847283
1.375 4.6750426662920059
1.5 3.8443385519359405
1.75 2.5952425371091428
2 1.7364588048957126
3 0.36765936531878746
4 0.10688362503840121
6 0.015711819962259677
8 0.0033292097183360014
16 0.00060776610599105885
