0 6.9999999999999991
0.03125 6.9416058763696018
0.0625 6.8594016526144275
0.09375 6.7562375025586157
0.125 6.6352151918106559
0.1875 6.3523456960939395
0.25 6.0351168496520131
0.375 5.3728524300538076
0.5 4.740838304387192
0.625 4.1557833330472942
0.75 3.6028664393683041
0.8125 3.3345157553956968
0.875 3.0714785092599994
0.9375 2.8149204369811724
0.96875 2.6896182183142341
1 2.566638477535883
1.03125 2.4462433833882042
1.0625 2.3286897842436578
1.125 2.1030577373060177
1.1875 1.891403518896337
1.25 1.6949191768025751
1.375 1.3496351446579566
1.5 1.0669436893874353
1.75 0.66360144589938186
2 0.41864740483536056
3 0.09319280795486784
4 0.036307945529166691
6 0.013126664444918827
8 0.0061934111800111859
16 0.00028749959060565128
