0 30.000000000000011
0.03125 30.143591065359892
0.0625 30.255794641238964
0.09375 30.332082440591631
0.125 30.366181661021095
0.1875 30.273831783988808
0.25 29.896570398994797
0.375 27.950876809577981
0.5 24.291263963462534
0.625 19.678021991047856
0.75 15.248750816275836
0.8125 13.329312239834
0.875 11.645057714599393
0.9375 10.189810560500783
0.96875 9.5420270019730342
1 8.9432847506731861
1.03125 8.3901997623170743
1.0625 7.8793614860639583
1.125 6.9711981431548127
1.1875 6.1939384658186727
1.25 5.5258706734129106
1.375 4.4472941801721833
1.5 3.6250164649043555
1.75 2.4826707524722842
2 1.7598174214080049
3 0.58868295425430495
4 0.24277137954997408
6 0.046765264706692955
8 0.011371955859023786
16 0.0014254092041683375
