0 20.999999999999996
0.03125 20.970975590154215
0.0625 20.948906353295584
0.09375 20.933524369185808
0.125 20.925501778700102
0.1875 20.939859769398264
0.25 21.017702290412537
0.375 21.445336213773636
0.5 21.863086117565491
0.625 20.803200534313202
0.75 17.257700361367366
0.8125 14.90220020516564
0.875 12.524732737085476
0.9375 10.338256544175644
0.96875 9.3551153925458674
1 8.4540544412626932
1.03125 7.6359572353559075
1.0625 6.8985786500277904
1.125 5.6473098319641464
1.1875 4.6539523268747693
1.25 3.8685383593206462
1.375 2.74970458419644
1.5 2.0253807298973969
1.75 1.1931406801549649
2 0.75557150751713176
3 0.17555994755199206
4 0.06220587033853836
6 0.017706008776323501
8 0.0084536141990775304
16 0.0017872156408300921
