0 14.000000000000002
0.03125 13.992374191456774
0.0625 13.967000371405941
0.09375 13.920602795858791
0.125 13.848952966589483
0.1875 13.610411060952844
0.25 13.213902144761358
0.375 11.877339195968556
0.5 9.9703774807366923
0.625 7.9312472534165073
0.75 6.1489155866690135
0.8125 5.4095462789889375
0.875 4.7738908214948115
0.9375 4.2339884323684309
0.96875 3.9964338716662251
1 3.7784091818537737
1.03125 3.5783458627385238
1.0625 3.39471000503596
1.125 3.0709112443299342
1.1875 2.7962501507947506
1.25 2.561466924586949
1.375 2.1819727687827437
1.5 1.8862427800815285
1.75 1.4395934025948975
2 1.1007578173283694
3 0.33446404538174945
4 0.10440908847667189
6 0.020092706481861719
8 0.0072639626484167497
16 0.00033385714787201315
