0 17.999999999999996
0.03125 17.903896827500191
0.0625 17.766614999024878
0.09375 17.587843681015396
0.125 17.367083929813489
0.1875 16.798384270890395
0.25 16.063257020442524
0.375 14.167299724213771
0.5 11.946810366069789
0.625 9.7464862982926377
0.75 7.8157600161162772
0.8125 6.9855474768395114
0.875 6.2467024291667101
0.9375 5.5936329803125835
0.96875 5.2967558046109033
1 5.0181411923369685
1.03125 4.7566238784439037
1.0625 4.5110491987375605
1.125 4.0632914213180307
1.1875 3.6665527991173774
1.25 3.3135676676485959
1.375 2.7153317019271492
1.5 2.2312492794728525
1.75 1.5127550357705803
2 1.0318231551550823
3 0.26604768216328706
4 0.10163245407580333
6 0.033876642654196848
8 0.017615287822475276
16 0.003227350331408585
