0 9.9999999999999982
0.03125 10.439951887394072
0.0625 10.863727964873009
0.09375 11.257333153845535
0.125 11.605166481826219
0.1875 12.099155041451953
0.25 12.232124953277079
0.375 11.263252203965488
0.5 9.1496920986897781
0.625 6.8975843750179209
0.75 5.1055008086906035
0.8125 4.4159377528894916
0.875 3.8449898364701314
0.9375 3.3719978357449443
0.96875 3.1659824353821771
1 2.9772877668147388
1.03125 2.8039289704258779
1.0625 2.6441410313922269
1.125 2.3592691455853396
1.1875 2.1125420127584893
1.25 1.8964285738326023
1.375 1.5353711695816923
1.5 1.2469440620365475
1.75 0.82599566137196212
2 0.55126752319019601
3 0.12910649991855622
4 0.042627656619758349
6 0.01204773587738972
8 0.0067105987687302165
16 0.0013948279102059605
