0 28
0.03125 27.932042172081214
0.0625 27.828958506117761
0.09375 27.686427579549321
0.125 27.500082325349137
0.1875 26.980455860456168
0.25 26.247397871432778
0.375 24.138683521640647
0.5 21.331618544311581
0.625 18.147299844707586
0.75 14.962629708558731
0.8125 13.478107819652855
0.875 12.106090250059088
0.9375 10.862423577366096
0.96875 10.290592050460603
1 9.7519033264269233
1.03125 9.2456277018261481
1.0625 8.7706797923801592
1.125 7.9091732949531108
1.1875 7.1547418686609072
1.25 6.4937222472360219
1.375 5.3996639819775627
1.5 4.5352492789823069
1.75 3.2434219415131613
2 2.3029136151596203
3 0.47775609092710097
4 0.099229740048290049
6 0.007132316834121688
8 0.00077240911901216291
16 2.9915291577253811e-07
