0 25.000000000000004
0.03125 25.130342542375129
0.0625 25.201626208551097
0.09375 25.205287296747588
0.125 25.134007128767042
0.1875 24.747167834796997
0.25 24.027139938169682
0.375 21.728825351584717
0.5 18.746164909642584
0.625 15.606314783955137
0.75 12.635932649010812
0.8125 11.274820099444685
0.875 10.017256930426164
0.9375 8.872339600399437
0.96875 8.3434629553813888
1 7.8436859629278768
1.03125 7.3726611900964008
1.0625 6.9297762366770135
1.125 6.1248943018403548
1.1875 5.4204092554923449
1.25 4.8060831645883555
1.375 3.8052792564457096
1.5 3.043157553627247
1.75 1.9980575569456025
2 1.3480514201900187
3 0.359701058909633
4 0.14986774112490703
6 0.057952440366248359
8 0.031055744794029727
16 0.0026679845505084843
