0 28.000000000000004
0.03125 28.147255334579587
0.0625 28.281529925173835
0.09375 28.399116755129853
0.125 28.495870799838531
0.1875 28.607791452408922
0.25 28.572906989704837
0.375 27.830108757990853
0.5 25.790936287182685
0.625 22.368880689152672
0.75 18.194002048728059
0.8125 16.102969530530718
0.875 14.123060360910298
0.9375 12.301598756434267
0.96875 11.457877234785684
1 10.660377778461736
1.03125 9.9091324854651539
1.0625 9.2035231133117072
1.125 7.924474545612636
1.1875 6.8109253096267643
1.25 5.8478915289603934
1.375 4.3100017676686759
1.5 3.1887624567615886
1.75 1.7936770371540456
2 1.0631617533723765
3 0.23169396858688962
4 0.09539719184089801
6 0.034614284351903502
8 0.017317014412738085
16 0.0027999129366887421
