0 13.999999999999998
0.03125 13.745311416486821
0.0625 13.451858731045322
0.09375 13.124851402693405
0.125 12.769846485023761
0.1875 11.998497624206806
0.25 11.181315429037845
0.375 9.55077332080198
0.5 8.0714495100625534
0.625 6.8060706052811444
0.75 5.7363710871449172
0.8125 5.2608825073716909
0.875 4.8178406565258998
0.9375 4.4033017825254195
0.96875 4.2058504045759824
1 4.0146338273366071
1.03125 3.8295007823062339
1.0625 3.6503526283484558
1.125 3.3098112137308542
1.1875 2.9928458136240446
1.25 2.699455255374072
1.375 2.1828394300311009
1.5 1.7561898105543234
1.75 1.1368770968869744
2 0.75146730348032931
3 0.21104720070420466
4 0.0991517083632419
6 0.044124851648672525
8 0.026183478992525072
16 0.002683768649343124
