0 7
0.03125 6.8994058899125221
0.0625 6.7735820877461386
0.09375 6.6250776607002528
0.125 6.4568577586060512
0.1875 6.074366988864015
0.25 5.6527847490191592
0.375 4.7865142521497805
0.5 3.9933466418627872
0.625 3.323827969238081
0.75 2.7747386881471359
0.8125 2.5385523399161474
0.875 2.3239735436735045
0.9375 2.128396521785394
0.96875 2.037031019063599
1 1.9496235706882445
1.03125 1.8659604727218924
1.0625 1.7858489639614681
1.125 1.6356006687613263
1.1875 1.4976689976981563
1.25 1.3710389583148472
1.375 1.1482750262721626
1.5 0.96129266827631155
1.75 0.67454724512619113
2 0.47583641042075808
3 0.12836987865847244
4 0.040406026375672088
6 0.0071838562794093383
8 0.002971334436515918
16 0.0013675279706051174
