0 22.999999999999996
0.03125 23.215585793471313
0.0625 23.385207616299994
0.09375 23.507692768755383
0.125 23.581371006033979
0.1875 23.572947280316846
0.25 23.336879086330221
0.375 22.081431397118543
0.5 19.716309730424907
0.625 16.487300225880091
0.75 13.002322906939073
0.8125 11.366099209860506
0.875 9.8737645143092667
0.9375 8.5505664349411319
0.96875 7.9547177090541403
1 7.4019964569300196
1.03125 6.89100351610114
1.0625 6.4198609557183657
1.125 5.5881236107709844
1.1875 4.8874288269252864
1.25 4.2980965218628091
1.375 3.3825125808793617
1.5 2.7221716387244346
1.75 1.8612391526526504
2 1.3349929330792887
3 0.41442679431570084
4 0.13760437300332543
6 0.018199890832257121
8 0.0034534083517288594
16 0.00053896873091702213
