0 24.999999999999996
0.03125 25.211062967680633
0.0625 25.402580627687289
0.09375 25.577858594577805
0.125 25.740052837310635
0.1875 26.035124836037706
0.25 26.296693063968878
0.375 26.597766914092713
0.5 25.925461958508269
0.625 23.184890942844675
0.75 18.451818866198145
0.8125 15.833699285909542
0.875 13.345791264621761
0.9375 11.12593708577273
0.96875 10.137117576410443
1 9.2316908249942813
1.03125 8.4079596870308357
1.0625 7.6622759704125514
1.125 6.3847464199898374
1.1875 5.3539120718190807
1.25 4.5241232711281931
1.375 3.3121986709878692
1.5 2.5047962444043113
1.75 1.5525348977142099
2 1.038030894653585
3 0.28601575194040585
4 0.098797141390561227
6 0.018856317199685557
8 0.005775778725693459
16 0.0011626872363281193
