0 15.000000000000004
0.03125 15.047400467398731
0.0625 15.049317870212645
0.09375 15.006442426212109
0.125 14.919578509632705
0.1875 14.617794420324367
0.25 14.154486690195274
0.375 12.822925813842449
0.5 11.166747381883281
0.625 9.4667380567971744
0.75 7.8987878948611954
0.8125 7.1834684441479792
0.875 6.5146497872827043
0.9375 5.8911487851841047
0.96875 5.5960574107193448
1 5.3119558604104604
1.03125 5.0387945262756491
1.0625 4.7765430163323028
1.125 4.2846693954436228
1.1875 3.8360064284101369
1.25 3.4298044898226463
1.375 2.7387092447496078
1.5 2.193448437516865
1.75 1.4431852448920592
2 0.99333161506604084
3 0.2988907787637754
4 0.1005207348503156
6 0.012044058838214855
8 0.001596740072112357
16 8.28994678458983e-07
