0 23
0.03125 22.446105508351192
0.0625 21.904342727398365
0.09375 21.36879899214987
0.125 20.834988535124065
0.1875 19.761192906310864
0.25 18.670832654052262
0.375 16.448235184257317
0.5 14.22760028035248
0.625 12.091494344703372
0.75 10.118399473599515
0.8125 9.2127657268210328
0.875 8.3678668866673878
0.9375 7.5860527317824467
0.96875 7.2189726820799933
1 6.8676439287250401
1.03125 6.5318493542686085
1.0625 6.2112948959994432
1.125 5.6144260574728335
1.1875 5.0736393912630051
1.25 4.585068059241471
1.375 3.7482842130283278
1.5 3.0720750028354189
1.75 2.0884475680577652
2 1.4487098451825104
3 0.41599073494130034
4 0.15855046979185883
6 0.039051754165871894
8 0.015057242151864908
16 0.0029077881330136779
