0 13.999999999999998
0.03125 14.013359921846906
0.0625 14.061420721025886
0.09375 14.1413182643754
0.125 14.250009195261747
0.1875 14.538131711715133
0.25 14.881903559760115
0.375 15.428198849522923
0.5 15.100257981330547
0.625 13.386939744700552
0.75 10.680616226094793
0.8125 9.2387850533885718
0.875 7.8705305224159847
0.9375 6.6342849723877659
0.96875 6.0749633797543181
1 5.5565183641100555
1.03125 5.0786913137049057
1.0625 4.6403597658525841
1.125 3.8748351008086162
1.1875 3.2421698050089809
1.25 2.7226038298596773
1.375 1.9487697471592638
1.5 1.4279787192660003
1.75 0.82430788510731345
2 0.51688869096705281
3 0.12326700177845332
4 0.041416854933787869
6 0.012175354505635991
8 0.0069412622376267968
16 0.00090735559771101815
