0 16.000000000000004
0.03125 16.007832210768299
0.0625 16.003085190654165
0.09375 15.977627757473813
0.125 15.923888931350319
0.1875 15.70639210201152
0.25 15.314418458781121
0.375 13.990323730543125
0.5 12.131072946083499
0.625 10.083590572078183
0.75 8.1421535186892289
0.8125 7.2652698932257254
0.875 6.4634396206024185
0.9375 5.7386857722187159
0.96875 5.4047669201727642
1 5.0892408447901945
1.03125 4.7915276663136463
1.0625 4.510968876041157
1.125 3.9984347525890236
1.1875 3.5456496530803614
1.25 3.146555817251548
1.375 2.4864913648450022
1.5 1.9765872079797557
1.75 1.2776233808733695
2 0.85508007129632735
3 0.24122652634927347
4 0.099535036901419377
6 0.028012684190686352
8 0.010833437192248205
16 0.0015994377315977498
