0 18.999999999999996
0.03125 18.937755287754207
0.0625 18.830590670670684
0.09375 18.681577360691861
0.125 18.494710488318614
0.1875 18.025089017162617
0.25 17.453990462804388
0.375 16.072518844977495
0.5 14.360763523425112
0.625 12.323412706497876
0.75 10.145151066272225
0.8125 9.0903454615855104
0.875 8.0977066025258537
0.9375 7.1852359282261737
0.96875 6.7620759958064589
1 6.3615475119087286
1.03125 5.9835750626957527
1.0625 5.627767497384208
1.125 4.9799335912022338
1.1875 4.4111701726615973
1.25 3.9133302988359886
1.375 3.0974985703078119
1.5 2.4725030115512072
1.75 1.6166894372870442
2 1.092784241334279
3 0.30155632927524134
4 0.11550107415260966
6 0.030045114697356573
8 0.011950635314713937
16 0.0017902215384494324
