0 23.999999999999993
0.03125 23.947479644801987
0.0625 23.878325275057449
0.09375 23.796093022062454
0.125 23.702328368723158
0.1875 23.475003937836387
0.25 23.163760262151456
0.375 22.043452007516155
0.5 19.940964031193243
0.625 17.000020098525017
0.75 13.823266750322054
0.8125 12.320830205955582
0.875 10.928249163712763
0.9375 9.6611411569359333
0.96875 9.0759280075742446
1 8.5225284000472374
1.03125 8.0001851007411471
1.0625 7.5079095495508898
1.125 6.6089054300636834
1.1875 5.815532925490948
1.25 5.1174768822762111
1.375 3.9679180672755816
1.5 3.0881369766449209
1.75 1.9078622241302525
2 1.2229578291280283
3 0.30988179046027092
4 0.11892895161276468
6 0.027370089683916465
8 0.0089324720596192231
16 0.001081576045571242
