0 24.000000000000004
0.03125 24.252055440832365
0.0625 24.471632775269139
0.09375 24.657461013324259
0.125 24.809631912758437
0.1875 25.018316114766627
0.25 25.111220224744692
0.375 24.926961790989893
0.5 23.806822110747348
0.625 20.96044161258159
0.75 16.568466310651115
0.8125 14.208213473822221
0.875 11.97458043400038
0.9375 9.9758118042468933
0.96875 9.0809339314104847
1 8.2580359846147555
1.03125 7.5059446333545949
1.0625 6.8219093036698224
1.125 5.6421833356505715
1.1875 4.6828703803193221
1.25 3.9065493585439803
1.375 2.7711186712640838
1.5 2.0227180091299832
1.75 1.1778143090203166
2 0.76656650355274247
3 0.29265308203114909
4 0.18380765111876907
6 0.07538150957023193
8 0.024015935714277847
16 0.00016100537791541303
