0 18
0.03125 17.969158774250399
0.0625 17.925752263165034
0.09375 17.875149332169123
0.125 17.822635230822655
0.1875 17.731015704760416
0.25 17.680550508073996
0.375 17.704124931268264
0.5 17.579143751312078
0.625 16.662549066873151
0.75 14.613464819246492
0.8125 13.261724603541534
0.875 11.811957852877779
0.9375 10.357151438749225
0.96875 9.6518690706595773
1 8.9709549681738761
1.03125 8.31955682889153
1.0625 7.7012900118794061
1.125 6.5720410860149796
1.1875 5.5887655583265792
1.25 4.7451307735826909
1.375 3.4228557798433408
1.5 2.4841309573391586
1.75 1.3443860805534571
2 0.75319195092709956
3 0.092384969594700439
4 0.013915654392952531
6 0.00043282071469574745
8 1.6259707193599926e-05
16 5.4185461673128543e-11
