0 13.000000000000004
0.03125 13.069628452510937
0.0625 13.131831679716944
0.09375 13.183529986676254
0.125 13.220576438530335
0.1875 13.229571351054126
0.25 13.111349211982615
0.375 12.325740717201464
0.5 10.766847331342019
0.625 8.7828795146723806
0.75 6.8722695751553706
0.8125 6.047678857802647
0.875 5.3298903523072543
0.9375 4.7170672419319155
0.96875 4.4472742966177163
1 4.1998630965232966
1.03125 3.9731377052457
1.0625 3.7653569317548676
1.125 3.3997649693942282
1.1875 3.0900624840024489
1.25 2.824802995388596
1.375 2.3911961056673801
1.5 2.0436952947136744
1.75 1.4942202589274771
2 1.0685886609060191
3 0.22921801962760702
4 0.047796064695020485
6 0.0026831261412826324
8 0.00018455742285596044
16 6.8339229969405224e-09
