0 18
0.03125 18.017448423246304
0.0625 17.994846762623727
0.09375 17.930698720296093
0.125 17.823188193894069
0.1875 17.47056324662546
0.25 16.925247161398584
0.375 15.270789148040688
0.5 13.055313346020951
0.625 10.659024727804638
0.75 8.4383855106736227
0.8125 7.4617197268581554
0.875 6.5882375590248197
0.9375 5.8179381798117831
0.96875 5.4699288260795633
1 5.1453763566961292
1.03125 4.8431160681572871
1.0625 4.5618952794159773
1.125 4.0573640527977837
1.1875 3.6213973221105027
1.25 3.244126807620336
1.375 2.6311012203413795
1.5 2.160458370464176
1.75 1.4958957141985141
2 1.0586270464680858
3 0.30720283547172905
4 0.11745780913820099
6 0.033305973752064552
8 0.015430146807775422
16 0.003129846530889574
