0 5.9999999999999991
0.03125 5.9558294678133752
0.0625 5.8914822317243338
0.09375 5.8097511321288602
0.125 5.7137366767005568
0.1875 5.4918377507075578
0.25 5.2508151010401196
0.375 4.7882745389507715
0.5 4.4100254574455739
0.625 4.0985559333580524
0.75 3.7856688430110075
0.8125 3.6086963249768527
0.875 3.4124559758083142
0.9375 3.1968737472037216
0.96875 3.0826349227703469
1 2.9648336227850209
1.03125 2.8441616548451263
1.0625 2.7213841461605734
1.125 2.4727515090085124
1.1875 2.2253789506840382
1.25 1.9851540381191879
1.375 1.5441569339204739
1.5 1.1728894555658063
1.75 0.64816527341058516
2 0.35003472223870852
3 0.032759422859372812
4 0.0039411866412396093
6 8.6946094554923858e-05
8 2.3577187519621678e-06
16 1.6781402656373956e-12
