0 18.000000000000007
0.03125 18.001815604134737
0.0625 17.997971896244216
0.09375 17.987906004433004
0.125 17.97118173050864
0.1875 17.913957889884315
0.25 17.808593310544289
0.375 17.272734262178339
0.5 15.891892516976315
0.625 13.494952318286147
0.75 10.582313505649648
0.8125 9.1654884125303138
0.875 7.8662665223571873
0.9375 6.7177280467843072
0.96875 6.2035911200162888
1 5.7291853895804747
1.03125 5.2932503974237957
1.0625 4.8939970471345191
1.125 4.1967962955237352
1.1875 3.6187813328331728
1.25 3.140993867747814
1.375 2.4188267936905867
1.5 1.9190168760336337
1.75 1.3069085863304448
2 0.95997085692658857
3 0.34269528333447918
4 0.11439357210215265
6 0.013120143514100902
8 0.0024505499975130685
16 0.00067990931282654876
