0 9
0.03125 8.9150085505970651
0.0625 8.787730587038828
0.09375 8.6231477478765637
0.125 8.4269817445386419
0.1875 7.9643221254406411
0.25 7.4471785308021685
0.375 6.3979227152908402
0.5 5.4623121497483753
0.625 4.6774633357693203
0.75 4.0151504601305446
0.8125 3.7182132547968729
0.875 3.4392710027728524
0.9375 3.1759763862176524
0.96875 3.0497142791303995
1 2.9268799927108269
1.03125 2.8073989369123158
1.0625 2.6912257427520339
1.125 2.4687277967664092
1.1875 2.2593663177662169
1.25 2.0632215681665609
1.375 1.7107231418382749
1.5 1.4103289012448779
1.75 0.95159750770924034
2 0.64537166720220984
3 0.169877926186389
4 0.063652697314512424
6 0.016512291778037425
8 0.006276788451328414
16 0.0002177645216314486
