0 6.9999999999999991
0.03125 6.9853335195265354
0.0625 6.9548888022573356
0.09375 6.910079437800607
0.125 6.8525305723224346
0.1875 6.7061709555493927
0.25 6.529215912596813
0.375 6.1214719570758422
0.5 5.6576537510399687
0.625 5.1094789469259849
0.75 4.4533855730876128
0.8125 4.0915275716555755
0.875 3.717537643423674
0.9375 3.3415370429591604
0.96875 3.1559866305702013
1 2.9736584976526244
1.03125 2.7956119323931694
1.0625 2.6227739440967439
1.125 2.2957040028512115
1.1875 1.9969290856737334
1.25 1.7286989910281112
1.375 1.2839633089591167
1.5 0.95024842989463121
1.75 0.53189501243479609
2 0.31772417695727279
3 0.085674276385882861
4 0.0392205566133558
6 0.0099357900174351331
8 0.0026741790848348948
16 1.6778482292784114e-05
