0 28.000000000000007
0.03125 28.538830088341467
0.0625 29.05626993813863
0.09375 29.542089434461175
0.125 29.985249852888629
0.1875 30.697723314515891
0.25 31.107157602931334
0.375 30.822656770446518
0.5 29.234886886395966
0.625 26.810847731068261
0.75 23.463504655370649
0.8125 21.344079739546153
0.875 18.985782629910183
0.9375 16.52171029255835
0.96875 15.299150333923345
1 14.107260481351815
1.03125 12.960996565061389
1.0625 11.871934579479966
1.125 9.8945520181362152
1.1875 8.203555872060436
1.25 6.7909159848836511
1.375 4.6792185217598439
1.5 3.2795193663470634
1.75 1.7198938365307992
2 0.97686522933326358
3 0.15565489371257246
4 0.031624217440752833
6 0.0015998663006187575
8 9.0541092599649708e-05
16 1.4058391117899305e-09
