0 15.000000000000002
0.03125 14.811377100330645
0.0625 14.587463424235827
0.09375 14.32992612833656
0.125 14.04057970388344
0.1875 13.37487876183803
0.25 12.61019551832743
0.375 10.886322602339598
0.5 9.0921568935022368
0.625 7.4182901090365982
0.75 5.9698090083987596
0.8125 5.3406767236430186
0.875 4.7737898545163278
0.9375 4.2659063838814184
0.96875 4.0328028198165287
1 3.8128357265177013
1.03125 3.6054182724621655
1.0625 3.4099590508760307
1.125 3.0525683136227473
1.1875 2.7360755699145654
1.25 2.4561351204791548
1.375 1.9900981329800664
1.5 1.6262393945690186
1.75 1.1183214667102557
2 0.80221461536614158
3 0.31209651354780904
4 0.17686118427542336
6 0.070175433809305257
8 0.026021490809064726
16 0.00045478808440810314
