0 18.000000000000007
0.03125 17.799001371342122
0.0625 17.584968597053258
0.09375 17.359747567091514
0.125 17.125884352499703
0.1875 16.644526035521086
0.25 16.166182038561143
0.375 15.288839105656413
0.5 14.480501778141306
0.625 13.459879195822301
0.75 11.914570918254451
0.8125 10.937331548653374
0.875 9.8744475599959323
0.9375 8.7828022223703819
0.96875 8.2438105074395231
1 7.7175236655125383
1.03125 7.2088839196658574
1.0625 6.7217867196101304
1.125 5.8226674846020803
1.1875 5.0320100658646769
1.25 4.3499887964010391
1.375 3.2787396255247376
1.5 2.5183456637543014
1.75 1.5838282852363255
2 1.0651406800087371
3 0.268621026314805
4 0.069707240804472576
6 0.0053459505466021962
8 0.00050625557283542899
16 9.8873026821433285e-08
