0 6
0.03125 5.8895045349917687
0.0625 5.7729191735732748
0.09375 5.6508118518970534
0.125 5.5234596036339925
0.1875 5.253198738438245
0.25 4.9618736924277691
0.375 4.3198809976291725
0.5 3.6289510888464607
0.625 2.9490256966783064
0.75 2.3373354759873197
0.8125 2.0681777375779502
0.875 1.8257428838458063
0.9375 1.6098591826723809
0.96875 1.5115257210509043
1 1.4193159087329557
1.03125 1.3329771652480324
1.0625 1.2522352624014075
1.125 1.1063833240058218
1.1875 0.97940561227954104
1.25 0.86899017223375508
1.375 0.68937742732837071
1.5 0.55272342390763884
1.75 0.36590659260208691
2 0.25005296693996093
3 0.066646536745464793
4 0.023627432151691483
6 0.0082954535179121641
8 0.0063618303213981431
16 0.0033336196328373618
