0 10.000000000000002
0.03125 9.9224169459618743
0.0625 9.7951504427987057
0.09375 9.6221748071021551
0.125 9.4086379159649596
0.1875 8.8841378954363233
0.25 8.2722797813982538
0.375 6.9650082056547635
0.5 5.7360140261650994
0.625 4.6779824579928047
0.75 3.800487660148109
0.8125 3.4245874590799148
0.875 3.0870928352966587
0.9375 2.7852552334088161
0.96875 2.6468373649553913
1 2.5162858023300809
1.03125 2.3932488624509181
1.0625 2.2773752543596242
1.125 2.0657221897210714
1.1875 1.8785730352268053
1.25 1.7132673341159292
1.375 1.4382597831919932
1.5 1.2226912423034941
1.75 0.91411861730700295
2 0.70623127489777848
3 0.27458333877636809
4 0.10677868615706149
6 0.021872550012227314
8 0.0084091979106644746
16 0.00094799223413208344
