0 7.9999999999999991
0.03125 8.1004085544319739
0.0625 8.238932476380338
0.09375 8.4151108748035561
0.125 8.62657443094756
0.1875 9.1346974992390422
0.25 9.6968159462435057
0.375 10.534461108121926
0.5 10.202059120642408
0.625 8.4779674055926524
0.75 6.1480337834079437
0.8125 5.04741311091695
0.875 4.079054383487895
0.9375 3.2638391727318088
0.96875 2.9132337505072736
1 2.5984200384059104
1.03125 2.3170450160904523
1.0625 2.0664802390850263
1.125 1.6468637936026442
1.1875 1.3183850477702375
1.25 1.0621569691549677
1.375 0.70637861182085404
1.5 0.48794519567891709
1.75 0.26371128271512206
2 0.16692726726492188
3 0.065388982032349524
4 0.038485076565345909
6 0.016605687337391629
8 0.0083516664914294533
16 0.0007798275028335494
