0 4.9999999999999991
0.03125 5.0966649261353787
0.0625 5.1793380386197452
0.09375 5.245597437167616
0.125 5.2932454720389011
0.1875 5.3256967197809173
0.25 5.2674956561252637
0.375 4.8870652015233658
0.5 4.2468633638495206
0.625 3.5070794023535021
0.75 2.8035878558407465
0.8125 2.4900946148367362
0.875 2.2073745532622788
0.9375 1.9558562975811267
0.96875 1.8414301787477498
1 1.7342115758552672
1.03125 1.6338796306067762
1.0625 1.5400845976764903
1.125 1.370635248977252
1.1875 1.2229082348441074
1.25 1.0940613418727503
1.375 0.8828834158730996
1.5 0.71981706229945197
1.75 0.49056294463974665
2 0.34216912327267252
3 0.088826561012018732
4 0.024112619110599545
6 0.0019142590774757218
8 0.00016555089142042401
16 1.3567369117062356e-08
