0 25.999999999999993
0.03125 25.774993019696961
0.0625 25.528093829573372
0.09375 25.258970917650121
0.125 24.967773423421971
0.1875 24.321885581342706
0.25 23.598895388575329
0.375 21.961997156626463
0.5 20.099172282775282
0.625 17.965197469327638
0.75 15.520555805173608
0.8125 14.212039490717778
0.875 12.886286107947072
0.9375 11.580655806803744
0.96875 10.946546946642908
1 10.330036711983574
1.03125 9.7342476203788308
1.0625 9.1616587117003867
1.125 8.0927962494378445
1.1875 7.1310792330161599
1.25 6.2763976726519184
1.375 4.8634720578212587
1.5 3.7841351361376008
1.75 2.3348043860732082
2 1.4794522181019329
3 0.30666241323262805
4 0.091964857687477419
6 0.019597628671189582
8 0.0082883373389611159
16 0.0018346202655084576
