0 5.9999999999999982
0.03125 6.031953736378977
0.0625 6.0378065063506261
0.09375 6.0176828660321817
0.125 5.9722886342785859
0.1875 5.8111205327166608
0.25 5.5692628011198408
0.375 4.9218198265982513
0.5 4.1832435529987428
0.625 3.4643718844466567
0.75 2.821177998568797
0.8125 2.5344804033190487
0.875 2.2715785092294722
0.9375 2.0318738527661857
0.96875 1.9204103999468298
1 1.8143384527607092
1.03125 1.7134928654130517
1.0625 1.6177010096698035
1.125 1.4405651856761479
1.1875 1.2814841372362336
1.25 1.1390081969045125
1.375 0.89823805260615441
1.5 0.70757625909864585
1.75 0.43994572001103016
2 0.27633259053076359
3 0.054632111057884326
4 0.019691813015193571
6 0.0084985655579187837
8 0.0050284193575052556
16 0.0013158933145076095
