0 6.9999999999999982
0.03125 6.9466325467272645
0.0625 6.8649636488455661
0.09375 6.7572966378794934
0.125 6.6264292254903765
0.1875 6.307850287107871
0.25 5.9357539337953655
0.375 5.1277204655013495
0.5 4.3466168029395575
0.625 3.6557722942398638
0.75 3.0655644767115326
0.8125 2.8052145424665169
0.875 2.5657137508964514
0.9375 2.3453942122716476
0.96875 2.2419528251758187
1 2.1427600144838128
1.03125 2.0476562256538475
1.0625 1.956491228002561
1.125 1.7854163141965329
1.1875 1.6284764260978828
1.25 1.4846936906116774
1.375 1.2329632111490585
1.5 1.0233518348731991
1.75 0.70592674755373319
2 0.48973051991316485
3 0.12673534185170335
4 0.043083815977264912
6 0.013043236418621717
8 0.006959377936185597
16 0.0006315128780349788
