0 22
0.03125 21.902675156454258
0.0625 21.776915322265513
0.09375 21.618479661554648
0.125 21.423836378748494
0.1875 20.915286797319776
0.25 20.236892880926774
0.375 18.370428628539372
0.5 15.944687919375648
0.625 13.243439481250141
0.75 10.602993631680963
0.8125 9.3909854329207043
0.875 8.2791304792194325
0.9375 7.2769572470720991
0.96875 6.8178507041917307
1 6.3864019173674711
1.03125 5.9819859146921379
1.0625 5.6037476423744108
1.125 4.9215580266529857
1.1875 4.3303309783400064
1.25 3.819761447926155
1.375 3.0002629138962265
1.5 2.3900789783282903
1.75 1.5823721985066195
2 1.0994969977980256
3 0.34029208199587913
4 0.13931951081482152
6 0.045500483000680741
8 0.023839271363507802
16 0.0045779327521658364
