0 10.999999999999996
0.03125 10.846874407259094
0.0625 10.695256075187212
0.09375 10.552293588353148
0.125 10.423676448235017
0.1875 10.224407309914334
0.25 10.11156414537871
0.375 10.083811083121089
0.5 10.036661540211313
0.625 9.5563477765759668
0.75 8.4553491020466502
0.8125 7.7225880867505685
0.875 6.9299626531834093
0.9375 6.1262734807324017
0.96875 5.7332896815631544
1 5.3516375242298579
1.03125 4.9843585215473656
1.0625 4.6337061064212319
1.125 3.9877972442525729
1.1875 3.4192737726074642
1.25 2.9266163696859411
1.375 2.1445245355634577
1.5 1.5810447656664517
1.75 0.88571073960921465
2 0.51794392407044765
3 0.081880662916445482
4 0.016218286964698389
6 0.00078455640036557972
8 4.3156388455659056e-05
16 6.2354095498040607e-10
