0 27.000000000000007
0.03125 27.059166054205726
0.0625 27.099278159574819
0.09375 27.120770825522179
0.125 27.123492395424687
0.1875 27.069160089452613
0.25 26.92267210392761
0.375 26.219851150152081
0.5 24.540630406412326
0.625 21.373468913518316
0.75 16.998129662124423
0.8125 14.69819160562953
0.875 12.515731217186124
0.9375 10.544280650113723
0.96875 9.6532751032509747
1 8.8283689377712236
1.03125 8.0692136050803871
1.0625 7.373977979047611
1.125 6.1630276093987337
1.1875 5.1658198061657474
1.25 4.3494575488370675
1.375 3.1375463490725335
1.5 2.3238516137371783
1.75 1.3819941183065994
2 0.9049762485703492
3 0.3005366003036668
4 0.14882780653372912
6 0.052096349656234886
8 0.022854138740965257
16 0.0022979563419239235
