0 28.000000000000004
0.03125 28.06857920502614
0.0625 28.105355504933822
0.09375 28.102573794629603
0.125 28.052933506123537
0.1875 27.788338031535179
0.25 27.275164022129722
0.375 25.482197321080299
0.5 22.84388227423835
0.625 19.675956900777308
0.75 16.261886672031174
0.8125 14.553009945848945
0.875 12.89726764736481
0.9375 11.333723244412798
0.96875 10.596733499603085
1 9.8937097205086921
1.03125 9.2267879135196296
1.0625 8.5973425272490402
1.125 7.4528533961664349
1.1875 6.4582414217880562
1.25 5.6041130496594338
1.375 4.2602271450826548
1.5 3.2981794312716417
1.75 2.1021148873577271
2 1.4364551457314927
3 0.44338530296080625
4 0.18717776102100092
6 0.057334232217816805
8 0.020709895526863864
16 0.00045755801612945568
