0 24.999999999999993
0.03125 24.727796043018138
0.0625 24.394635734280772
0.09375 24.008094012820635
0.125 23.575852977736083
0.1875 22.603833670462201
0.25 21.532137402627633
0.375 19.241264688617989
0.5 16.879927548738447
0.625 14.499946593086591
0.75 12.149260088251161
0.8125 11.013178950517828
0.875 9.9225326815531822
0.9375 8.8912132575527369
0.96875 8.4014837802640727
1 7.9305811112289311
1.03125 7.4793585163949983
1.0625 7.0484210102080374
1.125 6.2486226109412391
1.1875 5.5314615975924699
1.25 4.8942601637602765
1.375 3.8391363434742685
1.5 3.0326104986567843
1.75 1.9558783204025283
2 1.3254715152184975
3 0.40302908663923809
4 0.16846969253118627
6 0.053517765520802035
8 0.027931065474255418
16 0.0042149269746717677
