0 8.0000000000000036
0.03125 7.9101401848445079
0.0625 7.8049272872834194
0.09375 7.6864803579692769
0.125 7.5567902196168779
0.1875 7.2706918902719027
0.25 6.9583543177044227
0.375 6.2835617186614474
0.5 5.5638883416441622
0.625 4.8149682863143273
0.75 4.0622418929251092
0.8125 3.6959660317725049
0.875 3.3429675124994223
0.9375 3.0075619185138622
0.96875 2.8475633255292534
1 2.693160373467907
1.03125 2.5446117212633603
1.0625 2.4021080226680054
1.125 2.1356761728997524
1.1875 1.894167553243425
1.25 1.6770876424913723
1.375 1.3114197718619496
1.5 1.0259429362166297
1.75 0.6373939216482476
2 0.40971555344382271
3 0.10494350716553014
4 0.041955714379915375
6 0.011293468343697561
8 0.0050414173758999599
16 0.0016921374846172038
