0 21.000000000000007
0.03125 21.328068431870999
0.0625 21.657288130782064
0.09375 21.989973081060111
0.125 22.326962945691864
0.1875 23.005875683826485
0.25 23.645986660047722
0.375 24.313223734310352
0.5 23.031641850036952
0.625 19.377546327051963
0.75 14.71984165203502
0.8125 12.541377997878476
0.875 10.615415912550938
0.9375 8.9697158129288219
0.96875 8.2486887853301099
1 7.5907217507164484
1.03125 6.9912775967135525
1.0625 6.4455607810145832
1.125 5.4963401740823299
1.1875 4.7075453291469236
1.25 4.0489119872285109
1.375 3.0289225624795506
1.5 2.2950964479167895
1.75 1.362626895656025
2 0.84594645653010847
3 0.19821631756650857
4 0.078867511645982019
6 0.025946647346663659
8 0.012198280792672489
16 0.0006908765538588546
