0 22.999999999999996
0.03125 22.907921884254083
0.0625 22.77465878099521
0.09375 22.597264783107022
0.125 22.372993875268602
0.1875 21.775182770392135
0.25 20.971362971105329
0.375 18.785319302181776
0.5 16.062079169639148
0.625 13.209043425543619
0.75 10.578592761550514
0.8125 9.4101099310493037
0.875 8.3522045294572163
0.9375 7.4050532741095516
0.96875 6.9717172116132442
1 6.5640999959054822
1.03125 6.1811987381343716
1.0625 5.8219219147868593
1.125 5.1696252912219594
1.1875 4.5978225415927811
1.25 4.0972745951998641
1.375 3.2758929885174188
1.5 2.6453099230195316
1.75 1.779678842890055
2 1.2478883298225141
3 0.42826427120740029
4 0.20267877807053017
6 0.060705194003386503
8 0.021780722277644521
16 0.0013850380172844012
