0 24.000000000000004
0.03125 23.830079657995917
0.0625 23.65144959078615
0.09375 23.466583470091138
0.125 23.275856791503919
0.1875 22.869733222477414
0.25 22.407290995943576
0.375 21.173545067839164
0.5 19.351302855984155
0.625 16.914212706715194
0.75 14.087403859854316
0.8125 12.648305283313404
0.875 11.258587355945888
0.9375 9.9573134604824087
0.96875 9.3484657119100216
1 8.7703665864859737
1.03125 8.2241901554968511
1.0625 7.710414880768484
1.125 6.7791101987060394
1.1875 5.9702485302210393
1.25 5.2728923739990803
1.375 4.1597721190231089
1.5 3.3360793047846777
1.75 2.2381717963740848
2 1.5551575957405399
3 0.40284584143435759
4 0.12453337126867359
6 0.021394505391233665
8 0.0053607087278834675
16 4.615122774526137e-05
