0 8.9999999999999982
0.03125 9.2242370588561879
0.0625 9.467415192155741
0.09375 9.7336035582808442
0.125 10.027604254911303
0.1875 10.720186903961316
0.25 11.582810066199743
0.375 13.769345024686816
0.5 15.525433142414808
0.625 14.657915792191316
0.75 10.94455024128799
0.8125 8.7650174632455151
0.875 6.7676484014374969
0.9375 5.0928470501824554
0.96875 4.3885338066319637
1 3.7697742359660706
1.03125 3.2307670619026738
1.0625 2.7643552741558026
1.125 2.0185441132325201
1.1875 1.4729719943434565
1.25 1.0766725209519903
1.375 0.58128117343843133
1.5 0.31952504082896083
1.75 0.1022843053502235
2 0.035154819458168216
3 0.0008080269241345639
4 2.7531078155396127e-05
6 4.1400183919959588e-08
8 6.5289593176309779e-11
16 0
