# beta overlap_squared safety_margin
0 0.79100285978493688 1
0.24253562503633297 0.81766372827338951 1
0.48719431759775017 0.82843871596647529 1
0.75287128618014765 0.89342550576042266 1
1 0.95338317564356992 1
1.2006991692678382 0.95255770523173904 1
1.4593581818006514 0.95401367979068755 1
1.8018106837413588 0.95514916243808916 1
2.2703315716612882 0.9547596290040559 1
2.938012379403331 0.95478328593809342 1
3.9400977669487611 0.95725832864659366 1
5.5491827739233193 0.95583171504870145 1
8.3789928936622946 0.94168509295742417 1
14.031443647246025 0.99704088205279064 1
