# beta overlap_squared safety_margin
0 0.77507438251099041 1
0.2581988897471611 0.79505026550210953 1
0.51945641946321552 0.81717605009683939 1
0.80696396422418348 0.93801330349792438 1
1 0.94740913862626224 1
1.2136605814934218 0.94768755766688183 1
1.4932377487313253 0.95621435229207469 1
1.87027724175611 0.96755696871457619 1
2.3980246015201332 0.97440512030231233 1
3.1721075633955413 0.9715365903611124 1
4.3781132775957978 0.95523905392150052 1
6.4137569676519828 0.93875399217450975 1
10.250267718139947 0.97601860671098002 1
