# beta overlap_squared safety_margin
0 0.78624511581190506 1
0.2672612419124244 0.82424632789833327 1
0.53820531432560648 0.8568524403760607 1
0.83882895170055694 0.96984152324463888 1
1 0.95807218041007806 1
1.2211597130165059 0.95113025250014987 1
1.5130859829728873 0.9469044523368229 1
1.9110077302387316 0.94765617148216586 1
2.4754595804343955 0.95364018806729509 1
3.3175947710897118 0.96121338179524851 1
4.6592701009785173 0.96525806922900343 1
6.9936188337291281 0.97068142646377614 1
11.585605929142824 0.99422062126059435 1
