# beta overlap_squared safety_margin
0 0.7933550058316252 1
0.2672612419124244 0.80162387843343631 1
0.53820531432560648 0.80219065069940111 1
0.83882895170055694 0.9588916248809763 1
1 0.95066387305180289 1
1.2211597130165059 0.95401534606545472 1
1.5130859829728873 0.96106150637064709 1
1.9110077302387316 0.96941793199762988 1
2.4754595804343955 0.97657157672962823 1
3.3175947710897118 0.97918539842375152 1
4.6592701009785173 0.971067916152575 1
6.9936188337291281 0.94408905415417503 1
11.585605929142824 0.97738458546576462 1
