# beta overlap_squared safety_margin
0 0.79319318843187233 1
0.21821789023599239 0.8234485565739367 1
0.43743398597027794 0.84165303510158085 1
0.67109553658908716 0.84401721434463595 1
0.93809791824838751 0.9923250408055005 1
1 0.94360588473686978 1
1.1805761495169342 0.93090018323797734 1
1.4078179976646297 0.92701575335041192 1
1.7001928798775396 0.93873224699778645 1
2.0864979161535069 0.95786134483364603 1
2.6136967596500504 0.97185695150453256 1
3.362649585022091 0.97684437625727874 1
4.4822008127350843 0.97379575415574504 1
6.2703783830197697 0.96396993822722639 1
9.3923735319191053 0.9541081608636163 1
15.564107126494569 0.99988621470771045 1
