# beta overlap_squared safety_margin
0 0.78471297250510832 1
0.19611613513818404 0.79952016065821597 1
0.39251180409527381 0.8098147792100371 1
0.59877916326480085 0.8240660236200417 1
0.8273811090206632 0.9271991085858956 1
1 0.95408077945478973 1
1.1622868615542821 0.95167772011367074 1
1.3620782422766378 0.94862846862719077 1
1.612552532641732 0.94338962450333979 1
1.9333741050354873 0.93656284365170957 1
2.3549742660901725 0.93328417739909148 1
2.9265312318047969 0.94007295714858306 1
3.7317827542865976 0.95583857153860305 1
4.9227591575222025 0.97185269556285883 1
6.7985826034746406 0.97902594797103592 1
10.011793082182512 0.97777420746027077 1
