# beta overlap_squared safety_margin
0 0.77752171275658013 1
0.21821789023599239 0.7785949081302037 1
0.43743398597027794 0.78897501320615235 1
0.67109553658908716 0.81670711140571364 1
0.93809791824838751 0.99233174318611994 1
1 0.95087565476825142 1
1.1805761495169342 0.95070416496096483 1
1.4078179976646297 0.95407221198657851 1
1.7001928798775396 0.95991518166546952 1
2.0864979161535069 0.9660625146466319 1
2.6136967596500504 0.97061514443600051 1
3.362649585022091 0.97223644180303865 1
4.4822008127350843 0.96962672059247004 1
6.2703783830197697 0.96356463177924777 1
9.3923735319191053 0.96512620286356413 1
15.564107126494569 0.99993649188543572 1
