# beta overlap_squared safety_margin
0 0.78549361557290494 1
0.27735009811261457 0.80604130429969338 1
0.55915398583878828 0.84327806563181555 1
0.87483332288943982 0.98329472171792517 1
1 0.96144888127244442 1
1.2295082806050306 0.9590503295720944 1
1.5353963630835654 0.95792110736682016 1
1.9573401447557917 0.95810573903156564 1
2.5648833348763378 0.95839242898743526 1
3.4889249004960829 0.95737645073126433 1
4.9991337723689657 0.95577123571044843 1
7.7203871147472505 0.95070306386866671 1
13.349144695125982 0.99533141678433061 1
