# beta overlap_squared safety_margin
0 0.78504349388614081 1
0.24253562503633297 0.80443148578999237 1
0.48719431759775017 0.80632865752856948 1
0.75287128618014765 0.8650214102128953 1
1 0.93760402781283347 1
1.2006991692678382 0.94059483307131555 1
1.4593581818006514 0.95205969414492368 1
1.8018106837413588 0.96323856282260808 1
2.2703315716612882 0.96791434390604931 1
2.938012379403331 0.966156402558341 1
3.9400977669487611 0.96483713117315919 1
5.5491827739233193 0.97436576932497982 1
8.3789928936622946 0.99201985853206098 1
14.031443647246025 0.99992780213490479 1
