# beta overlap_squared safety_margin
0 0.76910882102961396 1
0.19611613513818404 0.74310525633723423 1
0.39251180409527381 0.72700218101107717 1
0.59877916326480085 0.78114765048861085 1
0.8273811090206632 0.92720258743366908 1
1 0.95965158735496222 1
1.1622868615542821 0.96076254183668659 1
1.3620782422766378 0.9608442608994437 1
1.612552532641732 0.95956064283705173 1
1.9333741050354873 0.95734371709916165 1
2.3549742660901725 0.9560298772856748 1
2.9265312318047969 0.95797138805112521 1
3.7317827542865976 0.96312722401814537 1
4.9227591575222025 0.96858262760480227 1
6.7985826034746406 0.97184163089949223 1
10.011793082182512 0.97274771959608019 1
