# beta overlap_squared safety_margin
0 0.77465512315491379 1
0.18257418583505536 0.76218366678700379 1
0.3651116458088346 0.73337299158779001 1
0.55528204707535733 0.74176005231991281 1
0.76262589949288251 0.81774058770130201 1
1 0.95880114040950252 1
1.1510808460462594 0.96193850609396235 1
1.3345661324939027 0.9632279775212724 1
1.5609776074056925 0.96254867424900108 1
1.8455960387673744 0.96038620721140605 1
2.211328478119075 0.95804099942747087 1
2.693818467373553 0.95744713177675421 1
3.3510454487224766 0.95925500628715208 1
4.28252279563279 0.96067885355302667 1
5.6707164996232233 0.95956063941599988 1
7.8791621911593097 0.96510718531240477 1
11.714001311724056 0.99191870089541126 1
