# beta overlap_squared safety_margin
0 0.78148026711770417 1
0.23570226039551587 0.78362355956646139 1
0.47317302592123117 0.73696242340773175 1
0.72963520376432101 0.75562409167040836 1
1 0.92850079902948998 1
1.1950445335560298 0.94690753725346068 1
1.4447456613041543 0.96514874493385857 1
1.7726902293169602 0.97928785398412003 1
2.2169575180006529 0.98931035558134025 1
2.8423080628048933 0.9955794146214087 1
3.7661415013236814 0.99875719095477858 1
5.2190043118560405 0.99984465813148701 1
7.7025931305718904 0.99999675362097542 1
12.467529131132677 0.99999999876801319 1
