# beta overlap_squared safety_margin
0 0.77376463459006505 1
0.20000000000000001 0.76396935534152375 1
0.40038684124269319 0.74261588434379573 1
0.61136268430624585 0.73452659346205833 1
0.84635800812295692 0.91940764316311637 1
1 0.94378198499328558 1
1.1655007747730031 0.95366333980616802 1
1.3700404563174169 0.96277982311901273 1
1.6276380242316071 0.96899509642280023 1
1.9593749645980094 0.97244151867343637 1
2.3981761041256755 0.97417544956396803 1
2.99783740826846 0.97517481345646032 1
3.8511946226209526 0.9756747689230451 1
5.1296231187955774 0.9762876049567119 1
7.1775094149048932 0.98128326883259981 1
10.767173154358705 0.99472505964295562 1
