# beta overlap_squared safety_margin
0 0.77556707787644843 1
0.19245008972987526 0.77655530162030114 1
0.38508538932548986 0.78157167905121266 1
0.58694687503750453 0.79817792137474831 1
0.8096397396675864 0.89824186192633017 1
1 0.95304904773704468 1
1.1592531947771416 0.95587795655889705 1
1.3545919447470389 0.96040891539075161 1
1.5984340645239343 0.96470740141002865 1
1.909173811567026 0.96714626298086046 1
2.3150321690799678 0.96667408098887935 1
2.8611471195975477 0.96294703521590549 1
3.6234201580397976 0.95765543307077841 1
4.7375368510511251 0.95626538895740815 1
6.4652873548491847 0.96233135233318154 1
9.3634514452861257 0.96035478880801939 1
14.777977835447796 0.99857955930765923 1
