# beta overlap_squared safety_margin
0 0.78113022319480004 1
0.20851441405707477 0.79376886595239551 1
0.41767857196763125 0.80041436562092315 1
0.63912991983439982 0.81443279341579216 1
0.88865064444645181 0.97220198540214153 1
1 0.9520404173445655 1
1.1725464853889231 0.95089644434981708 1
1.3876080267413609 0.94933087294016739 1
1.6611761827924933 0.94698939005501558 1
2.0177104891348279 0.94620954845021565 1
2.4961898205291013 0.95007219218984889 1
3.1618691763778073 0.95852057305149897 1
4.1307667520405857 0.96935394347600799 1
5.6251933168668025 0.98024993774640491 1
8.1137829653969433 0.98330673398896351 1
12.716066260019831 0.99502604053584959 1
