# beta overlap_squared safety_margin
0 0.76876297071538798 1
0.21320071635561041 0.75614773369435778 1
0.42721276842579298 0.75047561552671295 1
0.65452367955777446 0.77888440309785441 1
0.91235755976325739 0.9815120148614348 1
1 0.94865799669481996 1
1.1764244186950639 0.9529184421055296 1
1.3973432400096155 0.95861766680399609 1
1.6799125811880691 0.96465541031065084 1
2.0506192166605528 0.97058464354082439 1
2.5521455033766469 0.97570367425861537 1
3.2569181065509598 0.97851309044429676 1
4.29587089520974 0.97700320352533286 1
5.9252287348685844 0.969118415835735 1
8.7000316480792304 0.95783636235095099 1
13.995422231588687 0.99755515707495255 1
