# beta overlap_squared safety_margin
0 0.76883052992021228 1
0.2581988897471611 0.76952540362874032 1
0.51945641946321552 0.79952358465292456 1
0.80696396422418348 0.93474295628207239 1
1 0.93952749349954258 1
1.2136605814934218 0.92845691048208781 1
1.4932377487313253 0.93292991329776134 1
1.87027724175611 0.95713675794373129 1
2.3980246015201332 0.9815555545901309 1
3.1721075633955413 0.9941434475254137 1
4.3781132775957978 0.9986815156679312 1
6.4137569676519828 0.99989795474541506 1
10.250267718139947 0.99999950396963174 1
