# beta overlap_squared safety_margin
0 0.77995976392285994 1
0.25 0.81407209103243842 1
0.50254699252741175 0.8480584025630077 1
0.77850010233965139 0.93268041449938245 1
1 0.95832860027882305 1
1.2068759684662538 0.95217124679284231 1
1.4754365146433641 0.9474156284777976 1
1.8341372238980695 0.94511191092295637 1
2.3302362466618676 0.94477267852030263 1
3.0469320091364813 0.94557180324032319 1
4.141688992226678 0.94942701935137078 1
5.9412038441063242 0.95731065289910237 1
9.2096066566567725 0.96394292519666755 1
