# beta overlap_squared safety_margin
0 0.77203297125095686 1
0.19245008972987526 0.76579661341710931 1
0.38508538932548986 0.7709359513366387 1
0.58694687503750453 0.79720162294670508 1
0.8096397396675864 0.89687912894469526 1
1 0.94851607648241923 1
1.1592531947771416 0.94653859459616921 1
1.3545919447470389 0.94715234137243541 1
1.5984340645239343 0.95053879879354753 1
1.909173811567026 0.95599001254502826 1
2.3150321690799678 0.96255551534520176 1
2.8611471195975477 0.96917623968809222 1
3.6234201580397976 0.97419747710473366 1
4.7375368510511251 0.97609081602118019 1
6.4652873548491847 0.97653943626236899 1
9.3634514452861257 0.97901852798756404 1
14.777977835447796 0.99947983217955198 1
