# beta overlap_squared safety_margin
0 0.80244115684627924 1
0.24253562503633297 0.83000355493213562 1
0.48719431759775017 0.8200496031538747 1
0.75287128618014765 0.86005383316035857 1
1 0.92820523768862932 1
1.2006991692678382 0.92725081812667213 1
1.4593581818006514 0.94042237163168125 1
1.8018106837413588 0.95680945363909607 1
2.2703315716612882 0.96803771982745227 1
2.938012379403331 0.9750073024347873 1
3.9400977669487611 0.98245232166411047 1
5.5491827739233193 0.99161443405931288 1
8.3789928936622946 0.99838295540972282 1
14.031443647246025 0.99999170078456583 1
