# beta overlap_squared safety_margin
0 0.78522970448666526 1
0.20851441405707477 0.79280035656554167 1
0.41767857196763125 0.79510497533040199 1
0.63912991983439982 0.80236371060508857 1
0.88865064444645181 0.96809249127552084 1
1 0.94318399931318176 1
1.1725464853889231 0.9434284802551322 1
1.3876080267413609 0.94935602592578993 1
1.6611761827924933 0.95791392293818395 1
2.0177104891348279 0.9645890461478847 1
2.4961898205291013 0.96664055945974566 1
3.1618691763778073 0.96465699729972141 1
4.1307667520405857 0.96278562802083325 1
5.6251933168668025 0.96536053792891723 1
8.1137829653969433 0.96896683584233746 1
12.716066260019831 0.9940490204871244 1
