# beta overlap_squared safety_margin
0 0.78047588597523927 1
0.19245008972987526 0.78696887788322589 1
0.38508538932548986 0.77981246982569638 1
0.58694687503750453 0.76878674099855912 1
0.8096397396675864 0.87555552619155358 1
1 0.94389177943444386 1
1.1592531947771416 0.94912854589059944 1
1.3545919447470389 0.95470967499111471 1
1.5984340645239343 0.95861538168017466 1
1.909173811567026 0.96095405614753938 1
2.3150321690799678 0.96277734150054546 1
2.8611471195975477 0.96518410086726482 1
3.6234201580397976 0.96951888774028655 1
4.7375368510511251 0.97633406340324382 1
6.4652873548491847 0.98157697555033925 1
9.3634514452861257 0.97728677240596675 1
14.777977835447796 0.99929382941419092 1
