# beta overlap_squared safety_margin
0 0.77506153048237648 1
0.18257418583505536 0.76206936900094271 1
0.3651116458088346 0.73307803720347906 1
0.55528204707535733 0.73045009080497147 1
0.76262589949288251 0.77770499381370357 1
1 0.94330046662134801 1
1.1510808460462594 0.94886765593740918 1
1.3345661324939027 0.95659175102024171 1
1.5609776074056925 0.96455592649772849 1
1.8455960387673744 0.97102037674301362 1
2.211328478119075 0.97498260730745825 1
2.693818467373553 0.97644333597191177 1
3.3510454487224766 0.97670677004666101 1
4.28252279563279 0.97796708617729465 1
5.6707164996232233 0.98053038546766876 1
7.8791621911593097 0.98111546203249024 1
11.714001311724056 0.99216251460877798 1
