# beta overlap_squared safety_margin
0 0.77402978002826887 1
0.2672612419124244 0.7897810139912353 1
0.53820531432560648 0.8189277746687863 1
0.83882895170055694 0.96479431995423013 1
1 0.95718331319379073 1
1.2211597130165059 0.9572524604554201 1
1.5130859829728873 0.95740051391281097 1
1.9110077302387316 0.95460762253791574 1
2.4754595804343955 0.94766535242095943 1
3.3175947710897118 0.94266193260215421 1
4.6592701009785173 0.95543048330646739 1
6.9936188337291281 0.9844894785401862 1
11.585605929142824 0.99941512822723105 1
