# beta overlap_squared safety_margin
0 0.78159787717990041 1
0.20851441405707477 0.78640539403384651 1
0.41767857196763125 0.79939197612279511 1
0.63912991983439982 0.83795812937304611 1
0.88865064444645181 0.97808308611215652 1
1 0.96298781590829136 1
1.1725464853889231 0.96199120948602488 1
1.3876080267413609 0.95953925378186375 1
1.6611761827924933 0.954048239878031 1
2.0177104891348279 0.94363107411023448 1
2.4961898205291013 0.92902645232217642 1
3.1618691763778073 0.92159468579658595 1
4.1307667520405857 0.93557976822379414 1
5.6251933168668025 0.95893432500150769 1
8.1137829653969433 0.97336763583790031 1
12.716066260019831 0.9964849785092605 1
