# beta overlap_squared safety_margin
0 0.78637789557417447 1
0.27735009811261457 0.80025317384366025 1
0.55915398583878828 0.82629960224634287 1
0.87483332288943982 0.98098629701861795 1
1 0.95613337547333455 1
1.2295082806050306 0.9523227481160565 1
1.5353963630835654 0.94744830268839358 1
1.9573401447557917 0.94356194932000778 1
2.5648833348763378 0.94589378373570274 1
3.4889249004960829 0.95751896747477776 1
4.9991337723689657 0.97871389412618736 1
7.7203871147472505 0.99669731958233906 1
13.349144695125982 0.99998499345257319 1
