# beta overlap_squared safety_margin
0 0.78418485520700353 1
0.20851441405707477 0.79496390034815006 1
0.41767857196763125 0.79536273142986075 1
0.63912991983439982 0.79915598193503092 1
0.88865064444645181 0.96744979085915083 1
1 0.94173922586633567 1
1.1725464853889231 0.94081146239764436 1
1.3876080267413609 0.94519783083544421 1
1.6611761827924933 0.95318669262563442 1
2.0177104891348279 0.96106119319950947 1
2.4961898205291013 0.96548583160686842 1
3.1618691763778073 0.96529819760605381 1
4.1307667520405857 0.96357889649675382 1
5.6251933168668025 0.9685667373636541 1
8.1137829653969433 0.98446887918989987 1
12.716066260019831 0.9991518570085171 1
