# beta overlap_squared safety_margin
0 0.77776845309690868 1
0.20000000000000001 0.79247932104244458 1
0.40038684124269319 0.81311678926794444 1
0.61136268430624585 0.83407506915888756 1
0.84635800812295692 0.94749471441164793 1
1 0.95533414465950619 1
1.1655007747730031 0.95239507069800638 1
1.3700404563174169 0.95042831938226366 1
1.6276380242316071 0.94971324887919918 1
1.9593749645980094 0.95105262865735404 1
2.3981761041256755 0.95440361759313423 1
2.99783740826846 0.95719979902723207 1
3.8511946226209526 0.95489847445193707 1
5.1296231187955774 0.94314617913820532 1
7.1775094149048932 0.92602303664451841 1
10.767173154358705 0.95712452255928265 1
