# beta overlap_squared safety_margin
0 0.77598683201102001 1
0.22360679774997896 0.78416468718627493 1
0.44842904380673132 0.80078981844048149 1
0.68900431182951061 0.82851276513612093 1
0.96618194873732166 0.99801779966587196 1
1 0.95482903069108691 1
1.1850354913606584 0.95554007930899142 1
1.4191291626379741 0.95818691935763395 1
1.7222332436853931 0.96115397186941071 1
2.1257953387917037 0.96334468893777346 1
2.6817665047222272 0.9646457123967196 1
3.4810141270982013 0.96555569630879239 1
4.6941222828186469 0.96685894828171932 1
6.6713274828454239 0.96624053892405641 1
10.220573179539699 0.96593392629571124 1
