# beta overlap_squared safety_margin
0 0.78222631456343436 1
0.2672612419124244 0.78331498416384246 1
0.53820531432560648 0.78698380942356242 1
0.83882895170055694 0.95687449260919574 1
1 0.95005542807339034 1
1.2211597130165059 0.9546463042174744 1
1.5130859829728873 0.959858302932287 1
1.9110077302387316 0.9624198184258026 1
2.4754595804343955 0.96242423500172022 1
3.3175947710897118 0.96310017900691058 1
4.6592701009785173 0.96928584605317597 1
6.9936188337291281 0.98507971202673061 1
11.585605929142824 0.99915591976652498 1
