# beta overlap_squared safety_margin
0 0.78476638145317041 1
0.1889822365046136 0.79982081788645593 1
0.37806650904767131 0.80860589543771701 1
0.57579376985696951 0.82080281396104645 1
0.79300484669478855 0.88411058917328462 1
1 0.95165571268290765 1
1.1563835327992422 0.94725368153584723 1
1.3475365609684427 0.94174197238975703 1
1.5851861179498348 0.9336268053536366 1
1.886583210422133 0.92391626239449468 1
2.2779799028057597 0.92182229247226954 1
2.8009591283580777 0.93836097353018547 1
3.5246278478794637 0.96584160689865427 1
4.5707519223582374 0.98726853811190842 1
6.1700332212989366 0.99731751437298252 1
8.8017657060737822 0.99981513036079022 1
13.58901396232425 0.99999938733478978 1
