# beta overlap_squared safety_margin
0 0.774433572592191 1
0.20851441405707477 0.76579114492649416 1
0.41767857196763125 0.7587816793641373 1
0.63912991983439982 0.79334172896573254 1
0.88865064444645181 0.97217147194211109 1
1 0.95532830879298 1
1.1725464853889231 0.95771704959474918 1
1.3876080267413609 0.95957901914216971 1
1.6611761827924933 0.95969775205686962 1
2.0177104891348279 0.9574720813290811 1
2.4961898205291013 0.9537650524472912 1
3.1618691763778073 0.9518597471815532 1
4.1307667520405857 0.95579187624480765 1
5.6251933168668025 0.96640292145577517 1
8.1137829653969433 0.9820571036216607 1
12.716066260019831 0.99873218511876377 1
