# beta overlap_squared safety_margin
0 0.7792387104073388 1
0.18569533817705186 0.78848973750817465 1
0.37141916083893406 0.80361884208831051 1
0.56525712504485637 0.82453559958730351 1
0.77736553370884764 0.86514164976362711 1
1 0.95187124000842154 1
1.1536636117001844 0.94700400695902985 1
1.3408727883268092 0.94333209612478241 1
1.5727249717272189 0.94189728365500942 1
1.8654380213124908 0.94317832217800112 1
2.2435021605293493 0.94646581128792166 1
2.7453558010583632 0.95005155869018812 1
3.4341785079447016 0.95159886969759621 1
4.4197953546585671 0.95026819270362345 1
5.9067907970655309 0.95364293161861636 1
8.311071670966804 0.97286250472767308 1
12.579634287342859 0.99760689504603375 1
