# beta overlap_squared safety_margin
0 0.7869953013034574 1
0.20851441405707477 0.79968871375488417 1
0.41767857196763125 0.80127167428296178 1
0.63912991983439982 0.81296537549107559 1
0.88865064444645181 0.97228540496888222 1
1 0.95372605086197343 1
1.1725464853889231 0.95622317779998122 1
1.3876080267413609 0.96027740326320873 1
1.6611761827924933 0.96387148477393343 1
2.0177104891348279 0.96583944064422182 1
2.4961898205291013 0.96626571258501477 1
3.1618691763778073 0.96606626086611659 1
4.1307667520405857 0.96556148913569788 1
5.6251933168668025 0.96304278154547543 1
8.1137829653969433 0.95642717382542123 1
12.716066260019831 0.99027607818478534 1
