# beta overlap_squared safety_margin
0 0.775651447068978 1
0.22941573387056174 0.78293725117739971 1
0.46030095405982324 0.79325936362554198 1
0.7084405567227432 0.81369991184454493 1
0.99699067863836699 0.99998405899385767 1
1 0.95185828978845501 1
1.1898424085034751 0.95681712699805041 1
1.4313921388283526 0.96342074580523624 1
1.7462937244088848 0.96766186319023342 1
2.169057796116455 0.96832078268094066 1
2.7574950132674374 0.96733472720922583 1
3.6144670173190927 0.96793096380537028 1
4.9372647031746251 0.97069012099661977 1
7.1422983674415832 0.97232245464905205 1
11.225991871171423 0.98832276976677453 1
