# beta overlap_squared safety_margin
0 0.79427962589925493 1
0.28867513459481292 0.84287617533865325 1
0.58277006440175105 0.8767681966885425 1
0.91596125873929402 0.99410752113468919 1
1 0.96316968240002386 1
1.2388797921657122 0.95426341996840919 1
1.5607104848365525 0.9424342286113548 1
2.0106178739242879 0.92816509769362037 1
2.669478291923352 0.92069064499665669 1
3.6938387272955437 0.9387560505901236 1
5.4180414575752058 0.97557288221056314 1
8.6548489963449295 0.99691141523476746 1
15.761873965352319 0.99999984659945877 1
