# beta overlap_squared safety_margin
0 0.77381655196535452 1
0.21320071635561041 0.78884112697594265 1
0.42721276842579298 0.81575232259678098 1
0.65452367955777446 0.83366462873002644 1
0.91235755976325739 0.98410018636898366 1
1 0.94927155353481613 1
1.1764244186950639 0.9450608976180444 1
1.3973432400096155 0.94573151054597767 1
1.6799125811880691 0.95129685989300279 1
2.0506192166605528 0.95876033238679244 1
2.5521455033766469 0.96378210522279466 1
3.2569181065509598 0.96271032557497989 1
4.29587089520974 0.95473876533011728 1
5.9252287348685844 0.94678567873495228 1
8.7000316480792304 0.95350750560849368 1
13.995422231588687 0.99781784588010194 1
