# beta overlap_squared safety_margin
0 0.77722977077243145 1
0.22360679774997896 0.78959488340851058 1
0.44842904380673132 0.81202779467301565 1
0.68900431182951061 0.83626925546925612 1
0.96618194873732166 0.99798409885302561 1
1 0.95065113488553635 1
1.1850354913606584 0.94278349962672006 1
1.4191291626379741 0.93583202913451347 1
1.7222332436853931 0.93518443893754903 1
2.1257953387917037 0.94434179868913076 1
2.6817665047222272 0.95800723659872204 1
3.4810141270982013 0.96880673625787602 1
4.6941222828186469 0.97699727512949383 1
6.6713274828454239 0.98638779352443806 1
10.220573179539699 0.99674674112348517 1
