# beta overlap_squared safety_margin
0 0.77711498059315181 1
0.24253562503633297 0.78228281735388811 1
0.48719431759775017 0.79337237880263255 1
0.75287128618014765 0.87435759685452565 1
1 0.94375643840159966 1
1.2006991692678382 0.94132653550905777 1
1.4593581818006514 0.94450184422881361 1
1.8018106837413588 0.95304305728774037 1
2.2703315716612882 0.96360946891412896 1
2.938012379403331 0.97259726764465812 1
3.9400977669487611 0.97967442024722897 1
5.5491827739233193 0.98706409587979228 1
8.3789928936622946 0.99563011872320258 1
14.031443647246025 0.99995676023545921 1
