# beta overlap_squared safety_margin
0 0.78805268577382528 1
0.27735009811261457 0.81867053645152976 1
0.55915398583878828 0.82155325316547267 1
0.87483332288943982 0.97478411251800029 1
1 0.93376999735633356 1
1.2295082806050306 0.92797184487622363 1
1.5353963630835654 0.93916760663824694 1
1.9573401447557917 0.9593352877696649 1
2.5648833348763378 0.97642184508816389 1
3.4889249004960829 0.98766560601646793 1
4.9991337723689657 0.99554960373755133 1
7.7203871147472505 0.9995309564723282 1
13.349144695125982 0.9999988602233247 1
