# beta overlap_squared safety_margin
0 0.77896619744088462 1
0.21320071635561041 0.7836399966813585 1
0.42721276842579298 0.78426007864427035 1
0.65452367955777446 0.80054060250742794 1
0.91235755976325739 0.98243712423231543 1
1 0.94880464702258939 1
1.1764244186950639 0.94972031209265269 1
1.3973432400096155 0.95205805834239366 1
1.6799125811880691 0.95431229587631081 1
2.0506192166605528 0.95526840316202594 1
2.5521455033766469 0.95465349874623022 1
3.2569181065509598 0.95484140901491158 1
4.29587089520974 0.96178741732495068 1
5.9252287348685844 0.9780274053924595 1
8.7000316480792304 0.99418094326149878 1
13.995422231588687 0.99993859443626121 1
