# beta overlap_squared safety_margin
0 0.78299332112616271 1
0.23570226039551587 0.80656082454438641 1
0.47317302592123117 0.83411532169627604 1
0.72963520376432101 0.88269505143101651 1
1 0.958365459209838 1
1.1950445335560298 0.95176956074715399 1
1.4447456613041543 0.94400494485170787 1
1.7726902293169602 0.93875724117181446 1
2.2169575180006529 0.94208645199491984 1
2.8423080628048933 0.95346138370849685 1
3.7661415013236814 0.96292381204160921 1
5.2190043118560405 0.9597942246512386 1
7.7025931305718904 0.94913383560409058 1
12.467529131132677 0.99186818828362962 1
