# beta overlap_squared safety_margin
0 0.78862858883630014 1
0.20000000000000001 0.80807418871358745 1
0.40038684124269319 0.80965031732213812 1
0.61136268430624585 0.80321355481762311 1
0.84635800812295692 0.93002456142660919 1
1 0.93785781504089679 1
1.1655007747730031 0.93356224753811635 1
1.3700404563174169 0.93407871109139805 1
1.6276380242316071 0.93975597994587009 1
1.9593749645980094 0.94909820622824442 1
2.3981761041256755 0.95958977203214803 1
2.99783740826846 0.96911737482274985 1
3.8511946226209526 0.97740487362601305 1
5.1296231187955774 0.98623005266691037 1
7.1775094149048932 0.99512388416314727 1
10.767173154358705 0.99958320116459184 1
