# beta overlap_squared safety_margin
0 0.78259821861766243 1
0.19611613513818404 0.78773434031892654 1
0.39251180409527381 0.78022050839330109 1
0.59877916326480085 0.78198938585283677 1
0.8273811090206632 0.90580686082911768 1
1 0.93983752369872322 1
1.1622868615542821 0.93822046046086826 1
1.3620782422766378 0.94047140580304764 1
1.612552532641732 0.94602379561566441 1
1.9333741050354873 0.95275520393805972 1
2.3549742660901725 0.95980496242640946 1
2.9265312318047969 0.96884782751468732 1
3.7317827542865976 0.98080444486010415 1
4.9227591575222025 0.99234730123359987 1
6.7985826034746406 0.99864547964573379 1
10.011793082182512 0.99995291589752764 1
