# beta overlap_squared safety_margin
0 0.77462430335174708 1
0.20412414523193154 0.7694081313124895 1
0.40875763706673157 0.77063557648487133 1
0.62478067898583833 0.80080389414691404 1
0.86672166505138548 0.95746504621137286 1
1 0.95244235340812386 1
1.1689135209288082 0.95245605435978001 1
1.3785303915119136 0.95369775884394879 1
1.6438024102157429 0.95512121130996057 1
1.9873995424607762 0.95516677939130324 1
2.4450746292790542 0.95436095746842871 1
3.0759341414735775 0.95747387271248188 1
3.9834537084550119 0.96820714002311662 1
5.3621046896031679 0.98110550928236458 1
7.6117424809167922 0.98532766951884889 1
11.656526839178966 0.99072796081265556 1
