# beta overlap_squared safety_margin
0 0.76357528544114336 1
0.28867513459481292 0.77577268826563151 1
0.58277006440175105 0.82453615758827294 1
0.91596125873929402 0.99196287465351433 1
1 0.95245939744673814 1
1.2388797921657122 0.94610470335265814 1
1.5607104848365525 0.94314860046105873 1
2.0106178739242879 0.94987995689231199 1
2.669478291923352 0.96600288370610517 1
3.6938387272955437 0.98184444659497625 1
5.4180414575752058 0.99297887907870543 1
8.6548489963449295 0.99920461388205132 1
15.761873965352319 0.99999997646394138 1
