# beta overlap_squared safety_margin
0 0.77821825070314344 1
0.20000000000000001 0.78557762369067379 1
0.40038684124269319 0.8031935907983226 1
0.61136268430624585 0.82639686461166941 1
0.84635800812295692 0.94266519957342162 1
1 0.94787041074414421 1
1.1655007747730031 0.94047566072093731 1
1.3700404563174169 0.93597664757818365 1
1.6276380242316071 0.93718613388333101 1
1.9593749645980094 0.94355409926704929 1
2.3981761041256755 0.95177480053364993 1
2.99783740826846 0.95969336046292844 1
3.8511946226209526 0.9671074772098422 1
5.1296231187955774 0.974383025650655 1
7.1775094149048932 0.98403363208918115 1
10.767173154358705 0.99663239084224856 1
