# beta overlap_squared safety_margin
0 0.77851424701928649 1
0.22360679774997896 0.79838286259062512 1
0.44842904380673132 0.82940271919266647 1
0.68900431182951061 0.86056270463781725 1
0.96618194873732166 0.99838181633428106 1
1 0.96137666298665114 1
1.1850354913606584 0.95723285735024074 1
1.4191291626379741 0.95240965834688987 1
1.7222332436853931 0.94754634347749087 1
2.1257953387917037 0.94485684518933116 1
2.6817665047222272 0.94615455586891704 1
3.4810141270982013 0.94838636373504841 1
4.6941222828186469 0.94527892799489482 1
6.6713274828454239 0.9410730001105634 1
10.220573179539699 0.96155101326763685 1
