# beta overlap_squared safety_margin
0 0.77275723405351099 1
0.1889822365046136 0.77028780831292639 1
0.37806650904767131 0.77713404379094713 1
0.57579376985696951 0.80532351767828977 1
0.79300484669478855 0.88408777282065957 1
1 0.95434951639703461 1
1.1563835327992422 0.95295672384675529 1
1.3475365609684427 0.95295379737318917 1
1.5851861179498348 0.95470493329249407 1
1.886583210422133 0.95782852376342197 1
2.2779799028057597 0.96090282305508568 1
2.8009591283580777 0.96191879962033314 1
3.5246278478794637 0.9587008526204365 1
4.5707519223582374 0.94932924994688281 1
6.1700332212989366 0.93674388666366212 1
8.8017657060737822 0.93862005863950875 1
13.58901396232425 0.99531815810567529 1
