# beta overlap_squared safety_margin
0 0.77437147396360994 1
0.21821789023599239 0.76779640004959558 1
0.43743398597027794 0.76936105634524243 1
0.67109553658908716 0.80925488762316587 1
0.93809791824838751 0.99269421662055401 1
1 0.95540247211127969 1
1.1805761495169342 0.95629557939483273 1
1.4078179976646297 0.95647904390965895 1
1.7001928798775396 0.95585566539230715 1
2.0864979161535069 0.9555174922118793 1
2.6136967596500504 0.9567102024721214 1
3.362649585022091 0.95947935890509877 1
4.4822008127350843 0.96303015735578042 1
6.2703783830197697 0.96808663730436356 1
9.3923735319191053 0.97856262398337317 1
15.564107126494569 0.9999697199065102 1
