# beta overlap_squared safety_margin
0 0.78149394485592023 1
0.1889822365046136 0.79349059330888286 1
0.37806650904767131 0.79478908218371387 1
0.57579376985696951 0.79050417704826973 1
0.79300484669478855 0.85998190440879848 1
1 0.9453178612687688 1
1.1563835327992422 0.94631134503304303 1
1.3475365609684427 0.94746976528361054 1
1.5851861179498348 0.94666394785033731 1
1.886583210422133 0.94374037388495321 1
2.2779799028057597 0.94195747918779437 1
2.8009591283580777 0.94753051948418595 1
3.5246278478794637 0.96326535035859844 1
4.5707519223582374 0.98259855836793187 1
6.1700332212989366 0.9955751266002411 1
8.8017657060737822 0.99963744959830285 1
13.58901396232425 0.9999984629275613 1
