# beta overlap_squared safety_margin
0 0.77109121640213491 1
0.21821789023599239 0.75536307808985006 1
0.43743398597027794 0.7380664564719528 1
0.67109553658908716 0.77643602811234418 1
0.93809791824838751 0.99190283067546555 1
1 0.95447343996452387 1
1.1805761495169342 0.96117552920741279 1
1.4078179976646297 0.96606808671928943 1
1.7001928798775396 0.96808960284101892 1
2.0864979161535069 0.96779966843059506 1
2.6136967596500504 0.96633324407713457 1
3.362649585022091 0.964060199663274 1
4.4822008127350843 0.96178003193811291 1
6.2703783830197697 0.96634267464690242 1
9.3923735319191053 0.98400599756374718 1
15.564107126494569 0.99998528953822799 1
