# beta overlap_squared safety_margin
0 0.77626335732926266 1
0.19245008972987526 0.780103797319321 1
0.38508538932548986 0.79096638398665197 1
0.58694687503750453 0.81454919229867485 1
0.8096397396675864 0.90455815277416354 1
1 0.95145716142868561 1
1.1592531947771416 0.94737161059069176 1
1.3545919447470389 0.94292839215470327 1
1.5984340645239343 0.93809715687515285 1
1.909173811567026 0.93552152985508931 1
2.3150321690799678 0.94048687444078688 1
2.8611471195975477 0.95382354367777811 1
3.6234201580397976 0.96795674958417582 1
4.7375368510511251 0.97681223583291741 1
6.4652873548491847 0.98279023769085243 1
9.3634514452861257 0.99072026731115817 1
14.777977835447796 0.99990013687014631 1
