# beta overlap_squared safety_margin
0 0.77553369925882335 1
0.23570226039551587 0.77297322109563922 1
0.47317302592123117 0.74567464857184358 1
0.72963520376432101 0.77274981389794901 1
1 0.92768570069756841 1
1.1950445335560298 0.94310068496234459 1
1.4447456613041543 0.9620555647640314 1
1.7726902293169602 0.97694499648052611 1
2.2169575180006529 0.98695694409258493 1
2.8423080628048933 0.99355223317819692 1
3.7661415013236814 0.99770074110703703 1
5.2190043118560405 0.99961159146139143 1
7.7025931305718904 0.99998700132783678 1
12.467529131132677 0.99999998878862246 1
