# beta overlap_squared safety_margin
0 0.78972771219333648 1
0.2672612419124244 0.82207206108081328 1
0.53820531432560648 0.8321978252352101 1
0.83882895170055694 0.95719461363638073 1
1 0.93431931041202196 1
1.2211597130165059 0.92503355631501803 1
1.5130859829728873 0.93767335693233882 1
1.9110077302387316 0.96449151043935924 1
2.4754595804343955 0.98567965495738062 1
3.3175947710897118 0.995515652102227 1
4.6592701009785173 0.99743965867252275 1
6.9936188337291281 0.99276410465089598 1
11.585605929142824 0.99426381253837449 1
