# beta overlap_squared safety_margin
0 0.78294111840480324 1
0.23570226039551587 0.81763647236597981 1
0.47317302592123117 0.85426547278837089 1
0.72963520376432101 0.89839862013410727 1
1 0.96358872373847133 1
1.1950445335560298 0.95715033218823154 1
1.4447456613041543 0.94808544565298215 1
1.7726902293169602 0.93618834077432358 1
2.2169575180006529 0.92688557400965716 1
2.8423080628048933 0.9317037627502992 1
3.7661415013236814 0.9514241625657185 1
5.2190043118560405 0.96812066227454937 1
7.7025931305718904 0.96961910687892454 1
12.467529131132677 0.99268709699773147 1
