# beta overlap_squared safety_margin
0 0.78139190108164091 1
0.21821789023599239 0.79911176742363445 1
0.43743398597027794 0.81227147367673396 1
0.67109553658908716 0.81406307216541 1
0.93809791824838751 0.99101627785961651 1
1 0.93732380251475175 1
1.1805761495169342 0.92997979603952756 1
1.4078179976646297 0.93163095114475008 1
1.7001928798775396 0.94348018693844772 1
2.0864979161535069 0.95959882471104411 1
2.6136967596500504 0.9721733722995202 1
3.362649585022091 0.97806132137680554 1
4.4822008127350843 0.98070989284993762 1
6.2703783830197697 0.987053814466034 1
9.3923735319191053 0.99648289403331944 1
15.564107126494569 0.99999822890726428 1
