# beta overlap_squared safety_margin
0 0.77076760289121519 1
0.18569533817705186 0.75602082466796582 1
0.37141916083893406 0.74609595937735665 1
0.56525712504485637 0.76250572073154612 1
0.77736553370884764 0.83268664980054421 1
1 0.94982042262267692 1
1.1536636117001844 0.95370472672520721 1
1.3408727883268092 0.95822390846155762 1
1.5727249717272189 0.96195948722389044 1
1.8654380213124908 0.96454436063908976 1
2.2435021605293493 0.9665033911474635 1
2.7453558010583632 0.96872674552600769 1
3.4341785079447016 0.97179219694020556 1
4.4197953546585671 0.97513257428597203 1
5.9067907970655309 0.97613546428909776 1
8.311071670966804 0.97087978152746691 1
12.579634287342859 0.99099717487394486 1
