# beta overlap_squared safety_margin
0 0.78097831020219167 1
0.19611613513818404 0.79114862515851279 1
0.39251180409527381 0.79843069277801491 1
0.59877916326480085 0.80937287507673081 1
0.8273811090206632 0.91584467531351829 1
1 0.94352254864473848 1
1.1622868615542821 0.93892103973137464 1
1.3620782422766378 0.93780607064535845 1
1.612552532641732 0.94036642587398472 1
1.9333741050354873 0.94551923136311093 1
2.3549742660901725 0.95242621495583365 1
2.9265312318047969 0.96093449326949224 1
3.7317827542865976 0.97058431316000555 1
4.9227591575222025 0.98070754734256488 1
6.7985826034746406 0.99100279295040408 1
10.011793082182512 0.99834501728270084 1
