# beta overlap_squared safety_margin
0 0.77468491828569081 1
0.25 0.79080235627732563 1
0.50254699252741175 0.80642500584131398 1
0.77850010233965139 0.90515575320465869 1
1 0.94179649618386958 1
1.2068759684662538 0.93906939572561114 1
1.4754365146433641 0.94204299433576414 1
1.8341372238980695 0.94859598360143091 1
2.3302362466618676 0.95865418515478434 1
3.0469320091364813 0.97391653932592038 1
4.141688992226678 0.9899253876379397 1
5.9412038441063242 0.99844988154809292 1
9.2096066566567725 0.99996410776661223 1
