# beta overlap_squared safety_margin
0 0.77684390504074487 1
0.22941573387056174 0.781060216579044 1
0.46030095405982324 0.7826436044583627 1
0.7084405567227432 0.79628506441307075 1
0.99699067863836699 0.99998188912672027 1
1 0.94405134943004261 1
1.1898424085034751 0.94533635052887279 1
1.4313921388283526 0.94761298799837198 1
1.7462937244088848 0.94995147754803518 1
2.169057796116455 0.95493566707881841 1
2.7574950132674374 0.96527453673221549 1
3.6144670173190927 0.9798626403263166 1
4.9372647031746251 0.99301613634804678 1
7.1422983674415832 0.99913038146209808 1
11.225991871171423 0.99998964782086127 1
