# beta overlap_squared safety_margin
0 0.7912627047633023 1
0.2581988897471611 0.82560453937589914 1
0.51945641946321552 0.84868562847773306 1
0.80696396422418348 0.9510505288427077 1
1 0.95778408717871371 1
1.2136605814934218 0.95273626929631565 1
1.4932377487313253 0.94879325512998143 1
1.87027724175611 0.94573296309593214 1
2.3980246015201332 0.94238692782170506 1
3.1721075633955413 0.93719652694669322 1
4.3781132775957978 0.93903161609197202 1
6.4137569676519828 0.96355074088287353 1
10.250267718139947 0.99341371300867256 1
