# beta overlap_squared safety_margin
0 0.79121371352774607 1
0.22360679774997896 0.82059995078932037 1
0.44842904380673132 0.83920938825865867 1
0.68900431182951061 0.85523255479956212 1
0.96618194873732166 0.99826105530253019 1
1 0.95864811192964276 1
1.1850354913606584 0.95595274795556585 1
1.4191291626379741 0.95479591588665787 1
1.7222332436853931 0.95457729926205159 1
2.1257953387917037 0.95436339268295364 1
2.6817665047222272 0.95323657578840225 1
3.4810141270982013 0.95129447100921332 1
4.6941222828186469 0.95089108994251847 1
6.6713274828454239 0.95314557568760935 1
10.220573179539699 0.96653294474138671 1
