# beta overlap_squared safety_margin
0 0.77998912533298307 1
0.22360679774997896 0.80181161635255427 1
0.44842904380673132 0.82982413248353736 1
0.68900431182951061 0.85211925783606807 1
0.96618194873732166 0.99817730110753737 1
1 0.95514085755830986 1
1.1850354913606584 0.94813130870804741 1
1.4191291626379741 0.94185624835821828 1
1.7222332436853931 0.93863003955533762 1
2.1257953387917037 0.9398281182782286 1
2.6817665047222272 0.94438914751192864 1
3.4810141270982013 0.95205925295858817 1
4.6941222828186469 0.96270363414218763 1
6.6713274828454239 0.97123839990312203 1
10.220573179539699 0.98531046266283428 1
