# beta overlap_squared safety_margin
0 0.79075175481389483 1
0.2672612419124244 0.82789703848890285 1
0.53820531432560648 0.8392080491445679 1
0.83882895170055694 0.95880409041792048 1
1 0.9360174450710757 1
1.2211597130165059 0.92374917190485972 1
1.5130859829728873 0.92900790722889854 1
1.9110077302387316 0.94916130454510033 1
2.4754595804343955 0.96938124798169647 1
3.3175947710897118 0.98369342358818496 1
4.6592701009785173 0.99356163680667044 1
6.9936188337291281 0.99899633851078615 1
11.585605929142824 0.99998884818945551 1
