# beta overlap_squared safety_margin
0 0.78254429644261007 1
0.20412414523193154 0.79337278902144705 1
0.40875763706673157 0.78387764877156288 1
0.62478067898583833 0.77852304667645979 1
0.86672166505138548 0.94939995777950511 1
1 0.94556428369450167 1
1.1689135209288082 0.94995480498944737 1
1.3785303915119136 0.95594237946452322 1
1.6438024102157429 0.96119702040185241 1
1.9873995424607762 0.96356669340231259 1
2.4450746292790542 0.96101611718841242 1
3.0759341414735775 0.95401366844898659 1
3.9834537084550119 0.95110239942829918 1
5.3621046896031679 0.96402231123655189 1
7.6117424809167922 0.98588075661329501 1
11.656526839178966 0.99891852571839065 1
