# beta overlap_squared safety_margin
0 0.77419490842188987 1
0.1889822365046136 0.76664052316734465 1
0.37806650904767131 0.74990746937479086 1
0.57579376985696951 0.75842854436933358 1
0.79300484669478855 0.86375888460372831 1
1 0.95203107994136007 1
1.1563835327992422 0.95410195040247187 1
1.3475365609684427 0.95548064747017769 1
1.5851861179498348 0.95651993427364823 1
1.886583210422133 0.95784578863868146 1
2.2779799028057597 0.95951452717010024 1
2.8009591283580777 0.96115424588757201 1
3.5246278478794637 0.96295149937205613 1
4.5707519223582374 0.96665463684505379 1
6.1700332212989366 0.97570904358128071 1
8.8017657060737822 0.98974062112664405 1
13.58901396232425 0.99967906243305182 1
