# beta overlap_squared safety_margin
0 0.77935284679647436 1
0.21320071635561041 0.77432665888677251 1
0.42721276842579298 0.77375063455849266 1
0.65452367955777446 0.80617209124104612 1
0.91235755976325739 0.98347758238497941 1
1 0.95158068051171379 1
1.1764244186950639 0.95213795338421315 1
1.3973432400096155 0.95561741682841273 1
1.6799125811880691 0.96124298879986405 1
2.0506192166605528 0.96662248937683701 1
2.5521455033766469 0.96945594023335352 1
3.2569181065509598 0.96957509989013194 1
4.29587089520974 0.96938320813707374 1
5.9252287348685844 0.97053661903245308 1
8.7000316480792304 0.96519703539752333 1
13.995422231588687 0.99697110681007872 1
