# beta overlap_squared safety_margin
0 0.77582589950956501 1
0.18569533817705186 0.76399034553515867 1
0.37141916083893406 0.74589880828173279 1
0.56525712504485637 0.76863866969772949 1
0.77736553370884764 0.84400140507883078 1
1 0.95060743831758611 1
1.1536636117001844 0.95007647648316596 1
1.3408727883268092 0.95058347950904985 1
1.5727249717272189 0.95220204898723878 1
1.8654380213124908 0.95461199974306097 1
2.2435021605293493 0.95771936334481995 1
2.7453558010583632 0.96156964353574394 1
3.4341785079447016 0.96550730392503357 1
4.4197953546585671 0.96944662769862684 1
5.9067907970655309 0.97663260889768443 1
8.311071670966804 0.98899668353062043 1
12.579634287342859 0.99924923394491341 1
