# beta overlap_squared safety_margin
0 0.79686834860352068 1
0.2672612419124244 0.84431618608589133 1
0.53820531432560648 0.86709155494400335 1
0.83882895170055694 0.96997201597385144 1
1 0.95593474573616112 1
1.2211597130165059 0.94522810707574223 1
1.5130859829728873 0.93596277353959942 1
1.9110077302387316 0.9328594896817017 1
2.4754595804343955 0.94064426502566384 1
3.3175947710897118 0.95605148106709278 1
4.6592701009785173 0.96736416376569194 1
6.9936188337291281 0.96872861350919666 1
11.585605929142824 0.99210840754419326 1
