# beta overlap_squared safety_margin
0 0.78428036676320694 1
0.23570226039551587 0.79154831594467978 1
0.47317302592123117 0.78740553371114331 1
0.72963520376432101 0.82985751346422242 1
1 0.94392475078545341 1
1.1950445335560298 0.94892310909795889 1
1.4447456613041543 0.95804251264320893 1
1.7726902293169602 0.96558610754760944 1
2.2169575180006529 0.96807673276145698 1
2.8423080628048933 0.96558769394217152 1
3.7661415013236814 0.9617888664225615 1
5.2190043118560405 0.96300651932002075 1
7.7025931305718904 0.97545099648512194 1
12.467529131132677 0.99796327993384803 1
