# beta overlap_squared safety_margin
0 0.77955972416255221 1
0.19245008972987526 0.782879638182115 1
0.38508538932548986 0.77231081671543561 1
0.58694687503750453 0.77033365519467037 1
0.8096397396675864 0.88172545175871897 1
1 0.94503730673804464 1
1.1592531947771416 0.94694155548140506 1
1.3545919447470389 0.95033840749207396 1
1.5984340645239343 0.95475810320933642 1
1.909173811567026 0.95955717760199771 1
2.3150321690799678 0.96377835341703316 1
2.8611471195975477 0.96700448466521626 1
3.6234201580397976 0.97055966526612861 1
4.7375368510511251 0.97605119758942523 1
6.4652873548491847 0.97997455044123737 1
9.3634514452861257 0.97776432786333867 1
14.777977835447796 0.99947571884450948 1
