# beta overlap_squared safety_margin
0 0.7783927553683088 1
0.19611613513818404 0.7809058526723028 1
0.39251180409527381 0.77920149638250316 1
0.59877916326480085 0.78770410542714453 1
0.8273811090206632 0.91265146834855184 1
1 0.94744255393596966 1
1.1622868615542821 0.94861096434230892 1
1.3620782422766378 0.95113157962334229 1
1.612552532641732 0.95370162027022843 1
1.9333741050354873 0.95504797120641312 1
2.3549742660901725 0.95445697596780779 1
2.9265312318047969 0.95396828723455619 1
3.7317827542865976 0.95890719524845974 1
4.9227591575222025 0.97083746940465042 1
6.7985826034746406 0.98388217067964367 1
10.011793082182512 0.99458898326749563 1
