# beta overlap_squared safety_margin
0 0.79380105245045543 1
0.2581988897471611 0.82127894009544418 1
0.51945641946321552 0.83336661609652653 1
0.80696396422418348 0.94418745549772116 1
1 0.95341980741078887 1
1.2136605814934218 0.9527577524857863 1
1.4932377487313253 0.95720614226907183 1
1.87027724175611 0.96462597682108643 1
2.3980246015201332 0.97193093989230142 1
3.1721075633955413 0.97678207267301381 1
4.3781132775957978 0.97560940282910682 1
6.4137569676519828 0.9560110361580734 1
10.250267718139947 0.94468077823778404 1
