# beta overlap_squared safety_margin
0 0.78773599393031473 1
0.28867513459481292 0.80371135604722372 1
0.58277006440175105 0.81859284902750077 1
0.91596125873929402 0.9915804577568023 1
1 0.9542828148367858 1
1.2388797921657122 0.95794298925396056 1
1.5607104848365525 0.9634328381232436 1
2.0106178739242879 0.96488737298240225 1
2.669478291923352 0.95829195086218411 1
3.6938387272955437 0.94638354936813117 1
5.4180414575752058 0.94942523177081647 1
8.6548489963449295 0.98148189060283352 1
15.761873965352319 0.99999762856407243 1
