# beta overlap_squared safety_margin
0 0.76823337556465135 1
0.25 0.71858760865267898 1
0.50254699252741175 0.68742938748603367 1
0.77850010233965139 0.88868853136190804 1
1 0.95352926095274258 1
1.2068759684662538 0.96257672694079495 1
1.4754365146433641 0.97030489645767769 1
1.8341372238980695 0.97720723515355581 1
2.3302362466618676 0.98310758249265559 1
3.0469320091364813 0.98725370213511707 1
4.141688992226678 0.99065577678927473 1
5.9412038441063242 0.99571239267226957 1
9.2096066566567725 0.9995097047696485 1
