# beta overlap_squared safety_margin
0 0.7925090763895184 1
0.27735009811261457 0.8347315067971461 1
0.55915398583878828 0.8578723405900173 1
0.87483332288943982 0.98202574289775965 1
1 0.95194936529284176 1
1.2295082806050306 0.93804487684049403 1
1.5353963630835654 0.92461356452162103 1
1.9573401447557917 0.92372541471897947 1
2.5648833348763378 0.94669119269389112 1
3.4889249004960829 0.97849871776748409 1
4.9991337723689657 0.99633772333487779 1
7.7203871147472505 0.99988724048514878 1
13.349144695125982 0.99999994871720536 1
