# beta overlap_squared safety_margin
0 0.78037852426462516 1
0.18569533817705186 0.78608182586380585 1
0.37141916083893406 0.7799697821516511 1
0.56525712504485637 0.76953151433399181 1
0.77736553370884764 0.81456628707832239 1
1 0.94108735881823331 1
1.1536636117001844 0.9455367455530442 1
1.3408727883268092 0.95172542193351174 1
1.5727249717272189 0.9575024663254175 1
1.8654380213124908 0.96232520400679373 1
2.2435021605293493 0.96681205640080916 1
2.7453558010583632 0.97180588789819662 1
3.4341785079447016 0.97732976193219979 1
4.4197953546585671 0.98217241593981206 1
5.9067907970655309 0.9839213607562656 1
8.311071670966804 0.97639578627630331 1
12.579634287342859 0.98988231265407318 1
