# beta overlap_squared safety_margin
0 0.77698206023719716 1
0.21320071635561041 0.78706545134515125 1
0.42721276842579298 0.81585447763119395 1
0.65452367955777446 0.85211267732037069 1
0.91235755976325739 0.98714159781752377 1
1 0.95945361352627254 1
1.1764244186950639 0.95380571908329164 1
1.3973432400096155 0.94757835166987214 1
1.6799125811880691 0.94297125460462092 1
2.0506192166605528 0.94297513465172715 1
2.5521455033766469 0.94813592108932259 1
3.2569181065509598 0.95476673092935268 1
4.29587089520974 0.9578806471752945 1
5.9252287348685844 0.95746605979707964 1
8.7000316480792304 0.95829172470739368 1
13.995422231588687 0.99740675539724297 1
