# beta overlap_squared safety_margin
0 0.78625856984560544 1
0.18257418583505536 0.80507181242105684 1
0.3651116458088346 0.81594054640056304 1
0.55528204707535733 0.81733573553782795 1
0.76262589949288251 0.81476958960222114 1
1 0.93993755456798315 1
1.1510808460462594 0.93389668707527249 1
1.3345661324939027 0.93090870579470558 1
1.5609776074056925 0.9322184090468257 1
1.8455960387673744 0.93926811750082243 1
2.211328478119075 0.9515662293386524 1
2.693818467373553 0.9651487061435769 1
3.3510454487224766 0.97533812978366077 1
4.28252279563279 0.98002681142882806 1
5.6707164996232233 0.9802157864568133 1
7.8791621911593097 0.9793808243271643 1
11.714001311724056 0.99222215268241 1
