# beta overlap_squared safety_margin
0 0.78560024755428861 1
0.21821789023599239 0.80816773271818395 1
0.43743398597027794 0.83355779191041426 1
0.67109553658908716 0.86051270556701973 1
0.93809791824838751 0.99420886032097771 1
1 0.96135970805827786 1
1.1805761495169342 0.95703843367453462 1
1.4078179976646297 0.95174302471277418 1
1.7001928798775396 0.94451849045408024 1
2.0864979161535069 0.93443951781421845 1
2.6136967596500504 0.92248933046184602 1
3.362649585022091 0.91743170709448419 1
4.4822008127350843 0.93580633332786477 1
6.2703783830197697 0.97157831731366201 1
9.3923735319191053 0.99475705836306196 1
15.564107126494569 0.99999763378731709 1
