# beta overlap_squared safety_margin
0 0.77510832920562099 1
0.23570226039551587 0.78384079468031591 1
0.47317302592123117 0.80843404734363977 1
0.72963520376432101 0.8698004028419746 1
1 0.95749301268857659 1
1.1950445335560298 0.95555531736360636 1
1.4447456613041543 0.95449748896346111 1
1.7726902293169602 0.95527111804647362 1
2.2169575180006529 0.95884344811591747 1
2.8423080628048933 0.96401480378519968 1
3.7661415013236814 0.96760082107752652 1
5.2190043118560405 0.96697986647121914 1
7.7025931305718904 0.95930054713054446 1
12.467529131132677 0.98942639311637391 1
