# beta overlap_squared safety_margin
0 0.7849975575279481 1
0.23570226039551587 0.79276418776165029 1
0.47317302592123117 0.80825646073510049 1
0.72963520376432101 0.87071802401664247 1
1 0.96078858377589833 1
1.1950445335560298 0.9624799196172779 1
1.4447456613041543 0.96487247679346115 1
1.7726902293169602 0.96673022917043992 1
2.2169575180006529 0.96719340314004049 1
2.8423080628048933 0.96482786278972907 1
3.7661415013236814 0.95595278338388182 1
5.2190043118560405 0.93537853323753498 1
7.7025931305718904 0.90478209587384133 1
12.467529131132677 0.97895658628590518 1
