# beta overlap_squared safety_margin
0 0.7823693667250176 1
0.22360679774997896 0.79165591707149882 1
0.44842904380673132 0.78758567404441227 1
0.68900431182951061 0.7993465856725252 1
0.96618194873732166 0.99762607537856555 1
1 0.94650571128401388 1
1.1850354913606584 0.94736575940586644 1
1.4191291626379741 0.9488558234775398 1
1.7222332436853931 0.95055978155102945 1
2.1257953387917037 0.9548395234223282 1
2.6817665047222272 0.96378843219782459 1
3.4810141270982013 0.97502972847882224 1
4.6941222828186469 0.98167960752524446 1
6.6713274828454239 0.97987820006739294 1
10.220573179539699 0.9861645621536888 1
