# beta overlap_squared safety_margin
0 0.80433056959550015 1
0.2581988897471611 0.84454781031695602 1
0.51945641946321552 0.86443080379214699 1
0.80696396422418348 0.95420738331909677 1
1 0.95799472025570185 1
1.2136605814934218 0.94942015067638156 1
1.4932377487313253 0.94141981763952928 1
1.87027724175611 0.93601833737476448 1
2.3980246015201332 0.93536049001368802 1
3.1721075633955413 0.94038189292184991 1
4.3781132775957978 0.94992312135629184 1
6.4137569676519828 0.96216447365772562 1
10.250267718139947 0.98727400565078219 1
