# beta overlap_squared safety_margin
0 0.78716763834761885 1
0.22941573387056174 0.82202009120984722 1
0.46030095405982324 0.8565568046741461 1
0.7084405567227432 0.87986740327229165 1
0.99699067863836699 0.99998933683280386 1
1 0.96451278898308924 1
1.1898424085034751 0.95922662580918385 1
1.4313921388283526 0.95363863034912403 1
1.7462937244088848 0.9485327035877359 1
2.169057796116455 0.94460871940736809 1
2.7574950132674374 0.94054672766904679 1
3.6144670173190927 0.93353499012731175 1
4.9372647031746251 0.926975619611972 1
7.1422983674415832 0.93178271381286165 1
11.225991871171423 0.97478018249157223 1
