# beta overlap_squared safety_margin
0 0.76875372348697315 1
0.28867513459481292 0.77744817386690976 1
0.58277006440175105 0.82765414167832243 1
0.91596125873929402 0.99262897142397501 1
1 0.9577573903164335 1
1.2388797921657122 0.95217879629356642 1
1.5607104848365525 0.94641343398736983 1
2.0106178739242879 0.94713987647988045 1
2.669478291923352 0.9564750108270158 1
3.6938387272955437 0.96954784615659394 1
5.4180414575752058 0.98598682937802615 1
8.6548489963449295 0.9982446207886633 1
15.761873965352319 0.99999993827985338 1
