# beta overlap_squared safety_margin
0 0.78792731017509576 1
0.20000000000000001 0.8091266059152209 1
0.40038684124269319 0.82479136117624265 1
0.61136268430624585 0.84014799110941225 1
0.84635800812295692 0.94861880996787404 1
1 0.95578957963982971 1
1.1655007747730031 0.95249659719365868 1
1.3700404563174169 0.95047506534600572 1
1.6276380242316071 0.94989007287134438 1
1.9593749645980094 0.95074279009662263 1
2.3981761041256755 0.952683570182216 1
2.99783740826846 0.95523765549617533 1
3.8511946226209526 0.95838437077716129 1
5.1296231187955774 0.96157755082196887 1
7.1775094149048932 0.95768700497464307 1
10.767173154358705 0.95615386802980067 1
