# beta overlap_squared safety_margin
0 0.78087840315204924 1
0.20412414523193154 0.7977075399580308 1
0.40875763706673157 0.81380390426962237 1
0.62478067898583833 0.83100506071388935 1
0.86672166505138548 0.9607253953180416 1
1 0.95262186469665695 1
1.1689135209288082 0.94850919111530361 1
1.3785303915119136 0.94571059519883282 1
1.6438024102157429 0.94558531134906101 1
1.9873995424607762 0.94960287720241695 1
2.4450746292790542 0.95673899519418193 1
3.0759341414735775 0.96238004033836577 1
3.9834537084550119 0.96239738494917543 1
5.3621046896031679 0.95913461830689393 1
7.6117424809167922 0.95798068344163738 1
11.656526839178966 0.98279208854867355 1
