# beta overlap_squared safety_margin
0 0.7903237592396211 1
0.28867513459481292 0.82035508593402556 1
0.58277006440175105 0.83435488421121991 1
0.91596125873929402 0.99144345294163483 1
1 0.94877874106728324 1
1.2388797921657122 0.94648077360617811 1
1.5607104848365525 0.94951085053168981 1
2.0106178739242879 0.95002367567005916 1
2.669478291923352 0.94787700466484874 1
3.6938387272955437 0.96041037174454271 1
5.4180414575752058 0.9869982634414671 1
8.6548489963449295 0.99923535964251547 1
15.761873965352319 0.9999999896681235 1
