# beta overlap_squared safety_margin
0 0.77376148452320215 1
0.2581988897471611 0.79910974832511986 1
0.51945641946321552 0.84405120948158489 1
0.80696396422418348 0.95412983994877536 1
1 0.9609767666125582 1
1.2136605814934218 0.95369160212726058 1
1.4932377487313253 0.94175589630527253 1
1.87027724175611 0.9259107763924292 1
2.3980246015201332 0.92148154338208267 1
3.1721075633955413 0.94586436339027008 1
4.3781132775957978 0.98050868938485413 1
6.4137569676519828 0.99761061765332072 1
10.250267718139947 0.99997037258021791 1
