# beta overlap_squared safety_margin
0 0.77201939758880655 1
0.22360679774997896 0.77176470174180285 1
0.44842904380673132 0.7984594873888302 1
0.68900431182951061 0.84248087962067047 1
0.96618194873732166 0.99825114318847762 1
1 0.95988343321072432 1
1.1850354913606584 0.9587816318407041 1
1.4191291626379741 0.95779294604284159 1
1.7222332436853931 0.9566569441592509 1
2.1257953387917037 0.95615610476436583 1
2.6817665047222272 0.95819571857844012 1
3.4810141270982013 0.96400655527855653 1
4.6941222828186469 0.97205958426402069 1
6.6713274828454239 0.97873698278003296 1
10.220573179539699 0.98428570945293231 1
