# beta overlap_squared safety_margin
0 0.77107933847416927 1
0.19611613513818404 0.76256248339592933 1
0.39251180409527381 0.76224682590232909 1
0.59877916326480085 0.78264149396605742 1
0.8273811090206632 0.91683115149265728 1
1 0.95336780940029542 1
1.1622868615542821 0.95712845263106498 1
1.3620782422766378 0.96083524744221114 1
1.612552532641732 0.96289983326824115 1
1.9333741050354873 0.96298846587349842 1
2.3549742660901725 0.96199247715760291 1
2.9265312318047969 0.96147927941215342 1
3.7317827542865976 0.96199138449751873 1
4.9227591575222025 0.96082698961060024 1
6.7985826034746406 0.95403541085904734 1
10.011793082182512 0.95324803220754174 1
