# beta overlap_squared safety_margin
0 0.7961159126738471 1
0.27735009811261457 0.83256255282998244 1
0.55915398583878828 0.85123846506059959 1
0.87483332288943982 0.98187750789797835 1
1 0.954010276848728 1
1.2295082806050306 0.94446793907393018 1
1.5353963630835654 0.93428359855517707 1
1.9573401447557917 0.92865671604048616 1
2.5648833348763378 0.93850855973470684 1
3.4889249004960829 0.96491444922196844 1
4.9991337723689657 0.98985681489627602 1
7.7203871147472505 0.99918790226145227 1
13.349144695125982 0.99999815378227591 1
