# beta overlap_squared safety_margin
0 0.77504900733168428 1
0.22360679774997896 0.77213873195216648 1
0.44842904380673132 0.77446039796808204 1
0.68900431182951061 0.79675565380826715 1
0.96618194873732166 0.99762030966866825 1
1 0.94723712188496455 1
1.1850354913606584 0.95182274614647218 1
1.4191291626379741 0.96024982894687765 1
1.7222332436853931 0.96913122588548604 1
2.1257953387917037 0.97572619288906334 1
2.6817665047222272 0.97884114373451717 1
3.4810141270982013 0.97803036861664537 1
4.6941222828186469 0.97162054079618349 1
6.6713274828454239 0.95758836740789939 1
10.220573179539699 0.96030322851109124 1
