# beta overlap_squared safety_margin
0 0.78462001957666985 1
0.21821789023599239 0.80851095085661014 1
0.43743398597027794 0.82687226781643564 1
0.67109553658908716 0.84392749965294943 1
0.93809791824838751 0.99331171171450783 1
1 0.95588011248446549 1
1.1805761495169342 0.95326683457600613 1
1.4078179976646297 0.95228950233852328 1
1.7001928798775396 0.95178277774689292 1
2.0864979161535069 0.94946531503260623 1
2.6136967596500504 0.94315678755127488 1
3.362649585022091 0.93546239221322884 1
4.4822008127350843 0.93759287192976172 1
6.2703783830197697 0.95377544854883077 1
9.3923735319191053 0.96842540275273533 1
15.564107126494569 0.9999395057879935 1
