# beta overlap_squared safety_margin
0 0.7774747586554676 1
0.20851441405707477 0.77973017807940946 1
0.41767857196763125 0.78360001295706422 1
0.63912991983439982 0.79772958627742644 1
0.88865064444645181 0.9685393461438167 1
1 0.9456155133029161 1
1.1725464853889231 0.94718162705181045 1
1.3876080267413609 0.95244486534422079 1
1.6611761827924933 0.95845039459160722 1
2.0177104891348279 0.96225010027603657 1
2.4961898205291013 0.96220009443063511 1
3.1618691763778073 0.95872138079193331 1
4.1307667520405857 0.95670121950802693 1
5.6251933168668025 0.96489101270664723 1
8.1137829653969433 0.98308804930925708 1
12.716066260019831 0.99892984743764973 1
