# beta overlap_squared safety_margin
0 0.77697683116659718 1
0.27735009811261457 0.79936289394490286 1
0.55915398583878828 0.82051793058701447 1
0.87483332288943982 0.97851547649267159 1
1 0.94947554570908835 1
1.2295082806050306 0.94943870082449165 1
1.5353963630835654 0.95630679972917617 1
1.9573401447557917 0.96628343578556602 1
2.5648833348763378 0.97277331364878485 1
3.4889249004960829 0.96961283715455249 1
4.9991337723689657 0.95521826045026408 1
7.7203871147472505 0.95146471616047048 1
13.349144695125982 0.99769457183716832 1
