# beta overlap_squared safety_margin
0 0.78484734832869834 1
0.21821789023599239 0.7970823350766085 1
0.43743398597027794 0.79282727999477143 1
0.67109553658908716 0.77886243298944145 1
0.93809791824838751 0.98921206903229495 1
1 0.92987552593685077 1
1.1805761495169342 0.93490380561239522 1
1.4078179976646297 0.9512538219381648 1
1.7001928798775396 0.9687787817770512 1
2.0864979161535069 0.98090075166760717 1
2.6136967596500504 0.98724126846087242 1
3.362649585022091 0.98888620108441809 1
4.4822008127350843 0.98519452412778122 1
6.2703783830197697 0.97335995281166554 1
9.3923735319191053 0.95443101812643178 1
15.564107126494569 0.99987245723065101 1
