# beta overlap_squared safety_margin
0 0.77718333972084217 1
0.20851441405707477 0.77769198419296249 1
0.41767857196763125 0.77920214350809938 1
0.63912991983439982 0.78625892678932704 1
0.88865064444645181 0.96635476546209494 1
1 0.94297620397384106 1
1.1725464853889231 0.94645585177260923 1
1.3876080267413609 0.95336480872205024 1
1.6611761827924933 0.96077854230094016 1
2.0177104891348279 0.96730359765867164 1
2.4961898205291013 0.97267790602499592 1
3.1618691763778073 0.9760561697301155 1
4.1307667520405857 0.97502522189754779 1
5.6251933168668025 0.96736806035155199 1
8.1137829653969433 0.95739153905790948 1
12.716066260019831 0.99212354584097721 1
