# beta overlap_squared safety_margin
0 0.76600918060911483 1
0.25 0.76312292100225967 1
0.50254699252741175 0.79814533436302449 1
0.77850010233965139 0.92058041131296407 1
1 0.95557730132009185 1
1.2068759684662538 0.95045837345249007 1
1.4754365146433641 0.94457554961506056 1
1.8341372238980695 0.94543147171678692 1
2.3302362466618676 0.959501707592028 1
3.0469320091364813 0.97853751227680254 1
4.141688992226678 0.98892596349106463 1
5.9412038441063242 0.98517505580250374 1
9.2096066566567725 0.96823798259918405 1
