# beta overlap_squared safety_margin
0 0.8026984624595614 1
0.28867513459481292 0.84933407348499291 1
0.58277006440175105 0.87696839546347517 1
0.91596125873929402 0.9941247140436938 1
1 0.96397967037598617 1
1.2388797921657122 0.95749891820093446 1
1.5607104848365525 0.95034492860909781 1
2.0106178739242879 0.94158743826628013 1
2.669478291923352 0.93049542828564438 1
3.6938387272955437 0.92240059027293611 1
5.4180414575752058 0.940226030639023 1
8.6548489963449295 0.98203497044915336 1
15.761873965352319 0.99999794434156104 1
