# beta overlap_squared safety_margin
0 0.78137485838322945 1
0.19245008972987526 0.787977703333675 1
0.38508538932548986 0.78336421671078825 1
0.58694687503750453 0.78243614181674463 1
0.8096397396675864 0.88211247037222944 1
1 0.94227225726201768 1
1.1592531947771416 0.94278031721867986 1
1.3545919447470389 0.94653604264057756 1
1.5984340645239343 0.95311831249527318 1
1.909173811567026 0.96135153053373713 1
2.3150321690799678 0.96937407269093334 1
2.8611471195975477 0.97542310060518829 1
3.6234201580397976 0.97823992013400715 1
4.7375368510511251 0.97755208649521247 1
6.4652873548491847 0.97639770197546059 1
9.3634514452861257 0.97922816849655613 1
14.777977835447796 0.99949996691523418 1
