# beta overlap_squared safety_margin
0 0.77794863375532043 1
0.18569533817705186 0.77869044542033281 1
0.37141916083893406 0.78200632911498271 1
0.56525712504485637 0.80469884889428711 1
0.77736553370884764 0.85941667191540568 1
1 0.95239766968476098 1
1.1536636117001844 0.94869077326371008 1
1.3408727883268092 0.94563177985194435 1
1.5727249717272189 0.94512576000788527 1
1.8654380213124908 0.9485617660566509 1
2.2435021605293493 0.9546711422934474 1
2.7453558010583632 0.96015128291342992 1
3.4341785079447016 0.96233797939179773 1
4.4197953546585671 0.96067799328881809 1
5.9067907970655309 0.95740494870991834 1
8.311071670966804 0.95954546243416093 1
12.579634287342859 0.99247008551720773 1
