# beta overlap_squared safety_margin
0 0.78390742691612092 1
0.19245008972987526 0.79955110492914823 1
0.38508538932548986 0.80133141004516821 1
0.58694687503750453 0.78760322059158086 1
0.8096397396675864 0.86482148904882345 1
1 0.92614584095536833 1
1.1592531947771416 0.9265104891514659 1
1.3545919447470389 0.93661862508009288 1
1.5984340645239343 0.95039225823539008 1
1.909173811567026 0.96260031562290636 1
2.3150321690799678 0.97184526042288539 1
2.8611471195975477 0.97830119363435177 1
3.6234201580397976 0.98247877448760846 1
4.7375368510511251 0.98612268309248364 1
6.4652873548491847 0.99184072346977238 1
9.3634514452861257 0.9979112689578528 1
14.777977835447796 0.99999066845032562 1
