# beta overlap_squared safety_margin
0 0.78369375200591606 1
0.20851441405707477 0.79677918414553588 1
0.41767857196763125 0.80244766484756724 1
0.63912991983439982 0.8052233660182518 1
0.88865064444645181 0.96707802995783813 1
1 0.93754292745145516 1
1.1725464853889231 0.93031198768477014 1
1.3876080267413609 0.92884815521708156 1
1.6611761827924933 0.93676642185511312 1
2.0177104891348279 0.9524521395422903 1
2.4961898205291013 0.96928747471393659 1
3.1618691763778073 0.98195591425229669 1
4.1307667520405857 0.98987031939267275 1
5.6251933168668025 0.99528276381144308 1
8.1137829653969433 0.99894778089182121 1
12.716066260019831 0.99998059972903727 1
