# beta overlap_squared safety_margin
0 0.77781063671345938 1
0.21320071635561041 0.77279681588276385 1
0.42721276842579298 0.75527557303394117 1
0.65452367955777446 0.76719271144908333 1
0.91235755976325739 0.97998981406531484 1
1 0.94440832289510752 1
1.1764244186950639 0.94897870684329886 1
1.3973432400096155 0.95522171748199826 1
1.6799125811880691 0.96219526604455578 1
2.0506192166605528 0.96923593748087758 1
2.5521455033766469 0.97569331220447043 1
3.2569181065509598 0.98129593689426765 1
4.29587089520974 0.98567197044524392 1
5.9252287348685844 0.98642221596814482 1
8.7000316480792304 0.97774390775356386 1
13.995422231588687 0.99803053468902295 1
