# beta overlap_squared safety_margin
0 0.78390061956824014 1
0.27735009811261457 0.80497050305056224 1
0.55915398583878828 0.8179282813716322 1
0.87483332288943982 0.97828210313837754 1
1 0.94879439674890793 1
1.2295082806050306 0.94575178437628355 1
1.5353963630835654 0.94568174750277262 1
1.9573401447557917 0.94982891702223667 1
2.5648833348763378 0.95901521000198014 1
3.4889249004960829 0.97026129533594456 1
4.9991337723689657 0.982574451012304 1
7.7203871147472505 0.99560941350462123 1
13.349144695125982 0.99996036945870885 1
