# beta overlap_squared safety_margin
0 0.77722868931822712 1
0.20851441405707477 0.78584599521211601 1
0.41767857196763125 0.8058248638191207 1
0.63912991983439982 0.82990981114292525 1
0.88865064444645181 0.9730786926296592 1
1 0.94897786596561672 1
1.1725464853889231 0.94127910247214491 1
1.3876080267413609 0.93496221109012782 1
1.6611761827924933 0.93292048655610194 1
2.0177104891348279 0.9370629083991853 1
2.4961898205291013 0.94716106978532473 1
3.1618691763778073 0.96203942016771168 1
4.1307667520405857 0.97917413847255529 1
5.6251933168668025 0.99319299216217921 1
8.1137829653969433 0.99924902803552682 1
12.716066260019831 0.99999475454747419 1
