# beta overlap_squared safety_margin
0 0.76176966877511593 1
0.28867513459481292 0.76887533472150789 1
0.58277006440175105 0.8293684343549727 1
0.91596125873929402 0.99312436766075402 1
1 0.96286899938838702 1
1.2388797921657122 0.96196929992426874 1
1.5607104848365525 0.95838570419285378 1
2.0106178739242879 0.95208138304292089 1
2.669478291923352 0.94791226817004403 1
3.6938387272955437 0.95317818715751672 1
5.4180414575752058 0.96866093635386143 1
8.6548489963449295 0.98911106728459594 1
15.761873965352319 0.99999854927136359 1
