# beta overlap_squared safety_margin
0 0.7850946487699609 1
0.21821789023599239 0.80601955458144626 1
0.43743398597027794 0.82802446632857145 1
0.67109553658908716 0.84694468582886033 1
0.93809791824838751 0.99324441087070556 1
1 0.95383786473415586 1
1.1805761495169342 0.94830238700201438 1
1.4078179976646297 0.94560574112787535 1
1.7001928798775396 0.94706040959643637 1
2.0864979161535069 0.95132285425210247 1
2.6136967596500504 0.95494739906791252 1
3.362649585022091 0.95551220003944321 1
4.4822008127350843 0.95468273268768264 1
6.2703783830197697 0.95632810588848124 1
9.3923735319191053 0.95915298264256006 1
15.564107126494569 0.99989716662766746 1
