# beta overlap_squared safety_margin
0 0.77487030152349522 1
0.1889822365046136 0.76656983489068103 1
0.37806650904767131 0.74965827165296634 1
0.57579376985696951 0.74678547790339767 1
0.79300484669478855 0.84685395403163373 1
1 0.94685782603779735 1
1.1563835327992422 0.95257394904383943 1
1.3475365609684427 0.9576893711004957 1
1.5851861179498348 0.96088522715456968 1
1.886583210422133 0.96227091765738819 1
2.2779799028057597 0.96283185958699943 1
2.8009591283580777 0.96409208686456281 1
3.5246278478794637 0.96789349953665372 1
4.5707519223582374 0.97537562192219246 1
6.1700332212989366 0.98505956009256167 1
8.8017657060737822 0.99397287632695089 1
13.58901396232425 0.99979868630762663 1
