# beta overlap_squared safety_margin
0 0.77727366435562786 1
0.28867513459481292 0.77061096192307609 1
0.58277006440175105 0.78559743956308416 1
0.91596125873929402 0.99017984850848449 1
1 0.94732036999464731 1
1.2388797921657122 0.95137523040081687 1
1.5607104848365525 0.95911069968931471 1
2.0106178739242879 0.96776230524232269 1
2.669478291923352 0.97428876914226146 1
3.6938387272955437 0.9785311542483835 1
5.4180414575752058 0.98596476990484349 1
8.6548489963449295 0.99669733886972501 1
15.761873965352319 0.99999976228191199 1
