# beta overlap_squared safety_margin
0 0.76534112347115244 1
0.2581988897471611 0.70112558426720409 1
0.51945641946321552 0.66507269071027061 1
0.80696396422418348 0.92010237870099352 1
1 0.95655109215267589 1
1.2136605814934218 0.96863755551765471 1
1.4932377487313253 0.97696903935780921 1
1.87027724175611 0.98283151179753691 1
2.3980246015201332 0.98793904645795337 1
3.1721075633955413 0.99343663181966215 1
4.3781132775957978 0.99809252141896843 1
6.4137569676519828 0.99985248194749393 1
10.250267718139947 0.9999993097886894 1
