# beta overlap_squared safety_margin
0 0.76128144259910555 1
0.24253562503633297 0.73225486361165255 1
0.48719431759775017 0.75267381584305699 1
0.75287128618014765 0.87272931507910757 1
1 0.94877270064377793 1
1.2006991692678382 0.9503776706439087 1
1.4593581818006514 0.95828326501912581 1
1.8018106837413588 0.97019962181693821 1
2.2703315716612882 0.97890256237562993 1
2.938012379403331 0.97936122269278117 1
3.9400977669487611 0.97357518695587728 1
5.5491827739233193 0.97280766735201876 1
8.3789928936622946 0.98681929129925109 1
14.031443647246025 0.99981461710598265 1
