# beta overlap_squared safety_margin
0 0.78510414194183302 1
0.19245008972987526 0.80388338837653536 1
0.38508538932548986 0.82097014355597537 1
0.58694687503750453 0.8417537055905773 1
0.8096397396675864 0.91917375807337769 1
1 0.95920460999266371 1
1.1592531947771416 0.95596056521105829 1
1.3545919447470389 0.95261684676826157 1
1.5984340645239343 0.94881164554245662 1
1.909173811567026 0.94438530327373382 1
2.3150321690799678 0.93990868336639824 1
2.8611471195975477 0.93743272269887303 1
3.6234201580397976 0.93951996487474043 1
4.7375368510511251 0.94454153101418239 1
6.4652873548491847 0.94395718413200637 1
9.3634514452861257 0.93646159714840919 1
14.777977835447796 0.99858498455571386 1
