# beta overlap_squared safety_margin
0 0.75849071867825067 1
0.28867513459481292 0.77157502006021557 1
0.58277006440175105 0.8337675642930427 1
0.91596125873929402 0.99313688941881013 1
1 0.96239270717656156 1
1.2388797921657122 0.96196104184170672 1
1.5607104848365525 0.96104580896651046 1
2.0106178739242879 0.95752087974892362 1
2.669478291923352 0.95041856752779061 1
3.6938387272955437 0.94542803682992917 1
5.4180414575752058 0.95790230258617216 1
8.6548489963449295 0.98579420569690734 1
15.761873965352319 0.9999980616029283 1
