# beta overlap_squared safety_margin
0 0.78043478006228097 1
0.19611613513818404 0.77905799309151168 1
0.39251180409527381 0.76803294215865459 1
0.59877916326480085 0.77950451145786448 1
0.8273811090206632 0.91185705051860065 1
1 0.94699648891448098 1
1.1622868615542821 0.94747268863529897 1
1.3620782422766378 0.94998403131700246 1
1.612552532641732 0.95508639629527409 1
1.9333741050354873 0.96266453146623784 1
2.3549742660901725 0.97110427991111359 1
2.9265312318047969 0.97815481981168639 1
3.7317827542865976 0.98240433417667156 1
4.9227591575222025 0.98331608502907103 1
6.7985826034746406 0.97869278079260807 1
10.011793082182512 0.9639148867481152 1
