# beta overlap_squared safety_margin
0 0.77569257595034546 1
0.20412414523193154 0.77259035902384691 1
0.40875763706673157 0.77884970854865513 1
0.62478067898583833 0.80765868447919561 1
0.86672166505138548 0.95731674942447934 1
1 0.94979222512653507 1
1.1689135209288082 0.94655172284854596 1
1.3785303915119136 0.94554884245053697 1
1.6438024102157429 0.94823069481715916 1
1.9873995424607762 0.95386705006030163 1
2.4450746292790542 0.95994317282636131 1
3.0759341414735775 0.96503989534856632 1
3.9834537084550119 0.97000194829853908 1
5.3621046896031679 0.97511034639982141 1
7.6117424809167922 0.97629956290137407 1
11.656526839178966 0.99045466643303821 1
