# beta overlap_squared safety_margin
0 0.79916069323328125 1
0.28867513459481292 0.84323021010016553 1
0.58277006440175105 0.87570496810759108 1
0.91596125873929402 0.99421375289342536 1
1 0.96442204530767164 1
1.2388797921657122 0.95555112898759904 1
1.5607104848365525 0.9409379138627138 1
2.0106178739242879 0.9245480433955449 1
2.669478291923352 0.92575908724395347 1
3.6938387272955437 0.94664050258328592 1
5.4180414575752058 0.96625952953308778 1
8.6548489963449295 0.98982044222702186 1
15.761873965352319 0.99999902718466586 1
