# beta overlap_squared safety_margin
0 0.7705841552578272 1
0.1889822365046136 0.75360978615283056 1
0.37806650904767131 0.73638492911309905 1
0.57579376985696951 0.77134254364391944 1
0.79300484669478855 0.88152527689374295 1
1 0.95908111544538191 1
1.1563835327992422 0.96087444068692239 1
1.3475365609684427 0.96165145293558287 1
1.5851861179498348 0.96063781802842114 1
1.886583210422133 0.95718375627561072 1
2.2779799028057597 0.95140225414420267 1
2.8009591283580777 0.94570261861878735 1
3.5246278478794637 0.94549105223696944 1
4.5707519223582374 0.95517518220533292 1
6.1700332212989366 0.97293267382879257 1
8.8017657060737822 0.99090083489456228 1
13.58901396232425 0.99976940777045854 1
