# beta overlap_squared safety_margin
0 0.78406612355129255 1
0.2581988897471611 0.80937608573594618 1
0.51945641946321552 0.83053058444522882 1
0.80696396422418348 0.94113680488509506 1
1 0.94443088846507824 1
1.2136605814934218 0.93225036566709932 1
1.4932377487313253 0.92695230873710102 1
1.87027724175611 0.93724860094513857 1
2.3980246015201332 0.95959206615136168 1
3.1721075633955413 0.9809131441990063 1
4.3781132775957978 0.99397186287319304 1
6.4137569676519828 0.99915466381036545 1
10.250267718139947 0.99998564485128922 1
