# beta overlap_squared safety_margin
0 0.78220003100883815 1
0.1889822365046136 0.79028350426799778 1
0.37806650904767131 0.79407726600825765 1
0.57579376985696951 0.80934289448277398 1
0.79300484669478855 0.88203582801715911 1
1 0.9529288717555398 1
1.1563835327992422 0.95058317540817944 1
1.3475365609684427 0.94838231636007983 1
1.5851861179498348 0.94697226465753052 1
1.886583210422133 0.94810009805444086 1
2.2779799028057597 0.95279687292069792 1
2.8009591283580777 0.95899949833272 1
3.5246278478794637 0.9623823025709111 1
4.5707519223582374 0.95909988098921883 1
6.1700332212989366 0.94824432663920793 1
8.8017657060737822 0.94551704521812193 1
13.58901396232425 0.99588335467562728 1
