# beta overlap_squared safety_margin
0 0.78801284518935777 1
0.24253562503633297 0.81706212716787178 1
0.48719431759775017 0.84064611964728991 1
0.75287128618014765 0.90333426131932372 1
1 0.9550496534881301 1
1.2006991692678382 0.9503184956038378 1
1.4593581818006514 0.94816784905194624 1
1.8018106837413588 0.94663365487035489 1
2.2703315716612882 0.9412914195299692 1
2.938012379403331 0.93306236367299582 1
3.9400977669487611 0.93806940026020073 1
5.5491827739233193 0.96535683411616808 1
8.3789928936622946 0.99105037066698447 1
14.031443647246025 0.99991021715949826 1
