# beta overlap_squared safety_margin
0 0.78610582294359525 1
0.22941573387056174 0.80744097598716826 1
0.46030095405982324 0.82510522094603519 1
0.7084405567227432 0.83868639061097572 1
0.99699067863836699 0.99998520836046916 1
1 0.95202707148316827 1
1.1898424085034751 0.94964362020522984 1
1.4313921388283526 0.95178508815981712 1
1.7462937244088848 0.9576968232548543 1
2.169057796116455 0.96437074389931814 1
2.7574950132674374 0.96827063928661357 1
3.6144670173190927 0.96723201726179448 1
4.9372647031746251 0.96076567343788473 1
7.1422983674415832 0.95061485364317156 1
11.225991871171423 0.97856299631474624 1
