# beta overlap_squared safety_margin
0 0.764803533107827 1
0.28867513459481292 0.75825380774530481 1
0.58277006440175105 0.78109161246723752 1
0.91596125873929402 0.98995079799178702 1
1 0.9474281457253505 1
1.2388797921657122 0.95557469221537085 1
1.5607104848365525 0.96631453171834524 1
2.0106178739242879 0.97257845937200907 1
2.669478291923352 0.97354434117479045 1
3.6938387272955437 0.97460883305466258 1
5.4180414575752058 0.98333343919286712 1
8.6548489963449295 0.99640780909298027 1
15.761873965352319 0.99999975393426929 1
