# beta overlap_squared safety_margin
0 0.78084854488064519 1
0.24253562503633297 0.79288253886903841 1
0.48719431759775017 0.80972886259103203 1
0.75287128618014765 0.89512276491329859 1
1 0.95844044974118723 1
1.2006991692678382 0.95980277509289722 1
1.4593581818006514 0.96171160285875525 1
1.8018106837413588 0.96219538068064468 1
2.2703315716612882 0.96047383383130732 1
2.938012379403331 0.95764730976371647 1
3.9400977669487611 0.95566542965115517 1
5.5491827739233193 0.95159474281770804 1
8.3789928936622946 0.93338798068439333 1
14.031443647246025 0.99619275788839211 1
