# beta overlap_squared safety_margin
0 0.76897687285217587 1
0.18569533817705186 0.74946065842555818 1
0.37141916083893406 0.73116676357429278 1
0.56525712504485637 0.76022970373033963 1
0.77736553370884764 0.85192657099187735 1
1 0.95848635368246745 1
1.1536636117001844 0.96110901487684246 1
1.3408727883268092 0.96279661186319322 1
1.5727249717272189 0.96326204625718358 1
1.8654380213124908 0.96275117276413969 1
2.2435021605293493 0.96194337373720915 1
2.7453558010583632 0.96193459719614846 1
3.4341785079447016 0.96432121036115663 1
4.4197953546585671 0.97041013806110167 1
5.9067907970655309 0.97758145095176179 1
8.311071670966804 0.9753371246186714 1
12.579634287342859 0.99027298827811579 1
