# beta overlap_squared safety_margin
0 0.79609666763368097 1
0.2581988897471611 0.83769361080456578 1
0.51945641946321552 0.86767270840383776 1
0.80696396422418348 0.95877379040157766 1
1 0.96470132287245745 1
1.2136605814934218 0.96030803794311543 1
1.4932377487313253 0.95574504806137099 1
1.87027724175611 0.94873385337899025 1
2.3980246015201332 0.9372497445255383 1
3.1721075633955413 0.92736366714546661 1
4.3781132775957978 0.92970946017356711 1
6.4137569676519828 0.93060318252787364 1
10.250267718139947 0.96599920937137819 1
