# beta overlap_squared safety_margin
0 0.78811928198891349 1
0.22360679774997896 0.80483559505221341 1
0.44842904380673132 0.81535857158052521 1
0.68900431182951061 0.83533959675670267 1
0.96618194873732166 0.99806693458343469 1
1 0.95518234203210252 1
1.1850354913606584 0.95388722275215972 1
1.4191291626379741 0.95380524251803935 1
1.7222332436853931 0.95459832424932045 1
2.1257953387917037 0.95618255476091053 1
2.6817665047222272 0.95697852403419243 1
3.4810141270982013 0.95240224796194618 1
4.6941222828186469 0.93971580891891213 1
6.6713274828454239 0.93335340169824529 1
10.220573179539699 0.96695244602884039 1
