# beta overlap_squared safety_margin
0 0.78209252468726537 1
0.22941573387056174 0.80270743456350192 1
0.46030095405982324 0.81663723655167801 1
0.7084405567227432 0.82526938007446016 1
0.99699067863836699 0.99998376222058897 1
1 0.94760980222359649 1
1.1898424085034751 0.94551862384120565 1
1.4313921388283526 0.94759520499148811 1
1.7462937244088848 0.95202960187601943 1
2.169057796116455 0.95729243154673234 1
2.7574950132674374 0.96345895791856348 1
3.6144670173190927 0.96844509703920057 1
4.9372647031746251 0.96609196680509206 1
7.1422983674415832 0.95831452429146994 1
11.225991871171423 0.98314062737633638 1
