# beta overlap_squared safety_margin
0 0.7794276845047298 1
0.2581988897471611 0.79883397090731451 1
0.51945641946321552 0.81977780351286041 1
0.80696396422418348 0.94191927240431925 1
1 0.95118196798606964 1
1.2136605814934218 0.94709903567422774 1
1.4932377487313253 0.94487559773812026 1
1.87027724175611 0.94505348319885724 1
2.3980246015201332 0.94942165823044678 1
3.1721075633955413 0.95924103575006204 1
4.3781132775957978 0.97366586172003669 1
6.4137569676519828 0.98994512773598901 1
10.250267718139947 0.99920037748329828 1
