# beta overlap_squared safety_margin
0 0.77994295884174408 1
0.20000000000000001 0.79034820017493299 1
0.40038684124269319 0.79770879574505454 1
0.61136268430624585 0.81555152798453722 1
0.84635800812295692 0.94279958642615803 1
1 0.95260278955050144 1
1.1655007747730031 0.95067511353099731 1
1.3700404563174169 0.94987356459299323 1
1.6276380242316071 0.95054316048980179 1
1.9593749645980094 0.95330985203907585 1
2.3981761041256755 0.9580871488690397 1
2.99783740826846 0.96269868434640685 1
3.8511946226209526 0.96313836035064023 1
5.1296231187955774 0.95719276404755193 1
7.1775094149048932 0.95061607847433857 1
10.767173154358705 0.96808644019243247 1
