# beta overlap_squared safety_margin
0 0.77834718557188921 1
0.21821789023599239 0.7914490772401537 1
0.43743398597027794 0.80451061627023607 1
0.67109553658908716 0.81657645375330659 1
0.93809791824838751 0.99173579531747801 1
1 0.94465701875611706 1
1.1805761495169342 0.9407804280647946 1
1.4078179976646297 0.94171421303765355 1
1.7001928798775396 0.94699738640546897 1
2.0864979161535069 0.95351226201430085 1
2.6136967596500504 0.95864180274101931 1
3.362649585022091 0.96309395080587294 1
4.4822008127350843 0.97105620406928544 1
6.2703783830197697 0.98513653395781965 1
9.3923735319191053 0.99728267291780607 1
15.564107126494569 0.99999910343064001 1
