# beta overlap_squared safety_margin
0 0.78027414241772239 1
0.18569533817705186 0.77986576007888653 1
0.37141916083893406 0.77590337511221729 1
0.56525712504485637 0.79956602699723634 1
0.77736553370884764 0.86442335490567414 1
1 0.95761634889482841 1
1.1536636117001844 0.95697546766444405 1
1.3408727883268092 0.95628334466932419 1
1.5727249717272189 0.9557901940872277 1
1.8654380213124908 0.95601106612363175 1
2.2435021605293493 0.95692985784717162 1
2.7453558010583632 0.95716045126036156 1
3.4341785079447016 0.95376362685193064 1
4.4197953546585671 0.94322833562350936 1
5.9067907970655309 0.9287212390247627 1
8.311071670966804 0.93395940567966969 1
12.579634287342859 0.98998857904919399 1
