# beta overlap_squared safety_margin
0 0.78551352798548936 1
0.19245008972987526 0.8078646722831973 1
0.38508538932548986 0.82412029741293674 1
0.58694687503750453 0.82860612705918229 1
0.8096397396675864 0.89535511251065298 1
1 0.9395335382731985 1
1.1592531947771416 0.93118836582867231 1
1.3545919447470389 0.92819747156275222 1
1.5984340645239343 0.93064871420779155 1
1.909173811567026 0.93640467106811341 1
2.3150321690799678 0.94540275872751759 1
2.8611471195975477 0.95861971195769231 1
3.6234201580397976 0.97435511208743341 1
4.7375368510511251 0.98848682897476352 1
6.4652873548491847 0.99710470509519532 1
9.3634514452861257 0.99977646974845551 1
14.777977835447796 0.99999973639259786 1
