# beta overlap_squared safety_margin
0 0.77806115346492835 1
0.18257418583505536 0.78397745046221436 1
0.3651116458088346 0.78450933782380562 1
0.55528204707535733 0.77875653081223398 1
0.76262589949288251 0.78973828851376016 1
1 0.94168420937831557 1
1.1510808460462594 0.94519520885627777 1
1.3345661324939027 0.95112604582208699 1
1.5609776074056925 0.9574791632942374 1
1.8455960387673744 0.96315784029479142 1
2.211328478119075 0.96750639118709058 1
2.693818467373553 0.96975202298583284 1
3.3510454487224766 0.96895172412797345 1
4.28252279563279 0.9642923097850604 1
5.6707164996232233 0.95686586961415989 1
7.8791621911593097 0.95648634777158662 1
11.714001311724056 0.98774281864743017 1
