# beta overlap_squared safety_margin
0 0.77372194901749927 1
0.22941573387056174 0.77804234671428595 1
0.46030095405982324 0.7953178744946972 1
0.7084405567227432 0.82043424093164565 1
0.99699067863836699 0.99998417045209021 1
1 0.95039713296955277 1
1.1898424085034751 0.95127645212230895 1
1.4313921388283526 0.95533889418822178 1
1.7462937244088848 0.96040117669450967 1
2.169057796116455 0.96547460232296349 1
2.7574950132674374 0.97144102282350177 1
3.6144670173190927 0.97828547922699658 1
4.9372647031746251 0.98215458960795765 1
7.1422983674415832 0.9748799842329333 1
11.225991871171423 0.97931988483996325 1
