# beta overlap_squared safety_margin
0 0.76399263691267678 1
0.24253562503633297 0.74136917278069706 1
0.48719431759775017 0.75987084976752142 1
0.75287128618014765 0.88170608934811812 1
1 0.95829267588587429 1
1.2006991692678382 0.96325262610984031 1
1.4593581818006514 0.96757258744661038 1
1.8018106837413588 0.96846969503109051 1
2.2703315716612882 0.96388185180221585 1
2.938012379403331 0.95496235947288837 1
3.9400977669487611 0.95047081163069908 1
5.5491827739233193 0.96308510618339688 1
8.3789928936622946 0.98694937929431 1
14.031443647246025 0.99983918789162245 1
