# beta overlap_squared safety_margin
0 0.77152202075396349 1
0.18569533817705186 0.75692940544115923 1
0.37141916083893406 0.74119948617988955 1
0.56525712504485637 0.76210472353793012 1
0.77736553370884764 0.84546541854042526 1
1 0.9559554631269103 1
1.1536636117001844 0.95968572017970863 1
1.3408727883268092 0.96359556700250783 1
1.5727249717272189 0.96685103524178038 1
1.8654380213124908 0.96849473905176502 1
2.2435021605293493 0.9670843018643187 1
2.7453558010583632 0.96067656989989829 1
3.4341785079447016 0.94931474290634866 1
4.4197953546585671 0.94222506688364926 1
5.9067907970655309 0.95281054311401005 1
8.311071670966804 0.96903910881809804 1
12.579634287342859 0.9933393522386848 1
