# beta overlap_squared safety_margin
0 0.78596422401957457 1
0.2672612419124244 0.80759084370848639 1
0.53820531432560648 0.83852833212106071 1
0.83882895170055694 0.97002507325351394 1
1 0.96423833459792728 1
1.2211597130165059 0.96493785824471556 1
1.5130859829728873 0.96594477739563173 1
1.9110077302387316 0.96428208225255934 1
2.4754595804343955 0.95565744927922691 1
3.3175947710897118 0.93741720181732461 1
4.6592701009785173 0.91683393688464963 1
6.9936188337291281 0.9185569520557957 1
11.585605929142824 0.98690685568837108 1
