# beta overlap_squared safety_margin
0 0.74884338670260002 1
0.2581988897471611 0.71214208468772928 1
0.51945641946321552 0.77648682419902 1
0.80696396422418348 0.94869960786434605 1
1 0.96604968310058994 1
1.2136605814934218 0.96939377844953864 1
1.4932377487313253 0.97233935373923012 1
1.87027724175611 0.97492154259025362 1
2.3980246015201332 0.9762548061788857 1
3.1721075633955413 0.97301425593214266 1
4.3781132775957978 0.96175679616471952 1
6.4137569676519828 0.950928329992165 1
10.250267718139947 0.97330224289306025 1
