# beta overlap_squared safety_margin
0 0.78854296012114387 1
0.24253562503633297 0.82541361827724821 1
0.48719431759775017 0.8566630637838961 1
0.75287128618014765 0.91537886539456024 1
1 0.95947399895829656 1
1.2006991692678382 0.95193962878612459 1
1.4593581818006514 0.9447009703596147 1
1.8018106837413588 0.9389084589179044 1
2.2703315716612882 0.93568886632186911 1
2.938012379403331 0.93543684689545257 1
3.9400977669487611 0.93693580870645969 1
5.5491827739233193 0.94797927728867763 1
8.3789928936622946 0.97918095667107313 1
14.031443647246025 0.99976261519418442 1
