# beta overlap_squared safety_margin
0 0.78268618381689369 1
0.22360679774997896 0.7873147822257256 1
0.44842904380673132 0.78060796947249339 1
0.68900431182951061 0.8008087946611068 1
0.96618194873732166 0.99772902453500091 1
1 0.94956926475907787 1
1.1850354913606584 0.95113624483089488 1
1.4191291626379741 0.95262770458267856 1
1.7222332436853931 0.95378867769102762 1
2.1257953387917037 0.95640616659977562 1
2.6817665047222272 0.96137867356122576 1
3.4810141270982013 0.96584691474489979 1
4.6941222828186469 0.96788879078255887 1
6.6713274828454239 0.97601938259664949 1
10.220573179539699 0.99416235502977524 1
