# beta overlap_squared safety_margin
0 0.78093211712270058 1
0.23570226039551587 0.79618826094490163 1
0.47317302592123117 0.81779300273360986 1
0.72963520376432101 0.8701427796651657 1
1 0.95541852656780103 1
1.1950445335560298 0.95124988973378796 1
1.4447456613041543 0.94615240985697911 1
1.7726902293169602 0.93922399520133297 1
2.2169575180006529 0.93420677768307916 1
2.8423080628048933 0.94174450921149254 1
3.7661415013236814 0.96264242263944562 1
5.2190043118560405 0.9803904915868066 1
7.7025931305718904 0.99122238154857856 1
12.467529131132677 0.99951522795506129 1
