# beta overlap_squared safety_margin
0 0.78204587680231093 1
0.22360679774997896 0.77931727689073681 1
0.44842904380673132 0.76144397654707609 1
0.68900431182951061 0.78114290701491818 1
0.96618194873732166 0.99751669856649205 1
1 0.94623636220932379 1
1.1850354913606584 0.95163520544883905 1
1.4191291626379741 0.95898646245275373 1
1.7222332436853931 0.96616901767654462 1
2.1257953387917037 0.97170494807798959 1
2.6817665047222272 0.97461888528247304 1
3.4810141270982013 0.97490806809548383 1
4.6941222828186469 0.97381943454651359 1
6.6713274828454239 0.97059708210417204 1
10.220573179539699 0.97520250130873033 1
