# beta overlap_squared safety_margin
0 0.7940270348390726 1
0.27735009811261457 0.78985465883160979 1
0.55915398583878828 0.74971441383511913 1
0.87483332288943982 0.96841987249874944 1
1 0.9350839830789838 1
1.2295082806050306 0.94734222760780961 1
1.5353963630835654 0.96096116447232569 1
1.9573401447557917 0.97279676858596399 1
2.5648833348763378 0.98462862128189759 1
3.4889249004960829 0.99473583379804481 1
4.9991337723689657 0.99935599099713802 1
7.7203871147472505 0.99999072184905171 1
13.349144695125982 0.99999999912389124 1
