# beta overlap_squared safety_margin
0 0.78138290924765226 1
0.24253562503633297 0.78559000297870714 1
0.48719431759775017 0.77060646170164083 1
0.75287128618014765 0.86325553496256527 1
1 0.95045242128669615 1
1.2006991692678382 0.95840540433261253 1
1.4593581818006514 0.96567072004872921 1
1.8018106837413588 0.96910589619045872 1
2.2703315716612882 0.96673694700798596 1
2.938012379403331 0.95740827109063639 1
3.9400977669487611 0.94960917964370217 1
5.5491827739233193 0.96325993243696011 1
8.3789928936622946 0.98917733534660702 1
14.031443647246025 0.99989098269841096 1
