# beta overlap_squared safety_margin
0 0.7809430280886051 1
0.18257418583505536 0.78721687148256997 1
0.3651116458088346 0.78178600843826318 1
0.55528204707535733 0.77906134930250758 1
0.76262589949288251 0.80902082318201088 1
1 0.95029640716433429 1
1.1510808460462594 0.95219829363226002 1
1.3345661324939027 0.95349961302211097 1
1.5609776074056925 0.95348139296093712 1
1.8455960387673744 0.95292126067515989 1
2.211328478119075 0.95355446734150448 1
2.693818467373553 0.95705164788777886 1
3.3510454487224766 0.96435010822531423 1
4.28252279563279 0.97500197156285195 1
5.6707164996232233 0.98584797853801257 1
7.8791621911593097 0.99205301453772275 1
11.714001311724056 0.99579851501541485 1
