# beta overlap_squared safety_margin
0 0.77111639154453746 1
0.25 0.77917532020039813 1
0.50254699252741175 0.82015186254477031 1
0.77850010233965139 0.93124531796149473 1
1 0.96345476787153423 1
1.2068759684662538 0.96302924206152009 1
1.4754365146433641 0.96273649618813428 1
1.8341372238980695 0.96182105532994089 1
2.3302362466618676 0.9593739170282509 1
3.0469320091364813 0.95361484011303014 1
4.141688992226678 0.94381183610829942 1
5.9412038441063242 0.94216350993731897 1
9.2096066566567725 0.96211708646214692 1
