# beta overlap_squared safety_margin
0 0.7838935959304932 1
0.22360679774997896 0.80398485631459032 1
0.44842904380673132 0.80843464417650819 1
0.68900431182951061 0.80428720491053306 1
0.96618194873732166 0.99750921065734684 1
1 0.94262178721882586 1
1.1850354913606584 0.94438751399194947 1
1.4191291626379741 0.95000725526919284 1
1.7222332436853931 0.95493325687918836 1
2.1257953387917037 0.95800864347875502 1
2.6817665047222272 0.96195100278148103 1
3.4810141270982013 0.96836147689896499 1
4.6941222828186469 0.97335327588720248 1
6.6713274828454239 0.97300179261304642 1
10.220573179539699 0.97970543500574161 1
