# beta overlap_squared safety_margin
0 0.79026587629822305 1
0.25 0.81268463332528305 1
0.50254699252741175 0.81883197509158518 1
0.77850010233965139 0.91720676849370597 1
1 0.95416279864300716 1
1.2068759684662538 0.95567941789766268 1
1.4754365146433641 0.95970261224010302 1
1.8341372238980695 0.96373218367886066 1
2.3302362466618676 0.96619004651396988 1
3.0469320091364813 0.96708572797167563 1
4.141688992226678 0.96688134494034834 1
5.9412038441063242 0.96020887510393946 1
9.2096066566567725 0.92428760305781045 1
