# beta overlap_squared safety_margin
0 0.77878036017329356 1
0.19611613513818404 0.78831107659118221 1
0.39251180409527381 0.80510378340198105 1
0.59877916326480085 0.83075619514977279 1
0.8273811090206632 0.93223504129721597 1
1 0.95725027869943983 1
1.1622868615542821 0.95469974150151577 1
1.3620782422766378 0.95184133347236627 1
1.612552532641732 0.9474462036181999 1
1.9333741050354873 0.94155179095652801 1
2.3549742660901725 0.93840238560667397 1
2.9265312318047969 0.94493863269180393 1
3.7317827542865976 0.96056450704502978 1
4.9227591575222025 0.97488324924850105 1
6.7985826034746406 0.97873587157326008 1
10.011793082182512 0.96917128995521943 1
