# beta overlap_squared safety_margin
0 0.77483323945575596 1
0.20000000000000001 0.77941096458056335 1
0.40038684124269319 0.79090349069367322 1
0.61136268430624585 0.80505158968905717 1
0.84635800812295692 0.93506237480304368 1
1 0.94473577472084357 1
1.1655007747730031 0.94403879356196579 1
1.3700404563174169 0.94768189867509011 1
1.6276380242316071 0.95327357263365778 1
1.9593749645980094 0.95760213794086322 1
2.3981761041256755 0.95905896856002354 1
2.99783740826846 0.95880788275350425 1
3.8511946226209526 0.96000057911188289 1
5.1296231187955774 0.96494759507706151 1
7.1775094149048932 0.97518898081902556 1
10.767173154358705 0.99285778673651223 1
