# beta overlap_squared safety_margin
0 0.76654658261407658 1
0.21821789023599239 0.75780884321194135 1
0.43743398597027794 0.77715392400343642 1
0.67109553658908716 0.81476730213740983 1
0.93809791824838751 0.99225976977669525 1
1 0.94958280063746527 1
1.1805761495169342 0.94658995939447437 1
1.4078179976646297 0.945240392172792 1
1.7001928798775396 0.94615863313339711 1
2.0864979161535069 0.95032957217712097 1
2.6136967596500504 0.95841165285907956 1
3.362649585022091 0.96975882134629638 1
4.4822008127350843 0.98265531295890761 1
6.2703783830197697 0.99381980362039447 1
9.3923735319191053 0.99923666443375544 1
15.564107126494569 0.9999998168128876 1
