# beta overlap_squared safety_margin
0 0.78008933201729594 1
0.22941573387056174 0.7930840942962525 1
0.46030095405982324 0.80510692214226214 1
0.7084405567227432 0.8341913272892729 1
0.99699067863836699 0.99998613609603872 1
1 0.95717698873100862 1
1.1898424085034751 0.95775315861421416 1
1.4313921388283526 0.9575839505040607 1
1.7462937244088848 0.95456413713689501 1
2.169057796116455 0.94894056569185602 1
2.7574950132674374 0.94567364294901455 1
3.6144670173190927 0.95248334015413713 1
4.9372647031746251 0.96741384869330861 1
7.1422983674415832 0.97461851005131579 1
11.225991871171423 0.98601868677888268 1
