# beta overlap_squared safety_margin
0 0.7724951608084924 1
0.28867513459481292 0.79576749629252651 1
0.58277006440175105 0.83741894773615191 1
0.91596125873929402 0.99265021745799017 1
1 0.95764988065042968 1
1.2388797921657122 0.9548923830493988 1
1.5607104848365525 0.95433837505172325 1
2.0106178739242879 0.95560466618619238 1
2.669478291923352 0.95686578189764378 1
3.6938387272955437 0.95908367625213246 1
5.4180414575752058 0.96413801133900147 1
8.6548489963449295 0.9683345649763308 1
15.761873965352319 0.99998861343523197 1
