# beta overlap_squared safety_margin
0 0.78149949531853961 1
0.24253562503633297 0.79599012015351515 1
0.48719431759775017 0.80729520848708128 1
0.75287128618014765 0.88513138200623706 1
1 0.95183334888033091 1
1.2006991692678382 0.95296403316401104 1
1.4593581818006514 0.95726342417908042 1
1.8018106837413588 0.96267767385981124 1
2.2703315716612882 0.96662973073325379 1
2.938012379403331 0.96559918955029296 1
3.9400977669487611 0.95504850776916319 1
5.5491827739233193 0.93810344000294805 1
8.3789928936622946 0.94674499961382118 1
14.031443647246025 0.99861490052103139 1
