# beta overlap_squared safety_margin
0 0.78622617716046027 1
0.27735009811261457 0.80525829070398613 1
0.55915398583878828 0.81482994336579178 1
0.87483332288943982 0.97675118425927307 1
1 0.94257015277637439 1
1.2295082806050306 0.93639552737354333 1
1.5353963630835654 0.93737582738486942 1
1.9573401447557917 0.94896104436037837 1
2.5648833348763378 0.96952205425923546 1
3.4889249004960829 0.98923400964788524 1
4.9991337723689657 0.99857200908482664 1
7.7203871147472505 0.99997464767900792 1
13.349144695125982 0.99999999597648566 1
