# beta overlap_squared safety_margin
0 0.78901163736111362 1
0.25 0.78660878520151312 1
0.50254699252741175 0.76064015203428698 1
0.77850010233965139 0.89094429206667857 1
1 0.94740953339708096 1
1.2068759684662538 0.95631061834331771 1
1.4754365146433641 0.96406461322830263 1
1.8341372238980695 0.96790136659423926 1
2.3302362466618676 0.96833391974463074 1
3.0469320091364813 0.96691371495497688 1
4.141688992226678 0.96708597742131557 1
5.9412038441063242 0.97619587270974723 1
9.2096066566567725 0.99276230378009124 1
