# beta overlap_squared safety_margin
0 0.78245905989521237 1
0.18569533817705186 0.79282655344307481 1
0.37141916083893406 0.79770191620830399 1
0.56525712504485637 0.80389822603949043 1
0.77736553370884764 0.83870195445314965 1
1 0.94023754749327915 1
1.1536636117001844 0.93476716313514295 1
1.3408727883268092 0.93408629574328144 1
1.5727249717272189 0.94007793966038926 1
1.8654380213124908 0.95073662614902573 1
2.2435021605293493 0.96183315651257046 1
2.7453558010583632 0.97052959647289245 1
3.4341785079447016 0.97566572960874148 1
4.4197953546585671 0.97648287889837038 1
5.9067907970655309 0.97384212582315692 1
8.311071670966804 0.974272529774652 1
12.579634287342859 0.9954000213578452 1
