# beta overlap_squared safety_margin
0 0.77979652210401943 1
0.19245008972987526 0.77716639915659581 1
0.38508538932548986 0.75910741526997761 1
0.58694687503750453 0.77156360164791385 1
0.8096397396675864 0.89340636758456312 1
1 0.95281930747013971 1
1.1592531947771416 0.95468652290199856 1
1.3545919447470389 0.95626255073891529 1
1.5984340645239343 0.95751793394423291 1
1.909173811567026 0.95891330606135346 1
2.3150321690799678 0.96041456318029739 1
2.8611471195975477 0.96117719857689265 1
3.6234201580397976 0.96153012464352339 1
4.7375368510511251 0.96557544081565518 1
6.4652873548491847 0.97494478074562816 1
9.3634514452861257 0.97661003105884819 1
14.777977835447796 0.99929618000744806 1
