# beta overlap_squared safety_margin
0 0.7722199467082128 1
0.25 0.77621711949075165 1
0.50254699252741175 0.7938761716715683 1
0.77850010233965139 0.91056978142810288 1
1 0.95002828541807681 1
1.2068759684662538 0.94892651014417151 1
1.4754365146433641 0.94947102902512814 1
1.8341372238980695 0.95170198577939915 1
2.3302362466618676 0.95673265175439141 1
3.0469320091364813 0.96516387699997339 1
4.141688992226678 0.97591634987708195 1
5.9412038441063242 0.98739688879171734 1
9.2096066566567725 0.99707069626082684 1
