# beta overlap_squared safety_margin
0 0.77429125295119879 1
0.19611613513818404 0.75733872374066414 1
0.39251180409527381 0.73332480722368814 1
0.59877916326480085 0.76921568146914939 1
0.8273811090206632 0.9203371482308411 1
1 0.95542184170639032 1
1.1622868615542821 0.95683534525056271 1
1.3620782422766378 0.95855121167641138 1
1.612552532641732 0.96126184697020026 1
1.9333741050354873 0.96531174910975742 1
2.3549742660901725 0.97044241567899508 1
2.9265312318047969 0.97589924472557856 1
3.7317827542865976 0.98061691379996462 1
4.9227591575222025 0.98405907344183874 1
6.7985826034746406 0.9871201140952654 1
10.011793082182512 0.98990924935301916 1
