# beta overlap_squared safety_margin
0 0.76256708555472069 1
0.2672612419124244 0.74468036083434062 1
0.53820531432560648 0.77894461488195587 1
0.83882895170055694 0.96232256720372433 1
1 0.95975765998445647 1
1.2211597130165059 0.96480286946545936 1
1.5130859829728873 0.96881655135808095 1
1.9110077302387316 0.97014413121431527 1
2.4754595804343955 0.96866169246944217 1
3.3175947710897118 0.96785286447744533 1
4.6592701009785173 0.97422932652357201 1
6.9936188337291281 0.98137652223590813 1
11.585605929142824 0.99190739452208076 1
