# beta overlap_squared safety_margin
0 0.77065513754665598 1
0.18569533817705186 0.75216956803648167 1
0.37141916083893406 0.73692019415361404 1
0.56525712504485637 0.76565518129945935 1
0.77736553370884764 0.84389145388782907 1
1 0.95171575656726555 1
1.1536636117001844 0.95230861247713878 1
1.3408727883268092 0.95370057326599577 1
1.5727249717272189 0.9556007269358878 1
1.8654380213124908 0.95725600402304531 1
2.2435021605293493 0.95775638390237931 1
2.7453558010583632 0.95732149857450653 1
3.4341785079447016 0.95917681829139286 1
4.4197953546585671 0.96809092135758438 1
5.9067907970655309 0.98319172129877795 1
8.311071670966804 0.99566127533487861 1
12.579634287342859 0.99985518794996182 1
