# beta overlap_squared safety_margin
0 0.78467862761316157 1
0.22360679774997896 0.81014110929488816 1
0.44842904380673132 0.82929131636488807 1
0.68900431182951061 0.83846394583605749 1
0.96618194873732166 0.99793063815817466 1
1 0.9492282231297718 1
1.1850354913606584 0.94322837434255957 1
1.4191291626379741 0.94126443621737387 1
1.7222332436853931 0.94497429548543439 1
2.1257953387917037 0.95308643630425227 1
2.6817665047222272 0.9617317188144571 1
3.4810141270982013 0.96727752486917861 1
4.6941222828186469 0.96910008423195007 1
6.6713274828454239 0.97160621381114482 1
10.220573179539699 0.98090687458672151 1
