# beta overlap_squared safety_margin
0 0.78416382310491925 1
0.28867513459481292 0.79109946502138213 1
0.58277006440175105 0.75848844161169177 1
0.91596125873929402 0.98647586347955073 1
1 0.9267225351617204 1
1.2388797921657122 0.94122911764527707 1
1.5607104848365525 0.96458451478000006 1
2.0106178739242879 0.98320662695169976 1
2.669478291923352 0.99406046083092335 1
3.6938387272955437 0.99878778829806806 1
5.4180414575752058 0.99992644435802122 1
8.6548489963449295 0.9999997203323812 1
15.761873965352319 0.99999999999995917 1
