# beta overlap_squared safety_margin
0 0.78007521883478749 1
0.22941573387056174 0.79125094081738753 1
0.46030095405982324 0.80127820835088277 1
0.7084405567227432 0.82085619221226729 1
0.99699067863836699 0.99998389514780577 1
1 0.94847873961364222 1
1.1898424085034751 0.94623800996177891 1
1.4313921388283526 0.9477766199969183 1
1.7462937244088848 0.95373624639158246 1
2.169057796116455 0.96255970818680668 1
2.7574950132674374 0.97194621432101162 1
3.6144670173190927 0.98150639031772608 1
4.9372647031746251 0.99103159034161688 1
7.1422983674415832 0.99746500674679672 1
11.225991871171423 0.99925175410316194 1
