# beta overlap_squared safety_margin
0 0.78066664696962709 1
0.23570226039551587 0.80094316208909748 1
0.47317302592123117 0.82559153781063824 1
0.72963520376432101 0.87324453052021172 1
1 0.95505350788375409 1
1.1950445335560298 0.95009493532046764 1
1.4447456613041543 0.94607840895278907 1
1.7726902293169602 0.9440617149913513 1
2.2169575180006529 0.94609680466025282 1
2.8423080628048933 0.95375148451264305 1
3.7661415013236814 0.96366541729649339 1
5.2190043118560405 0.96730889798041379 1
7.7025931305718904 0.96186722950410956 1
12.467529131132677 0.99268049127785604 1
