# beta overlap_squared safety_margin
0 0.76277033553180611 1
0.2581988897471611 0.74321982805561375 1
0.51945641946321552 0.76238802716111083 1
0.80696396422418348 0.93441316882474948 1
1 0.95608555323930381 1
1.2136605814934218 0.9638791142911056 1
1.4932377487313253 0.97193566015414494 1
1.87027724175611 0.97762677257216615 1
2.3980246015201332 0.97989625330681806 1
3.1721075633955413 0.9784549768468667 1
4.3781132775957978 0.97367768560225936 1
6.4137569676519828 0.97048614958801907 1
10.250267718139947 0.98601754034752018 1
