# beta overlap_squared safety_margin
0 0.76639222355360453 1
0.23570226039551587 0.72519290393059266 1
0.47317302592123117 0.70765657583146073 1
0.72963520376432101 0.82452701867170749 1
1 0.95500258235906765 1
1.1950445335560298 0.96166501140417722 1
1.4447456613041543 0.96753955244363237 1
1.7726902293169602 0.97221665729674035 1
2.2169575180006529 0.97563670968896629 1
2.8423080628048933 0.97745177224168129 1
3.7661415013236814 0.97759570473236586 1
5.2190043118560405 0.97863920803961172 1
7.7025931305718904 0.98587089427361375 1
12.467529131132677 0.99891607405466106 1
