# beta overlap_squared safety_margin
0 0.77647120203503386 1
0.20851441405707477 0.7677455937418041 1
0.41767857196763125 0.73702872544787195 1
0.63912991983439982 0.76567594419889248 1
0.88865064444645181 0.97100230311948216 1
1 0.95728654421008469 1
1.1725464853889231 0.96284109278386098 1
1.3876080267413609 0.96665510322675194 1
1.6611761827924933 0.96868079253241081 1
2.0177104891348279 0.96933712646285648 1
2.4961898205291013 0.96924263048881658 1
3.1618691763778073 0.96939866277373361 1
4.1307667520405857 0.97059495295741137 1
5.6251933168668025 0.97141195161639334 1
8.1137829653969433 0.96553512648614842 1
12.716066260019831 0.99039281521241381 1
