# beta overlap_squared safety_margin
0 0.78789489806517011 1
0.22360679774997896 0.80382293928646165 1
0.44842904380673132 0.78679887354816175 1
0.68900431182951061 0.76652263264699241 1
0.96618194873732166 0.99706209730224936 1
1 0.93562642641317168 1
1.1850354913606584 0.94303819945524358 1
1.4191291626379741 0.95386024391278096 1
1.7222332436853931 0.96315046462392402 1
2.1257953387917037 0.96835540548480131 1
2.6817665047222272 0.96934770308772234 1
3.4810141270982013 0.97033624840495178 1
4.6941222828186469 0.97804623183899461 1
6.6713274828454239 0.99112736542855071 1
10.220573179539699 0.99903943433498879 1
