# beta overlap_squared safety_margin
0 0.78611987849100941 1
0.25 0.82119318911756811 1
0.50254699252741175 0.85289275947399717 1
0.77850010233965139 0.93533315444412904 1
1 0.96013054369342756 1
1.2068759684662538 0.95337246630245004 1
1.4754365146433641 0.9449595484779925 1
1.8341372238980695 0.93427206649782577 1
2.3302362466618676 0.92616202438614484 1
3.0469320091364813 0.93302643825658493 1
4.141688992226678 0.95404315171806811 1
5.9412038441063242 0.97263060535736049 1
9.2096066566567725 0.98905384842624121 1
