# beta overlap_squared safety_margin
0 0.77081865095260015 1
0.24253562503633297 0.77552596983272573 1
0.48719431759775017 0.81441748267381544 1
0.75287128618014765 0.90542012759175551 1
1 0.96083593265780341 1
1.2006991692678382 0.95769967491820243 1
1.4593581818006514 0.95231477088509769 1
1.8018106837413588 0.94235115565508609 1
2.2703315716612882 0.93051098341597578 1
2.938012379403331 0.93239769390442989 1
3.9400977669487611 0.9575762795793788 1
5.5491827739233193 0.98562815675682244 1
8.3789928936622946 0.99823119745318969 1
14.031443647246025 0.99999346671210054 1
