# beta overlap_squared safety_margin
0 0.77877919033934429 1
0.19611613513818404 0.7766242013961058 1
0.39251180409527381 0.77787242812965422 1
0.59877916326480085 0.80844736924354364 1
0.8273811090206632 0.92737578858844779 1
1 0.95624695817834772 1
1.1622868615542821 0.95590656497460009 1
1.3620782422766378 0.95697570464113793 1
1.612552532641732 0.95946523537960092 1
1.9333741050354873 0.96262948844244216 1
2.3549742660901725 0.96524676287168088 1
2.9265312318047969 0.96630529899105501 1
3.7317827542865976 0.96502949183589315 1
4.9227591575222025 0.95989073648281298 1
6.7985826034746406 0.94678577064397669 1
10.011793082182512 0.92311559189276855 1
