# beta overlap_squared safety_margin
0 0.78684759470266975 1
0.22360679774997896 0.8104750701154672 1
0.44842904380673132 0.82576248949747662 1
0.68900431182951061 0.84458383114343733 1
0.96618194873732166 0.99818803525479298 1
1 0.95831997688179686 1
1.1850354913606584 0.95852240780979823 1
1.4191291626379741 0.96061802676631124 1
1.7222332436853931 0.96309399562488631 1
2.1257953387917037 0.96459849257927569 1
2.6817665047222272 0.96461601355594026 1
3.4810141270982013 0.96336860916143027 1
4.6941222828186469 0.9597069389854973 1
6.6713274828454239 0.94801620131579762 1
10.220573179539699 0.94995031355453344 1
