# beta overlap_squared safety_margin
0 0.77342706514719632 1
0.21821789023599239 0.78562834617361053 1
0.43743398597027794 0.79757634125768299 1
0.67109553658908716 0.79500988251793431 1
0.93809791824838751 0.99035586612600054 1
1 0.93711203897337041 1
1.1805761495169342 0.9384138740737115 1
1.4078179976646297 0.94647953181872253 1
1.7001928798775396 0.95615712365081502 1
2.0864979161535069 0.96376445556932284 1
2.6136967596500504 0.96869495745280964 1
3.362649585022091 0.97164484433911009 1
4.4822008127350843 0.97491001104274473 1
6.2703783830197697 0.98395310316026894 1
9.3923735319191053 0.99606364130152061 1
15.564107126494569 0.99999826967923142 1
