# beta overlap_squared safety_margin
0 0.77921608382474643 1
0.18257418583505536 0.78638141099287728 1
0.3651116458088346 0.79433975496933847 1
0.55528204707535733 0.81117825693115988 1
0.76262589949288251 0.8340740833450208 1
1 0.95116258797085002 1
1.1510808460462594 0.94710557662204213 1
1.3345661324939027 0.94272384971645563 1
1.5609776074056925 0.93808153842705893 1
1.8455960387673744 0.93499017738662649 1
2.211328478119075 0.93723664931934151 1
2.693818467373553 0.94694839900494859 1
3.3510454487224766 0.96072241975958049 1
4.28252279563279 0.97241128550506611 1
5.6707164996232233 0.97888271696220517 1
7.8791621911593097 0.98280122289738064 1
11.714001311724056 0.99502327267829555 1
