# beta overlap_squared safety_margin
0 0.79240494980580571 1
0.2672612419124244 0.82282941897642751 1
0.53820531432560648 0.84127769183592167 1
0.83882895170055694 0.96685138032379661 1
1 0.95704847637943338 1
1.2211597130165059 0.95444227415790359 1
1.5130859829728873 0.95347080735087559 1
1.9110077302387316 0.95331301028026513 1
2.4754595804343955 0.9543412735089372 1
3.3175947710897118 0.95583388192066705 1
4.6592701009785173 0.95049455942968122 1
6.9936188337291281 0.93618983061068756 1
11.585605929142824 0.98535147932348826 1
