# beta overlap_squared safety_margin
0 0.77720973922245255 1
0.20000000000000001 0.77772060662043266 1
0.40038684124269319 0.76382737394017608 1
0.61136268430624585 0.76275395826089995 1
0.84635800812295692 0.93142189151821512 1
1 0.95264356685559655 1
1.1655007747730031 0.96038430439338433 1
1.3700404563174169 0.96692445037014113 1
1.6276380242316071 0.97071293590884278 1
1.9593749645980094 0.97167401369028458 1
2.3981761041256755 0.97043643836924985 1
2.99783740826846 0.96821978687518982 1
3.8511946226209526 0.96649081019522761 1
5.1296231187955774 0.96517431556932578 1
7.1775094149048932 0.96042645977885109 1
10.767173154358705 0.96562870008700416 1
