# beta overlap_squared safety_margin
0 0.79483875827524014 1
0.24253562503633297 0.81868369108733954 1
0.48719431759775017 0.82618101107783238 1
0.75287128618014765 0.89526684611876673 1
1 0.954786222627186 1
1.2006991692678382 0.95287316688845822 1
1.4593581818006514 0.95218049022193388 1
1.8018106837413588 0.95187781983894096 1
2.2703315716612882 0.95137009585226381 1
2.938012379403331 0.95135113314248909 1
3.9400977669487611 0.95651800052254073 1
5.5491827739233193 0.97172344199295943 1
8.3789928936622946 0.99015449330746297 1
14.031443647246025 0.99981913834986729 1
