# beta overlap_squared safety_margin
0 0.77988378574440275 1
0.22941573387056174 0.78981902331653334 1
0.46030095405982324 0.79064358421707217 1
0.7084405567227432 0.80520013680712803 1
0.99699067863836699 0.99998287176414232 1
1 0.94702651675991294 1
1.1898424085034751 0.94793407637519297 1
1.4313921388283526 0.94895780046302825 1
1.7462937244088848 0.94839510872792276 1
2.169057796116455 0.9489283161262388 1
2.7574950132674374 0.95622103922120956 1
3.6144670173190927 0.97156545243765568 1
4.9372647031746251 0.98765065061879402 1
7.1422983674415832 0.99716037031211334 1
11.225991871171423 0.99988691979990154 1
