# beta overlap_squared safety_margin
0 0.7826636975813948 1
0.24253562503633297 0.81525434704622797 1
0.48719431759775017 0.84938950608432215 1
0.75287128618014765 0.91296715552041493 1
1 0.95870909250497163 1
1.2006991692678382 0.9505625383022011 1
1.4593581818006514 0.94196122707903567 1
1.8018106837413588 0.93655088911136228 1
2.2703315716612882 0.93944442476605979 1
2.938012379403331 0.95001238918263089 1
3.9400977669487611 0.95840077127091633 1
5.5491827739233193 0.95685022207386239 1
8.3789928936622946 0.95805755750275591 1
14.031443647246025 0.9984828129906068 1
