# beta overlap_squared safety_margin
0 0.78191535038113212 1
0.25 0.79837514785561687 1
0.50254699252741175 0.80738441606510343 1
0.77850010233965139 0.91317503106856098 1
1 0.95107809461359911 1
1.2068759684662538 0.94959511515951827 1
1.4754365146433641 0.94889743909139403 1
1.8341372238980695 0.95029704435017061 1
2.3302362466618676 0.95788715485823961 1
3.0469320091364813 0.97139387567412835 1
4.141688992226678 0.9827936912957812 1
5.9412038441063242 0.98555534490964737 1
9.2096066566567725 0.97488088249454204 1
