# beta overlap_squared safety_margin
0 0.77312833034502312 1
0.20412414523193154 0.76005464331535579 1
0.40875763706673157 0.74996581966706088 1
0.62478067898583833 0.78151886085997859 1
0.86672166505138548 0.95417979792240729 1
1 0.94898193151358052 1
1.1689135209288082 0.94796532541209599 1
1.3785303915119136 0.94831360020567132 1
1.6438024102157429 0.95219805753162377 1
1.9873995424607762 0.95998781670936001 1
2.4450746292790542 0.96881749520751117 1
3.0759341414735775 0.97514238079302934 1
3.9834537084550119 0.97766876813901767 1
5.3621046896031679 0.97801130198179972 1
7.6117424809167922 0.98119497386421037 1
11.656526839178966 0.99587720837709775 1
