# beta overlap_squared safety_margin
0 0.79525811027864397 1
0.2672612419124244 0.83290880065647929 1
0.53820531432560648 0.85844136779858864 1
0.83882895170055694 0.9705525214636274 1
1 0.95973761330409085 1
1.2211597130165059 0.95235187902415754 1
1.5130859829728873 0.94304165377900204 1
1.9110077302387316 0.9323641878938768 1
2.4754595804343955 0.92656125614217978 1
3.3175947710897118 0.93607845751233853 1
4.6592701009785173 0.96281463347424595 1
6.9936188337291281 0.99018186017929046 1
11.585605929142824 0.99970523685803736 1
