# beta overlap_squared safety_margin
0 0.78641330375040761 1
0.20412414523193154 0.80468528724992105 1
0.40875763706673157 0.81542295479427069 1
0.62478067898583833 0.82423858900567283 1
0.86672166505138548 0.95739449532852558 1
1 0.94784022684516888 1
1.1689135209288082 0.94354446744994816 1
1.3785303915119136 0.94223074064774725 1
1.6438024102157429 0.94451727447662018 1
1.9873995424607762 0.94911928529805707 1
2.4450746292790542 0.9527646079287003 1
3.0759341414735775 0.95293008137992208 1
3.9834537084550119 0.9519510454640363 1
5.3621046896031679 0.95868200690109419 1
7.6117424809167922 0.97836361940727674 1
11.656526839178966 0.99771024355483327 1
