# beta overlap_squared safety_margin
0 0.78254614066280857 1
0.23570226039551587 0.78495959239001187 1
0.47317302592123117 0.78282999882183879 1
0.72963520376432101 0.83685179274235742 1
1 0.94833139288402023 1
1.1950445335560298 0.95185339492173123 1
1.4447456613041543 0.95781119907341606 1
1.7726902293169602 0.96332160175993122 1
2.2169575180006529 0.96668028385724027 1
2.8423080628048933 0.96806354080993222 1
3.7661415013236814 0.96923232167157616 1
5.2190043118560405 0.97191825757575274 1
7.7025931305718904 0.97098659416202253 1
12.467529131132677 0.99293802400258192 1
