# beta overlap_squared safety_margin
0 0.78079150847195509 1
0.19245008972987526 0.78251221887228546 1
0.38508538932548986 0.76478727755858857 1
0.58694687503750453 0.76264137873186343 1
0.8096397396675864 0.88937636798331372 1
1 0.95445971717145469 1
1.1592531947771416 0.95954583879507292 1
1.3545919447470389 0.9633913321467164 1
1.5984340645239343 0.96545995119536478 1
1.909173811567026 0.96604864312885668 1
2.3150321690799678 0.96562472771781063 1
2.8611471195975477 0.96461266370058143 1
3.6234201580397976 0.96324097085103487 1
4.7375368510511251 0.96100839385842055 1
6.4652873548491847 0.95802346980164986 1
9.3634514452861257 0.95898005986408312 1
14.777977835447796 0.99904587974715207 1
