# beta overlap_squared safety_margin
0 0.77815792527643977 1
0.27735009811261457 0.77181743722918988 1
0.55915398583878828 0.75405690924618353 1
0.87483332288943982 0.97060753506914093 1
1 0.93990176033648627 1
1.2295082806050306 0.95175987788516828 1
1.5353963630835654 0.96593530626539733 1
1.9573401447557917 0.97671544749945206 1
2.5648833348763378 0.98265909124663138 1
3.4889249004960829 0.98476479768157883 1
4.9991337723689657 0.98799974200834841 1
7.7203871147472505 0.99609773726544463 1
13.349144695125982 0.99995772228720569 1
