# beta overlap_squared safety_margin
0 0.78133308119138813 1
0.23570226039551587 0.78276404201135114 1
0.47317302592123117 0.76656110097292324 1
0.72963520376432101 0.8128499974990604 1
1 0.93986346254678855 1
1.1950445335560298 0.94325065038623102 1
1.4447456613041543 0.94855226870779272 1
1.7726902293169602 0.95616398929530994 1
2.2169575180006529 0.96755069527135951 1
2.8423080628048933 0.98040945596733755 1
3.7661415013236814 0.99071637271012632 1
5.2190043118560405 0.99706899914910465 1
7.7025931305718904 0.99966494548985988 1
12.467529131132677 0.99999784516950419 1
