# beta overlap_squared safety_margin
0 0.78275016598509311 1
0.25 0.8164489634481115 1
0.50254699252741175 0.84125403464293091 1
0.77850010233965139 0.92450904839300705 1
1 0.95222597346969094 1
1.2068759684662538 0.94647797424512021 1
1.4754365146433641 0.94477516845220232 1
1.8341372238980695 0.94688803977284154 1
2.3302362466618676 0.94963068844170921 1
3.0469320091364813 0.94878087261210088 1
4.141688992226678 0.94781086258963574 1
5.9412038441063242 0.9640287567588426 1
9.2096066566567725 0.99143731352623364 1
