# beta overlap_squared safety_margin
0 0.78986886089292086 1
0.25 0.82164441268324064 1
0.50254699252741175 0.83453875302356342 1
0.77850010233965139 0.91313521402710198 1
1 0.94340911500005965 1
1.2068759684662538 0.94162118489597194 1
1.4754365146433641 0.951487251159668 1
1.8341372238980695 0.96512388437650232 1
2.3302362466618676 0.97178971799580944 1
3.0469320091364813 0.96573620192725371 1
4.141688992226678 0.94768572042776573 1
5.9412038441063242 0.93661291099223398 1
9.2096066566567725 0.96305024875348427 1
