# beta overlap_squared safety_margin
0 0.78184251345268159 1
0.19611613513818404 0.79555477998143408 1
0.39251180409527381 0.80944248914364281 1
0.59877916326480085 0.82383977206099428 1
0.8273811090206632 0.92248166032475167 1
1 0.94732949068482216 1
1.1622868615542821 0.94153609434420907 1
1.3620782422766378 0.93814741808099352 1
1.612552532641732 0.93874173419274506 1
1.9333741050354873 0.94391937450841279 1
2.3549742660901725 0.9522031819266499 1
2.9265312318047969 0.96119057786221496 1
3.7317827542865976 0.97009946420054042 1
4.9227591575222025 0.97931027486704188 1
6.7985826034746406 0.98623235301156072 1
10.011793082182512 0.98319251891000273 1
