# beta overlap_squared safety_margin
0 0.77814930819662625 1
0.22360679774997896 0.78132176772719899 1
0.44842904380673132 0.78843742795067684 1
0.68900431182951061 0.82215847650952107 1
0.96618194873732166 0.99803200308495357 1
1 0.95614270085277696 1
1.1850354913606584 0.95731506683207465 1
1.4191291626379741 0.95816733551662188 1
1.7222332436853931 0.95716708203524785 1
2.1257953387917037 0.95413477447861119 1
2.6817665047222272 0.9515119621036392 1
3.4810141270982013 0.95387327597662772 1
4.6941222828186469 0.96197178226432251 1
6.6713274828454239 0.96767688748196493 1
10.220573179539699 0.97462808292033213 1
