# beta overlap_squared safety_margin
0 0.78324498111631394 1
0.19245008972987526 0.79993922194467488 1
0.38508538932548986 0.81199938961837356 1
0.58694687503750453 0.81482028434027671 1
0.8096397396675864 0.88322774528376567 1
1 0.92906713358461263 1
1.1592531947771416 0.91834096748290223 1
1.3545919447470389 0.92210450962172897 1
1.5984340645239343 0.94066594091416183 1
1.909173811567026 0.96154622597410975 1
2.3150321690799678 0.97637160232363661 1
2.8611471195975477 0.98435997957938829 1
3.6234201580397976 0.98640466572351769 1
4.7375368510511251 0.9833653421894814 1
6.4652873548491847 0.97815870074206058 1
9.3634514452861257 0.97846358262294737 1
14.777977835447796 0.99961943393936968 1
