# beta overlap_squared safety_margin
0 0.77692202570194419 1
0.18569533817705186 0.77960338847592983 1
0.37141916083893406 0.77030591123547537 1
0.56525712504485637 0.75512852973120601 1
0.77736553370884764 0.80612738791770893 1
1 0.94078826923480381 1
1.1536636117001844 0.94740199142013555 1
1.3408727883268092 0.95556119147852011 1
1.5727249717272189 0.96305325553778458 1
1.8654380213124908 0.96913304352927996 1
2.2435021605293493 0.97396041924821963 1
2.7453558010583632 0.97798894392675418 1
3.4341785079447016 0.98165986001659021 1
4.4197953546585671 0.98529670832007009 1
5.9067907970655309 0.98865324425961699 1
8.311071670966804 0.9905870361589067 1
12.579634287342859 0.99781982302919464 1
