# beta overlap_squared safety_margin
0 0.78235510268750463 1
0.21821789023599239 0.78832927181120743 1
0.43743398597027794 0.78738098751242963 1
0.67109553658908716 0.80960590771728602 1
0.93809791824838751 0.9923815784355895 1
1 0.95352978486793738 1
1.1805761495169342 0.95648747615172761 1
1.4078179976646297 0.9610370560143208 1
1.7001928798775396 0.96599602899929297 1
2.0864979161535069 0.97070990687031558 1
2.6136967596500504 0.97459335569130027 1
3.362649585022091 0.97641217377396036 1
4.4822008127350843 0.97340361384090481 1
6.2703783830197697 0.95980549679308719 1
9.3923735319191053 0.92559966080746355 1
15.564107126494569 0.99975521680405823 1
