# beta overlap_squared safety_margin
0 0.78467613109694227 1
0.22360679774997896 0.79071831400968845 1
0.44842904380673132 0.78626961985454782 1
0.68900431182951061 0.81433727660220644 1
0.96618194873732166 0.99794950810229811 1
1 0.9548340973701025 1
1.1850354913606584 0.95731483670027514 1
1.4191291626379741 0.96049449796691393 1
1.7222332436853931 0.96339708849091555 1
2.1257953387917037 0.96518177114135126 1
2.6817665047222272 0.96460650399001411 1
3.4810141270982013 0.9606266192084893 1
4.6941222828186469 0.95508822904255714 1
6.6713274828454239 0.95618419808091182 1
10.220573179539699 0.976163660594174 1
