# beta overlap_squared safety_margin
0 0.77667196907356165 1
0.18569533817705186 0.77889761298554043 1
0.37141916083893406 0.78832704984836664 1
0.56525712504485637 0.81073634182635104 1
0.77736553370884764 0.855441667645827 1
1 0.94705261556308572 1
1.1536636117001844 0.93906211123032224 1
1.3408727883268092 0.93112645751002881 1
1.5727249717272189 0.92772128051912581 1
1.8654380213124908 0.9339311919239622 1
2.2435021605293493 0.94867874243776522 1
2.7453558010583632 0.96501947930089637 1
3.4341785079447016 0.97747024568224418 1
4.4197953546585671 0.98476352904153428 1
5.9067907970655309 0.98895557441111051 1
8.311071670966804 0.99382952611478524 1
12.579634287342859 0.99947627873736483 1
