# beta overlap_squared safety_margin
0 0.78513040648165322 1
0.18257418583505536 0.80094835580832985 1
0.3651116458088346 0.80949617531038902 1
0.55528204707535733 0.81661334316518345 1
0.76262589949288251 0.82811278695018146 1
1 0.94701542522016257 1
1.1510808460462594 0.94106052713792083 1
1.3345661324939027 0.9354455950307087 1
1.5609776074056925 0.93282420175402368 1
1.8455960387673744 0.93689175116743904 1
2.211328478119075 0.94728706838500021 1
2.693818467373553 0.95857562734655448 1
3.3510454487224766 0.96585318927819337 1
4.28252279563279 0.96834631561725571 1
5.6707164996232233 0.96952833027919007 1
7.8791621911593097 0.97664831585168228 1
11.714001311724056 0.99518639714211602 1
