# beta overlap_squared safety_margin
0 0.78270454521256515 1
0.28867513459481292 0.79304094118758703 1
0.58277006440175105 0.80521218586224595 1
0.91596125873929402 0.99049936185855392 1
1 0.94599825841517971 1
1.2388797921657122 0.94656362763748306 1
1.5607104848365525 0.95398837591675783 1
2.0106178739242879 0.96552406218275379 1
2.669478291923352 0.97474286416420098 1
3.6938387272955437 0.97624860023149054 1
5.4180414575752058 0.9755962760045316 1
8.6548489963449295 0.9866864223521919 1
15.761873965352319 0.99999761930776453 1
