# beta overlap_squared safety_margin
0 0.77806886184329819 1
0.21821789023599239 0.77365866233924568 1
0.43743398597027794 0.77612224287579792 1
0.67109553658908716 0.80685549361450481 1
0.93809791824838751 0.99203532499415488 1
1 0.94936089417445149 1
1.1805761495169342 0.94872531099371916 1
1.4078179976646297 0.94988225381164636 1
1.7001928798775396 0.95157463348372301 1
2.0864979161535069 0.95289329720959356 1
2.6136967596500504 0.95541498459929918 1
3.362649585022091 0.96235529181492356 1
4.4822008127350843 0.97467720841266342 1
6.2703783830197697 0.98860173609686753 1
9.3923735319191053 0.99770581629256192 1
15.564107126494569 0.99999900067255292 1
