# beta overlap_squared safety_margin
0 0.77889191847676631 1
0.19611613513818404 0.79042369152816277 1
0.39251180409527381 0.80460290546438954 1
0.59877916326480085 0.82197076148950793 1
0.8273811090206632 0.92621563346167672 1
1 0.95351562967936515 1
1.1622868615542821 0.95208698512680122 1
1.3620782422766378 0.95188460564033628 1
1.612552532641732 0.95169316441947954 1
1.9333741050354873 0.95061922379602234 1
2.3549742660901725 0.94970750659555746 1
2.9265312318047969 0.95204055798751332 1
3.7317827542865976 0.95877513773845887 1
4.9227591575222025 0.96573768886018135 1
6.7985826034746406 0.96830707494746708 1
10.011793082182512 0.96812588771765348 1
