# beta overlap_squared safety_margin
0 0.78266215438754763 1
0.27735009811261457 0.80250753512418355 1
0.55915398583878828 0.83104852722779523 1
0.87483332288943982 0.9819015705346149 1
1 0.96012474496068536 1
1.2295082806050306 0.96167113228001994 1
1.5353963630835654 0.96547118607687468 1
1.9573401447557917 0.96979034249291904 1
2.5648833348763378 0.97233022648791361 1
3.4889249004960829 0.96974480222158981 1
4.9991337723689657 0.95901284837153774 1
7.7203871147472505 0.93930969251499414 1
13.349144695125982 0.99301095835007727 1
