# beta overlap_squared safety_margin
0 0.77663343348363784 1
0.22941573387056174 0.78725512600527468 1
0.46030095405982324 0.80694597351287124 1
0.7084405567227432 0.83389958067107051 1
0.99699067863836699 0.99998549540192755 1
1 0.95402969858840448 1
1.1898424085034751 0.95298856545305644 1
1.4313921388283526 0.95416801699203137 1
1.7462937244088848 0.95714882298742149 1
2.169057796116455 0.96140322149152043 1
2.7574950132674374 0.96624781521861695 1
3.6144670173190927 0.97102363376420611 1
4.9372647031746251 0.97549033248010833 1
7.1422983674415832 0.97683488104210177 1
11.225991871171423 0.98461821065762464 1
