# beta overlap_squared safety_margin
0 0.78097737164716902 1
0.27735009811261457 0.8048011477475955 1
0.55915398583878828 0.83101015618773773 1
0.87483332288943982 0.98012636905078885 1
1 0.95216505006358315 1
1.2295082806050306 0.94902413223546999 1
1.5353963630835654 0.95184736184876394 1
1.9573401447557917 0.95918677484858685 1
2.5648833348763378 0.96399130480720038 1
3.4889249004960829 0.95970575471122163 1
4.9991337723689657 0.95323985030083405 1
7.7203871147472505 0.96818714116815357 1
13.349144695125982 0.99895653654346939 1
