# beta overlap_squared safety_margin
0 0.7812058749232966 1
0.21320071635561041 0.79278141150833062 1
0.42721276842579298 0.80252984450843151 1
0.65452367955777446 0.82085961109687423 1
0.91235755976325739 0.98378490689939213 1
1 0.95040728288659595 1
1.1764244186950639 0.94785923676940141 1
1.3973432400096155 0.94749895339376577 1
1.6799125811880691 0.94893704184534745 1
2.0506192166605528 0.95063965256738155 1
2.5521455033766469 0.95188861536267488 1
3.2569181065509598 0.95510098487391529 1
4.29587089520974 0.9627521003582065 1
5.9252287348685844 0.97135480647725851 1
8.7000316480792304 0.97619697435859968 1
13.995422231588687 0.99886007502109525 1
