# beta overlap_squared safety_margin
0 0.77537595032375846 1
0.22360679774997896 0.76306871704972981 1
0.44842904380673132 0.7569060111536573 1
0.68900431182951061 0.79662211885839687 1
0.96618194873732166 0.9977240205862058 1
1 0.9494863261999247 1
1.1850354913606584 0.95154433005496545 1
1.4191291626379741 0.95495936397080844 1
1.7222332436853931 0.95846408474457744 1
2.1257953387917037 0.96210270914449609 1
2.6817665047222272 0.96812187514886739 1
3.4810141270982013 0.97733665366257758 1
4.6941222828186469 0.9838339596802893 1
6.6713274828454239 0.98012522055857721 1
10.220573179539699 0.98176314025648505 1
