# beta overlap_squared safety_margin
0 0.77761026932449836 1
0.2672612419124244 0.79236091984555595 1
0.53820531432560648 0.82621243516332641 1
0.83882895170055694 0.966559255839475 1
1 0.95744695128022659 1
1.2211597130165059 0.9532117363670055 1
1.5130859829728873 0.94769721638528656 1
1.9110077302387316 0.94054007789181073 1
2.4754595804343955 0.93722864900838606 1
3.3175947710897118 0.95159071834482867 1
4.6592701009785173 0.98036889295456305 1
6.9936188337291281 0.99744788910219166 1
11.585605929142824 0.99997405319960777 1
