# beta overlap_squared safety_margin
0 0.78185833141651387 1
0.21320071635561041 0.79792975595062825 1
0.42721276842579298 0.81263724293695383 1
0.65452367955777446 0.8255354468912166 1
0.91235755976325739 0.98346020644515356 1
1 0.94813896431749977 1
1.1764244186950639 0.94519263533798851 1
1.3973432400096155 0.94686446991642498 1
1.6799125811880691 0.95160160124789137 1
2.0506192166605528 0.95471686487563226 1
2.5521455033766469 0.95167574888470207 1
3.2569181065509598 0.94399928950231949 1
4.29587089520974 0.94594536124409711 1
5.9252287348685844 0.96828534686075982 1
8.7000316480792304 0.99202634299522103 1
13.995422231588687 0.99991402663142007 1
