# beta overlap_squared safety_margin
0 0.78102419151547587 1
0.18569533817705186 0.78650676421536287 1
0.37141916083893406 0.78593677458741785 1
0.56525712504485637 0.78794805717480261 1
0.77736553370884764 0.82463370665176566 1
1 0.93743794150733287 1
1.1536636117001844 0.93635520299013954 1
1.3408727883268092 0.94014881822029014 1
1.5727249717272189 0.94621099403464947 1
1.8654380213124908 0.95164678608660214 1
2.2435021605293493 0.95639940351763493 1
2.7453558010583632 0.96280648851404958 1
3.4341785079447016 0.97243787717568556 1
4.4197953546585671 0.98410487039636647 1
5.9067907970655309 0.9942726801832222 1
8.311071670966804 0.99920443975593959 1
12.579634287342859 0.99998940831101048 1
