# beta overlap_squared safety_margin
0 0.78868565326595332 1
0.2672612419124244 0.82132839905826291 1
0.53820531432560648 0.83480867685731525 1
0.83882895170055694 0.96197149685617882 1
1 0.94757211599192891 1
1.2211597130165059 0.94356248827228527 1
1.5130859829728873 0.9468160186706038 1
1.9110077302387316 0.95365243078812364 1
2.4754595804343955 0.95651678068121333 1
3.3175947710897118 0.95434756992058335 1
4.6592701009785173 0.96035170822894275 1
6.9936188337291281 0.98278179932025291 1
11.585605929142824 0.99912969371862529 1
