# beta overlap_squared safety_margin
0 0.76816966073603313 1
0.23570226039551587 0.76806974058285964 1
0.47317302592123117 0.78399428750325076 1
0.72963520376432101 0.8462382535647101 1
1 0.9479355208587983 1
1.1950445335560298 0.94398850751241945 1
1.4447456613041543 0.94094483434850811 1
1.7726902293169602 0.94285166303013278 1
2.2169575180006529 0.95451692700901381 1
2.8423080628048933 0.97263504614016829 1
3.7661415013236814 0.98789694817792192 1
5.2190043118560405 0.99641849953282384 1
7.7025931305718904 0.99958571936613615 1
12.467529131132677 0.99999706624756923 1
