# beta overlap_squared safety_margin
0 0.77765365039462038 1
0.19611613513818404 0.7840887457914928 1
0.39251180409527381 0.79102795181734954 1
0.59877916326480085 0.80392906510462488 1
0.8273811090206632 0.91755766570328413 1
1 0.94857663453178882 1
1.1622868615542821 0.94812249571754051 1
1.3620782422766378 0.94911302314092881 1
1.612552532641732 0.94975270786804758 1
1.9333741050354873 0.94903882493124907 1
2.3549742660901725 0.94806530137530408 1
2.9265312318047969 0.94951902261458009 1
3.7317827542865976 0.95526849559469706 1
4.9227591575222025 0.96674685366155692 1
6.7985826034746406 0.98409668719952007 1
10.011793082182512 0.99723715102715731 1
