# beta overlap_squared safety_margin
0 0.78377777402872183 1
0.19611613513818404 0.79969287069249769 1
0.39251180409527381 0.80262300557800066 1
0.59877916326480085 0.79174650141973764 1
0.8273811090206632 0.90111187968479749 1
1 0.93636154372952795 1
1.1622868615542821 0.93798948062751457 1
1.3620782422766378 0.94335755388834833 1
1.612552532641732 0.94761508964331774 1
1.9333741050354873 0.94902827076799209 1
2.3549742660901725 0.95161407237520126 1
2.9265312318047969 0.96156366438042263 1
3.7317827542865976 0.97790975292546007 1
4.9227591575222025 0.99206956551617656 1
6.7985826034746406 0.9986716522556757 1
10.011793082182512 0.99995035628391384 1
