# beta overlap_squared safety_margin
0 0.77691676112035569 1
0.20000000000000001 0.78040151462355597 1
0.40038684124269319 0.78628237059686404 1
0.61136268430624585 0.80864839151469205 1
0.84635800812295692 0.94239408746711939 1
1 0.95380190041990058 1
1.1655007747730031 0.95362137069638999 1
1.3700404563174169 0.95431325530884876 1
1.6276380242316071 0.95524536670468704 1
1.9593749645980094 0.95566833718740837 1
2.3981761041256755 0.95454454594993988 1
2.99783740826846 0.95077060138516022 1
3.8511946226209526 0.94465335713708068 1
5.1296231187955774 0.94309193158192904 1
7.1775094149048932 0.96088229377982938 1
10.767173154358705 0.99189082231445528 1
