# beta overlap_squared safety_margin
0 0.78505953453523238 1
0.2672612419124244 0.78082904119358586 1
0.53820531432560648 0.77146601385412099 1
0.83882895170055694 0.94990073669693581 1
1 0.93830974586521809 1
1.2211597130165059 0.94102444912161937 1
1.5130859829728873 0.95011278825217359 1
1.9110077302387316 0.96417143715946868 1
2.4754595804343955 0.97993110617506841 1
3.3175947710897118 0.99250363036730972 1
4.6592701009785173 0.99866253159907419 1
6.9936188337291281 0.99994712954696553 1
11.585605929142824 0.99999993171440689 1
