# beta overlap_squared safety_margin
0 0.78573722732700942 1
0.19611613513818404 0.80524351966544644 1
0.39251180409527381 0.81627955674825558 1
0.59877916326480085 0.81597428073217382 1
0.8273811090206632 0.91321631323433181 1
1 0.94149648166347261 1
1.1622868615542821 0.93941629052412785 1
1.3620782422766378 0.94246712043382051 1
1.612552532641732 0.94786904592979691 1
1.9333741050354873 0.9526358833583896 1
2.3549742660901725 0.95640864447665861 1
2.9265312318047969 0.96138345710543561 1
3.7317827542865976 0.96904245559270791 1
4.9227591575222025 0.97643498538956999 1
6.7985826034746406 0.97697562763131148 1
10.011793082182512 0.96785218413169246 1
