# beta overlap_squared safety_margin
0 0.77192289684869718 1
0.2672612419124244 0.77638527221183816 1
0.53820531432560648 0.8202677601750322 1
0.83882895170055694 0.9671694511225777 1
1 0.96005567063910212 1
1.2211597130165059 0.95908139304306047 1
1.5130859829728873 0.95793031233994244 1
1.9110077302387316 0.95321890006972369 1
2.4754595804343955 0.94351411306029329 1
3.3175947710897118 0.94010149479338341 1
4.6592701009785173 0.95853692081129892 1
6.9936188337291281 0.98605728399084734 1
11.585605929142824 0.99938571554529169 1
