# beta overlap_squared safety_margin
0 0.77181463061435148 1
0.1889822365046136 0.76877705975832005 1
0.37806650904767131 0.76810853598704138 1
0.57579376985696951 0.76904397966216756 1
0.79300484669478855 0.84133759145207211 1
1 0.9359936790286699 1
1.1563835327992422 0.93888778126778632 1
1.3475365609684427 0.94626488834124683 1
1.5851861179498348 0.95497334199658814 1
1.886583210422133 0.96274359607507903 1
2.2779799028057597 0.96903477950796725 1
2.8009591283580777 0.97425036487514967 1
3.5246278478794637 0.97867477108927083 1
4.5707519223582374 0.98264447984659059 1
6.1700332212989366 0.98817032099184973 1
8.8017657060737822 0.99571895470172576 1
13.58901396232425 0.99989847517995643 1
