# beta overlap_squared safety_margin
0 0.77173511144661548 1
0.21821789023599239 0.73020453840838338 1
0.43743398597027794 0.66001632999625581 1
0.67109553658908716 0.75177540261478021 1
0.93809791824838751 0.99239025078385641 1
1 0.95949478877587705 1
1.1805761495169342 0.9663695280835089 1
1.4078179976646297 0.97035047766790746 1
1.7001928798775396 0.97195496501561723 1
2.0864979161535069 0.97245627005564788 1
2.6136967596500504 0.97407155858280667 1
3.362649585022091 0.97918991155588501 1
4.4822008127350843 0.98771610544878776 1
6.2703783830197697 0.99579525708119632 1
9.3923735319191053 0.9995401319077366 1
15.564107126494569 0.99999990866067512 1
