# beta overlap_squared safety_margin
0 0.76743311506137768 1
0.2672612419124244 0.78264197080933867 1
0.53820531432560648 0.8249197785697379 1
0.83882895170055694 0.96607510430750322 1
1 0.95695795762175441 1
1.2211597130165059 0.95468311424189847 1
1.5130859829728873 0.95464546795334644 1
1.9110077302387316 0.95691930743687967 1
2.4754595804343955 0.96127568318805699 1
3.3175947710897118 0.966106471797114 1
4.6592701009785173 0.96558174238187754 1
6.9936188337291281 0.95216435629421967 1
11.585605929142824 0.98553923606729999 1
