# beta overlap_squared safety_margin
0 0.78678842244317408 1
0.1889822365046136 0.79779370223049499 1
0.37806650904767131 0.78663565749350076 1
0.57579376985696951 0.775502366526208 1
0.79300484669478855 0.85558575944256615 1
1 0.9464401103182742 1
1.1563835327992422 0.95018195864626889 1
1.3475365609684427 0.95515515386341276 1
1.5851861179498348 0.9595702280259127 1
1.886583210422133 0.96207250036962076 1
2.2779799028057597 0.96181282617243791 1
2.8009591283580777 0.95917702393766972 1
3.5246278478794637 0.95751635651190126 1
4.5707519223582374 0.96286625737327137 1
6.1700332212989366 0.97666385859677442 1
8.8017657060737822 0.98859627126524274 1
13.58901396232425 0.99869420891126046 1
