# beta overlap_squared safety_margin
0 0.77169548542523069 1
0.27735009811261457 0.78267152894664998 1
0.55915398583878828 0.79042460447565829 1
0.87483332288943982 0.96968679458497004 1
1 0.92225255952752026 1
1.2295082806050306 0.92669810760749477 1
1.5353963630835654 0.9554666797861087 1
1.9573401447557917 0.98298539234404342 1
2.5648833348763378 0.99618810122375351 1
3.4889249004960829 0.99963432316592845 1
4.9991337723689657 0.99999284042997674 1
7.7203871147472505 0.9999999942158169 1
13.349144695125982 0.99999999999999732 1
