# beta overlap_squared safety_margin
0 0.77278247889970528 1
0.20000000000000001 0.7519329181936308 1
0.40038684124269319 0.71376692988404877 1
0.61136268430624585 0.75137377590625402 1
0.84635800812295692 0.94196756677776003 1
1 0.96307497800312821 1
1.1655007747730031 0.96932924745486958 1
1.3700404563174169 0.97329206737746908 1
1.6276380242316071 0.97480362128152741 1
1.9593749645980094 0.97416968519737784 1
2.3981761041256755 0.97191442551546157 1
2.99783740826846 0.96845016218647919 1
3.8511946226209526 0.963275554051349 1
5.1296231187955774 0.95506257149874359 1
7.1775094149048932 0.94606999312933096 1
10.767173154358705 0.96359293184151131 1
