# beta overlap_squared safety_margin
0 0.7961118908082607 1
0.23570226039551587 0.81547668509985359 1
0.47317302592123117 0.79153091457426784 1
0.72963520376432101 0.77110352178918802 1
1 0.90734309116670452 1
1.1950445335560298 0.92414586626893976 1
1.4447456613041543 0.95566207506608487 1
1.7726902293169602 0.97881654655908321 1
2.2169575180006529 0.99102183801943918 1
2.8423080628048933 0.99694646107034512 1
3.7661415013236814 0.99938084470663963 1
5.2190043118560405 0.99995664243519259 1
7.7025931305718904 0.99999963944468977 1
12.467529131132677 0.99999999996906743 1
