# beta overlap_squared safety_margin
0 0.78131260836104234 1
0.18257418583505536 0.78715768038351275 1
0.3651116458088346 0.78192894009115498 1
0.55528204707535733 0.7705778194038178 1
0.76262589949288251 0.78595042265390463 1
1 0.94352691933540778 1
1.1510808460462594 0.94769592000968014 1
1.3345661324939027 0.95036764178008463 1
1.5609776074056925 0.94838451450049023 1
1.8455960387673744 0.94306749479589504 1
2.211328478119075 0.9425772596974247 1
2.693818467373553 0.9548101279137865 1
3.3510454487224766 0.97413697053224162 1
4.28252279563279 0.98910944862367849 1
5.6707164996232233 0.99665694978313666 1
7.8791621911593097 0.9994321360555073 1
11.714001311724056 0.99998307585144585 1
