# beta overlap_squared safety_margin
0 0.7862283916583906 1
0.24253562503633297 0.82156568996540925 1
0.48719431759775017 0.85608315603268375 1
0.75287128618014765 0.91990686463512056 1
1 0.96439433117608443 1
1.2006991692678382 0.96049446447244941 1
1.4593581818006514 0.95712687109031515 1
1.8018106837413588 0.95409748724946648 1
2.2703315716612882 0.95047247645123118 1
2.938012379403331 0.94379272769670378 1
3.9400977669487611 0.9299572883155486 1
5.5491827739233193 0.91359502150253762 1
8.3789928936622946 0.92148925008466861 1
14.031443647246025 0.99697861044626171 1
