# beta overlap_squared safety_margin
0 0.77535765003187693 1
0.25 0.76117402512639134 1
0.50254699252741175 0.71184907186994235 1
0.77850010233965139 0.85663337762611412 1
1 0.93567201824053801 1
1.2068759684662538 0.9563816144451116 1
1.4754365146433641 0.97417974610179796 1
1.8341372238980695 0.9846429433089613 1
2.3302362466618676 0.98962560710452322 1
3.0469320091364813 0.99250722252642086 1
4.141688992226678 0.99584846696956458 1
5.9412038441063242 0.99899224423498961 1
9.2096066566567725 0.99996215582528479 1
