# beta overlap_squared safety_margin
0 0.7810697396139783 1
0.28867513459481292 0.79838911140722015 1
0.58277006440175105 0.82874826390883593 1
0.91596125873929402 0.99262019760517308 1
1 0.9610059978679266 1
1.2388797921657122 0.96482411591369218 1
1.5607104848365525 0.96948546401735435 1
2.0106178739242879 0.97193339425068299 1
2.669478291923352 0.97007952415961075 1
3.6938387272955437 0.9587043565051984 1
5.4180414575752058 0.9262968529811001 1
8.6548489963449295 0.90821673305663857 1
15.761873965352319 0.99996849528249305 1
