# beta overlap_squared safety_margin
0 0.79643230556284963 1
0.25 0.83057307575139924 1
0.50254699252741175 0.8453142804749373 1
0.77850010233965139 0.92691478306015598 1
1 0.95488740607136733 1
1.2068759684662538 0.94919471727156641 1
1.4754365146433641 0.94431755107103005 1
1.8341372238980695 0.94099787420744974 1
2.3302362466618676 0.94195041720430792 1
3.0469320091364813 0.94868482442873234 1
4.141688992226678 0.9575954075675627 1
5.9412038441063242 0.96406112299537388 1
9.2096066566567725 0.97009745480357768 1
