# beta overlap_squared safety_margin
0 0.76833440306074642 1
0.2672612419124244 0.75690010533993132 1
0.53820531432560648 0.76211190019434389 1
0.83882895170055694 0.95480485017301287 1
1 0.95086243849447467 1
1.2211597130165059 0.95704140537737783 1
1.5130859829728873 0.96185621607177903 1
1.9110077302387316 0.96458449724170722 1
2.4754595804343955 0.96767908794886956 1
3.3175947710897118 0.97360793496380044 1
4.6592701009785173 0.98376894412440429 1
6.9936188337291281 0.99531233728178829 1
11.585605929142824 0.99986478258551783 1
