# beta overlap_squared safety_margin
0 0.78348743903393319 1
0.23570226039551587 0.80089877199050025 1
0.47317302592123117 0.81421197696971599 1
0.72963520376432101 0.85744757724778241 1
1 0.9505323360542014 1
1.1950445335560298 0.94907081692243713 1
1.4447456613041543 0.95096800673492917 1
1.7726902293169602 0.95547785215492788 1
2.2169575180006529 0.96099965965501535 1
2.8423080628048933 0.96460489101495486 1
3.7661415013236814 0.96304794308511031 1
5.2190043118560405 0.95537893979817496 1
7.7025931305718904 0.94943630351157909 1
12.467529131132677 0.99182573260497302 1
