# beta overlap_squared safety_margin
0 0.78212078086627864 1
0.21821789023599239 0.79967651884882122 1
0.43743398597027794 0.81882701043804197 1
0.67109553658908716 0.83825064616988725 1
0.93809791824838751 0.99306712809850687 1
1 0.95440886919387017 1
1.1805761495169342 0.95213478974840743 1
1.4078179976646297 0.95213223602470344 1
1.7001928798775396 0.95335157918047472 1
2.0864979161535069 0.9538476745201379 1
2.6136967596500504 0.95293530661613469 1
3.362649585022091 0.95368736111243707 1
4.4822008127350843 0.96000424080094306 1
6.2703783830197697 0.96767137665100485 1
9.3923735319191053 0.96523205808030624 1
15.564107126494569 0.99990496281866166 1
