# beta overlap_squared safety_margin
0 0.77466972017038585 1
0.22941573387056174 0.75947705793533886 1
0.46030095405982324 0.74421805372522361 1
0.7084405567227432 0.79509726944031359 1
0.99699067863836699 0.99998410903567731 1
1 0.95386628474326467 1
1.1898424085034751 0.96018499753413406 1
1.4313921388283526 0.96643583083282777 1
1.7462937244088848 0.97121507029898297 1
2.169057796116455 0.97428599180058761 1
2.7574950132674374 0.97627387451818852 1
3.6144670173190927 0.977787018519133 1
4.9372647031746251 0.97866399331585754 1
7.1422983674415832 0.97401262367462588 1
11.225991871171423 0.98002395018505958 1
