# beta overlap_squared safety_margin
0 0.78923856055777116 1
0.24253562503633297 0.81215873287876796 1
0.48719431759775017 0.82029959701664923 1
0.75287128618014765 0.89074974052128309 1
1 0.95466976099507099 1
1.2006991692678382 0.95666284316616405 1
1.4593581818006514 0.96089036616867684 1
1.8018106837413588 0.96422086647268123 1
2.2703315716612882 0.96450554777960523 1
2.938012379403331 0.95988678239675886 1
3.9400977669487611 0.94828007611679873 1
5.5491827739233193 0.93503539823142785 1
8.3789928936622946 0.93370618156527424 1
14.031443647246025 0.9969545647041201 1
