# beta overlap_squared safety_margin
0 0.78057029915448326 1
0.23570226039551587 0.77923882297607373 1
0.47317302592123117 0.75838063075892504 1
0.72963520376432101 0.80245977449399687 1
1 0.93488186668151606 1
1.1950445335560298 0.93973524260457837 1
1.4447456613041543 0.94963947358602464 1
1.7726902293169602 0.96225964174645737 1
2.2169575180006529 0.975971588044076 1
2.8423080628048933 0.98839626198975327 1
3.7661415013236814 0.99651369642004591 1
5.2190043118560405 0.99956112165031751 1
7.7025931305718904 0.99999026964444747 1
12.467529131132677 0.99999999518838571 1
