# beta overlap_squared safety_margin
0 0.77455168272798063 1
0.21821789023599239 0.76855183780308193 1
0.43743398597027794 0.78471427942918626 1
0.67109553658908716 0.83494315571153162 1
0.93809791824838751 0.99372857083781558 1
1 0.9605682317885402 1
1.1805761495169342 0.95929381904179624 1
1.4078179976646297 0.95737340983236525 1
1.7001928798775396 0.95508690415081153 1
2.0864979161535069 0.95275563102526207 1
2.6136967596500504 0.94949769629835527 1
3.362649585022091 0.94383008069391429 1
4.4822008127350843 0.93920989652426632 1
6.2703783830197697 0.95036927016208252 1
9.3923735319191053 0.98166087164848407 1
15.564107126494569 0.99998728904973256 1
