# beta overlap_squared safety_margin
0 0.78332004459295012 1
0.20851441405707477 0.79995098495695063 1
0.41767857196763125 0.8162481551662596 1
0.63912991983439982 0.83282854424188647 1
0.88865064444645181 0.97375604310200783 1
1 0.95189222537154869 1
1.1725464853889231 0.94768989129097911 1
1.3876080267413609 0.94478941340189866 1
1.6611761827924933 0.94294623872422876 1
2.0177104891348279 0.94234340960200069 1
2.4961898205291013 0.94500506738073978 1
3.1618691763778073 0.95326766716219625 1
4.1307667520405857 0.96398023325008976 1
5.6251933168668025 0.96971012113151769 1
8.1137829653969433 0.97029091361228519 1
12.716066260019831 0.99470824730065597 1
