# beta overlap_squared safety_margin
0 0.7832264895494558 1
0.20000000000000001 0.79436913973043477 1
0.40038684124269319 0.8069439252721013 1
0.61136268430624585 0.81905224795188606 1
0.84635800812295692 0.93654628764620745 1
1 0.94124720469144686 1
1.1655007747730031 0.93433749845430877 1
1.3700404563174169 0.93377858637857035 1
1.6276380242316071 0.94057950481803825 1
1.9593749645980094 0.95151651759083771 1
2.3981761041256755 0.96323640815737748 1
2.99783740826846 0.9737270404249361 1
3.8511946226209526 0.98042335318358563 1
5.1296231187955774 0.98055161461788382 1
7.1775094149048932 0.97420787810801798 1
10.767173154358705 0.98023330549696059 1
