# beta overlap_squared safety_margin
0 0.77665632604454376 1
0.20000000000000001 0.78864879383578489 1
0.40038684124269319 0.80506966670723067 1
0.61136268430624585 0.81771809203605027 1
0.84635800812295692 0.93754557368529465 1
1 0.9441593359563984 1
1.1655007747730031 0.93933092498727305 1
1.3700404563174169 0.93842559691472902 1
1.6276380242316071 0.94125384763145932 1
1.9593749645980094 0.94599559557572636 1
2.3981761041256755 0.9510803865373888 1
2.99783740826846 0.95726442042253379 1
3.8511946226209526 0.96714475550866716 1
5.1296231187955774 0.98079339887199008 1
7.1775094149048932 0.99336320682733834 1
10.767173154358705 0.99936597053895169 1
