# beta overlap_squared safety_margin
0 0.77635730967366429 1
0.1889822365046136 0.76690356164220262 1
0.37806650904767131 0.74499591132509246 1
0.57579376985696951 0.74364533972643876 1
0.79300484669478855 0.84414944167205333 1
1 0.94513901925352273 1
1.1563835327992422 0.95158803640259647 1
1.3475365609684427 0.95877509145206736 1
1.5851861179498348 0.96470622483801161 1
1.886583210422133 0.9685557789524081 1
2.2779799028057597 0.97018239679515296 1
2.8009591283580777 0.96980020781131183 1
3.5246278478794637 0.96840747808195414 1
4.5707519223582374 0.9685255938066483 1
6.1700332212989366 0.9745154551195799 1
8.8017657060737822 0.98817549368566803 1
13.58901396232425 0.99961678487491852 1
