# beta overlap_squared safety_margin
0 0.77640401684304873 1
0.18257418583505536 0.7768852452341091 1
0.3651116458088346 0.78042216211184094 1
0.55528204707535733 0.79137901533246741 1
0.76262589949288251 0.80441962102674066 1
1 0.94148909385864425 1
1.1510808460462594 0.94136984726917869 1
1.3345661324939027 0.94583771910483298 1
1.5609776074056925 0.95277858681247896 1
1.8455960387673744 0.95985499457567562 1
2.211328478119075 0.96600140285754831 1
2.693818467373553 0.97099558991018073 1
3.3510454487224766 0.97468307899792033 1
4.28252279563279 0.97656478982692133 1
5.6707164996232233 0.97550055034932019 1
7.8791621911593097 0.97062971465984921 1
11.714001311724056 0.98488373761758913 1
