# beta overlap_squared safety_margin
0 0.78336224616192458 1
0.19611613513818404 0.79063257178555698 1
0.39251180409527381 0.79152881948359353 1
0.59877916326480085 0.80537557525803772 1
0.8273811090206632 0.91968591330464334 1
1 0.9495108145208178 1
1.1622868615542821 0.94801275401415348 1
1.3620782422766378 0.94872139690990272 1
1.612552532641732 0.95159026255542598 1
1.9333741050354873 0.95555559352311783 1
2.3549742660901725 0.95867274404436844 1
2.9265312318047969 0.95936619566660381 1
3.7317827542865976 0.95840854604385736 1
4.9227591575222025 0.96020983852023725 1
6.7985826034746406 0.9678653873158192 1
10.011793082182512 0.97204368459612988 1
