# beta overlap_squared safety_margin
0 0.78148288646811075 1
0.18257418583505536 0.78831398577365706 1
0.3651116458088346 0.79619258860383145 1
0.55528204707535733 0.81475797720497468 1
0.76262589949288251 0.83470055526095445 1
1 0.94892074896783692 1
1.1510808460462594 0.94172170047266064 1
1.3345661324939027 0.93328841829286633 1
1.5609776074056925 0.92560138163838706 1
1.8455960387673744 0.92475986712243671 1
2.211328478119075 0.93634689727407636 1
2.693818467373553 0.955725883489274 1
3.3510454487224766 0.97294429849667435 1
4.28252279563279 0.98446315520566066 1
5.6707164996232233 0.9922012113842344 1
7.8791621911593097 0.9974716371456732 1
11.714001311724056 0.99981980095880956 1
