# beta overlap_squared safety_margin
0 0.79461118493289106 1
0.2581988897471611 0.83607496196228356 1
0.51945641946321552 0.86274057839829227 1
0.80696396422418348 0.9538800497346076 1
1 0.95599848401606199 1
1.2136605814934218 0.94210216940304541 1
1.4932377487313253 0.92404266678224558 1
1.87027724175611 0.9121071619569377 1
2.3980246015201332 0.92654985473637865 1
3.1721075633955413 0.96239254537756851 1
4.3781132775957978 0.98991257389314068 1
6.4137569676519828 0.99909850257039046 1
10.250267718139947 0.99999258429826754 1
