# beta overlap_squared safety_margin
0 0.78136469432243548 1
0.2581988897471611 0.78809985943511178 1
0.51945641946321552 0.80957509238706529 1
0.80696396422418348 0.94487631801001374 1
1 0.95877975634986936 1
1.2136605814934218 0.96017099034467898 1
1.4932377487313253 0.96197332544460623 1
1.87027724175611 0.96244514269953779 1
2.3980246015201332 0.9602513869409969 1
3.1721075633955413 0.95553664132678746 1
4.3781132775957978 0.95170707073732448 1
6.4137569676519828 0.94806309171338709 1
10.250267718139947 0.96759964513131211 1
