# beta overlap_squared safety_margin
0 0.78506827693234814 1
0.20851441405707477 0.80884150251275766 1
0.41767857196763125 0.83508851233156667 1
0.63912991983439982 0.85687151062933613 1
0.88865064444645181 0.9776056593885261 1
1 0.95750444244811511 1
1.1725464853889231 0.95108408662750142 1
1.3876080267413609 0.94534662428649093 1
1.6611761827924933 0.94174777291516605 1
2.0177104891348279 0.94042003985970441 1
2.4961898205291013 0.93948778189332605 1
3.1618691763778073 0.93867573713976411 1
4.1307667520405857 0.94186540741790659 1
5.6251933168668025 0.94894690876391953 1
8.1137829653969433 0.95772460432716842 1
12.716066260019831 0.99446253672811848 1
