# beta overlap_squared safety_margin
0 0.77900695161640341 1
0.24253562503633297 0.794648173701398 1
0.48719431759775017 0.80544624468507268 1
0.75287128618014765 0.88164728654099732 1
1 0.95092625228244395 1
1.2006991692678382 0.95391802337099321 1
1.4593581818006514 0.95968388405336755 1
1.8018106837413588 0.96333761036997488 1
2.2703315716612882 0.96129531027080589 1
2.938012379403331 0.95590059228902026 1
3.9400977669487611 0.95840782476561821 1
5.5491827739233193 0.97390765016763135 1
8.3789928936622946 0.98181915096377083 1
14.031443647246025 0.99861765672515298 1
