# beta overlap_squared safety_margin
0 0.78380092315417323 1
0.19611613513818404 0.790949218799175 1
0.39251180409527381 0.78210053469907723 1
0.59877916326480085 0.78719764005459429 1
0.8273811090206632 0.91561371235484415 1
1 0.9511720531409038 1
1.1622868615542821 0.953810947053111 1
1.3620782422766378 0.95756776171038783 1
1.612552532641732 0.96152066480919108 1
1.9333741050354873 0.96471364368062006 1
2.3549742660901725 0.96583828220484096 1
2.9265312318047969 0.96368536616484256 1
3.7317827542865976 0.95825719219051894 1
4.9227591575222025 0.95191182289708443 1
6.7985826034746406 0.9500436311787997 1
10.011793082182512 0.95871125939863691 1
