# beta overlap_squared safety_margin
0 0.78067594631301899 1
0.20000000000000001 0.77472305343115229 1
0.40038684124269319 0.73648374920440774 1
0.61136268430624585 0.73598165834782527 1
0.84635800812295692 0.92724788783073061 1
1 0.94938624662704293 1
1.1655007747730031 0.95531266289972994 1
1.3700404563174169 0.96030551427969041 1
1.6276380242316071 0.96428016592773502 1
1.9593749645980094 0.96739463945673663 1
2.3981761041256755 0.96982513423863089 1
2.99783740826846 0.97253000255325338 1
3.8511946226209526 0.97686099688384831 1
5.1296231187955774 0.98111569823536331 1
7.1775094149048932 0.98057128505580575 1
10.767173154358705 0.9871937101523307 1
