# beta overlap_squared safety_margin
0 0.78827193107182212 1
0.2581988897471611 0.81998388192845196 1
0.51945641946321552 0.84478892156523258 1
0.80696396422418348 0.95102847451009108 1
1 0.95960006753064554 1
1.2136605814934218 0.95742070695201645 1
1.4932377487313253 0.95607819259351316 1
1.87027724175611 0.95280971566214242 1
2.3980246015201332 0.94561972734811167 1
3.1721075633955413 0.93715126626456052 1
4.3781132775957978 0.93834520065974485 1
6.4137569676519828 0.9533861175713642 1
10.250267718139947 0.97759731391892618 1
