# beta overlap_squared safety_margin
0 0.77409473942978779 1
0.1889822365046136 0.77022659227568466 1
0.37806650904767131 0.76999134829879923 1
0.57579376985696951 0.78752380479167405 1
0.79300484669478855 0.86689407400943951 1
1 0.9462025011748398 1
1.1563835327992422 0.94489901596330039 1
1.3475365609684427 0.94709791748098617 1
1.5851861179498348 0.95294200477738303 1
1.886583210422133 0.9601170763616053 1
2.2779799028057597 0.96558422578201686 1
2.8009591283580777 0.96832100686873916 1
3.5246278478794637 0.96965050110571892 1
4.5707519223582374 0.97116580791330062 1
6.1700332212989366 0.97332846561181872 1
8.8017657060737822 0.97400970483606893 1
13.58901396232425 0.99678996567487005 1
