# beta overlap_squared safety_margin
0 0.78028529602352791 1
0.25 0.80085476072010342 1
0.50254699252741175 0.82907042578691394 1
0.77850010233965139 0.92550611027330489 1
1 0.95623814738232046 1
1.2068759684662538 0.95309702559095294 1
1.4754365146433641 0.952372654614318 1
1.8341372238980695 0.95394796740324008 1
2.3302362466618676 0.95650464475481094 1
3.0469320091364813 0.95847006650994765 1
4.141688992226678 0.96003614063207956 1
5.9412038441063242 0.963935310496908 1
9.2096066566567725 0.96711789450572551 1
