# beta overlap_squared safety_margin
0 0.77482042871166492 1
0.21821789023599239 0.76961188786399186 1
0.43743398597027794 0.74988879791236446 1
0.67109553658908716 0.74224313183947505 1
0.93809791824838751 0.98911579062801012 1
1 0.93835454470978007 1
1.1805761495169342 0.9516468900880863 1
1.4078179976646297 0.96576203987451541 1
1.7001928798775396 0.97597386268750598 1
2.0864979161535069 0.98176733161488825 1
2.6136967596500504 0.98398258321111749 1
3.362649585022091 0.98301301015995913 1
4.4822008127350843 0.97840841765064638 1
6.2703783830197697 0.97126589085894641 1
9.3923735319191053 0.97280683140310654 1
15.564107126494569 0.99995527681965503 1
