# beta overlap_squared safety_margin
0 0.77642601060684278 1
0.19245008972987526 0.78514866801411903 1
0.38508538932548986 0.79949217926234524 1
0.58694687503750453 0.81888010640658051 1
0.8096397396675864 0.90299028709617154 1
1 0.94908560131952792 1
1.1592531947771416 0.94492503190280964 1
1.3545919447470389 0.9443145228788007 1
1.5984340645239343 0.94848241473045507 1
1.909173811567026 0.95549516326171739 1
2.3150321690799678 0.96127809130843053 1
2.8611471195975477 0.96255518761546223 1
3.6234201580397976 0.95766667024094936 1
4.7375368510511251 0.94752485988987839 1
6.4652873548491847 0.94290113384538555 1
9.3634514452861257 0.9612324705039459 1
14.777977835447796 0.99950217632955791 1
