# beta overlap_squared safety_margin
0 0.77924439368000056 1
0.24253562503633297 0.80378595256441544 1
0.48719431759775017 0.83830501357994364 1
0.75287128618014765 0.91106836219572387 1
1 0.96060473221631181 1
1.2006991692678382 0.95536604171776989 1
1.4593581818006514 0.94830020252077487 1
1.8018106837413588 0.93809946395850529 1
2.2703315716612882 0.92664250918176205 1
2.938012379403331 0.92520261736786874 1
3.9400977669487611 0.94685725056356054 1
5.5491827739233193 0.97923653360952096 1
8.3789928936622946 0.99713259097762161 1
14.031443647246025 0.99998827945165424 1
