# beta overlap_squared safety_margin
0 0.78723806883690513 1
0.23570226039551587 0.81204058385991402 1
0.47317302592123117 0.82901546428223275 1
0.72963520376432101 0.86852785882927449 1
1 0.95105754406431277 1
1.1950445335560298 0.9429061281491594 1
1.4447456613041543 0.9340828074349316 1
1.7726902293169602 0.92801356176637991 1
2.2169575180006529 0.93308787176329047 1
2.8423080628048933 0.95275567090544972 1
3.7661415013236814 0.97626295778467896 1
5.2190043118560405 0.99243566573494291 1
7.7025931305718904 0.9990534089160089 1
12.467529131132677 0.99999179073659489 1
