# beta overlap_squared safety_margin
0 0.78151922293701436 1
0.28867513459481292 0.7984827367845 1
0.58277006440175105 0.83850484968311873 1
0.91596125873929402 0.99306980846558231 1
1 0.96206209629435485 1
1.2388797921657122 0.96292120895499183 1
1.5607104848365525 0.96497632195668781 1
2.0106178739242879 0.96658536819137622 1
2.669478291923352 0.96670738585945613 1
3.6938387272955437 0.96419884494717231 1
5.4180414575752058 0.95688079049926823 1
8.6548489963449295 0.93615485732320757 1
15.761873965352319 0.99995655894905831 1
