# beta overlap_squared safety_margin
0 0.78023250354443746 1
0.18257418583505536 0.7901292847090827 1
0.3651116458088346 0.80191020135605286 1
0.55528204707535733 0.81793420836647792 1
0.76262589949288251 0.83292566051719444 1
1 0.94766574052250454 1
1.1510808460462594 0.9405883334836159 1
1.3345661324939027 0.93366564906830453 1
1.5609776074056925 0.92946686249368816 1
1.8455960387673744 0.9320473646934896 1
2.211328478119075 0.94283632169470508 1
2.693818467373553 0.95823624015713231 1
3.3510454487224766 0.97352542844233462 1
4.28252279563279 0.98517826888010335 1
5.6707164996232233 0.98997687646518882 1
7.8791621911593097 0.98553229286603715 1
11.714001311724056 0.98949960857448158 1
