# beta overlap_squared safety_margin
0 0.78656178953641449 1
0.2581988897471611 0.81424998795787457 1
0.51945641946321552 0.83374203914130942 1
0.80696396422418348 0.94469659016085283 1
1 0.9516141476618849 1
1.2136605814934218 0.94495937095942858 1
1.4932377487313253 0.9393882001505578 1
1.87027724175611 0.93713751186298304 1
2.3980246015201332 0.94297222287451166 1
3.1721075633955413 0.9582254804909206 1
4.3781132775957978 0.97661523049315976 1
6.4137569676519828 0.99130255318184981 1
10.250267718139947 0.99918221856032169 1
