# beta overlap_squared safety_margin
0 0.77554092382521888 1
0.21320071635561041 0.78479866924293424 1
0.42721276842579298 0.80157903514256431 1
0.65452367955777446 0.82003516866523366 1
0.91235755976325739 0.9827825023765415 1
1 0.94397571856118017 1
1.1764244186950639 0.93529462394159458 1
1.3973432400096155 0.93114083957354757 1
1.6799125811880691 0.93805517117336034 1
2.0506192166605528 0.95517166473043931 1
2.5521455033766469 0.97314923851291378 1
3.2569181065509598 0.98524351900447107 1
4.29587089520974 0.9910114827571148 1
5.9252287348685844 0.99055094599229947 1
8.7000316480792304 0.97996285360493302 1
13.995422231588687 0.99806308072441157 1
