# beta overlap_squared safety_margin
0 0.77383723132262372 1
0.28867513459481292 0.77313166505446329 1
0.58277006440175105 0.80620657069112033 1
0.91596125873929402 0.99181159121415648 1
1 0.9569757056580926 1
1.2388797921657122 0.95954757384944905 1
1.5607104848365525 0.9615282446298539 1
2.0106178739242879 0.96303599019944367 1
2.669478291923352 0.96651396515571961 1
3.6938387272955437 0.97046479198664436 1
5.4180414575752058 0.96876767960227229 1
8.6548489963449295 0.96465021000348586 1
15.761873965352319 0.99998554044611655 1
