# beta overlap_squared safety_margin
0 0.77721240517408098 1
0.2672612419124244 0.79691855156600705 1
0.53820531432560648 0.82525616967188142 1
0.83882895170055694 0.96354105526409077 1
1 0.9518275826073326 1
1.2211597130165059 0.94808473077427472 1
1.5130859829728873 0.9484446609894066 1
1.9110077302387316 0.95221053131844733 1
2.4754595804343955 0.95598857520140677 1
3.3175947710897118 0.95821943122478915 1
4.6592701009785173 0.965903795577577 1
6.9936188337291281 0.98257548972867505 1
11.585605929142824 0.99850763535129889 1
