# beta overlap_squared safety_margin
0 0.78203133259233628 1
0.25 0.79947707930014998 1
0.50254699252741175 0.81965162904009037 1
0.77850010233965139 0.92153444036819809 1
1 0.95559693446910824 1
1.2068759684662538 0.95436244051887462 1
1.4754365146433641 0.95513276555403306 1
1.8341372238980695 0.95740726739222946 1
2.3302362466618676 0.96079253726246192 1
3.0469320091364813 0.9640566614814973 1
4.141688992226678 0.96543577261958857 1
5.9412038441063242 0.9665723346108519 1
9.2096066566567725 0.96893758580167811 1
