# beta overlap_squared safety_margin
0 0.78954121012930883 1
0.24253562503633297 0.82303916772799693 1
0.48719431759775017 0.85531904359805468 1
0.75287128618014765 0.91978400555985726 1
1 0.96344168615639102 1
1.2006991692678382 0.95643172041291836 1
1.4593581818006514 0.94638565329478671 1
1.8018106837413588 0.93478999645675351 1
2.2703315716612882 0.92916440965111657 1
2.938012379403331 0.93716019925310469 1
3.9400977669487611 0.95367727923382216 1
5.5491827739233193 0.96780627037573797 1
8.3789928936622946 0.97271760938982443 1
14.031443647246025 0.99826666846578801 1
