# beta overlap_squared safety_margin
0 0.79393652454813611 1
0.25 0.8263445563938654 1
0.50254699252741175 0.84406089376240798 1
0.77850010233965139 0.92603319578318386 1
1 0.95318477462070978 1
1.2068759684662538 0.9464759080566279 1
1.4754365146433641 0.94325338051715567 1
1.8341372238980695 0.94588881775233658 1
2.3302362466618676 0.95197069111866648 1
3.0469320091364813 0.95234862076366014 1
4.141688992226678 0.94316970807783984 1
5.9412038441063242 0.9506637856986397 1
9.2096066566567725 0.98699360236398118 1
