# beta overlap_squared safety_margin
0 0.76794931712307052 1
0.25 0.73866409479404597 1
0.50254699252741175 0.715354205374725 1
0.77850010233965139 0.88835713174964292 1
1 0.95320359625781641 1
1.2068759684662538 0.96526422951038599 1
1.4754365146433641 0.97494873587616612 1
1.8341372238980695 0.98088577638209627 1
2.3302362466618676 0.9834072499461345 1
3.0469320091364813 0.98274210467391749 1
4.141688992226678 0.97736044719331151 1
5.9412038441063242 0.96766905849753984 1
9.2096066566567725 0.97136022060238298 1
