# beta overlap_squared safety_margin
0 0.77059227912298437 1
0.19611613513818404 0.77127240417345027 1
0.39251180409527381 0.78235280431041089 1
0.59877916326480085 0.80267831156161111 1
0.8273811090206632 0.92115475859655786 1
1 0.95296823316638334 1
1.1622868615542821 0.9541585225384514 1
1.3620782422766378 0.95627581549464276 1
1.612552532641732 0.95810887725365619 1
1.9333741050354873 0.9591593097032757 1
2.3549742660901725 0.95954619594334201 1
2.9265312318047969 0.95972227606683187 1
3.7317827542865976 0.9605588481102974 1
4.9227591575222025 0.96250860578527748 1
6.7985826034746406 0.96089305205632425 1
10.011793082182512 0.94659564688748467 1
