# beta overlap_squared safety_margin
0 0.78470468837272078 1
0.20000000000000001 0.79544969962393086 1
0.40038684124269319 0.8013975180498439 1
0.61136268430624585 0.81760624208641133 1
0.84635800812295692 0.94154313441537663 1
1 0.95040284865512726 1
1.1655007747730031 0.9486837960660527 1
1.3700404563174169 0.95052164086270378 1
1.6276380242316071 0.9552913807781112 1
1.9593749645980094 0.96070992918436737 1
2.3981761041256755 0.96436298358339685 1
2.99783740826846 0.96466876669491888 1
3.8511946226209526 0.96133703156432525 1
5.1296231187955774 0.95668772897525444 1
7.1775094149048932 0.95338381772614246 1
10.767173154358705 0.96434695648396495 1
