# beta overlap_squared safety_margin
0 0.77550078027582176 1
0.1889822365046136 0.77673571971798679 1
0.37806650904767131 0.78880256264468932 1
0.57579376985696951 0.81635924631407762 1
0.79300484669478855 0.88884083183673338 1
1 0.95579530871450253 1
1.1563835327992422 0.95404858435177854 1
1.3475365609684427 0.95293346543869813 1
1.5851861179498348 0.9518830403773287 1
1.886583210422133 0.94996491248324503 1
2.2779799028057597 0.94602594505622108 1
2.8009591283580777 0.9400319129106218 1
3.5246278478794637 0.93657894069816498 1
4.5707519223582374 0.94392609385115122 1
6.1700332212989366 0.96106487105981299 1
8.8017657060737822 0.97820848459372086 1
13.58901396232425 0.99874749936608298 1
