# beta overlap_squared safety_margin
0 0.78374746304956483 1
0.20851441405707477 0.79377956990184845 1
0.41767857196763125 0.78931647689904086 1
0.63912991983439982 0.77078851693795703 1
0.88865064444645181 0.95761903449152346 1
1 0.92251904632312515 1
1.1725464853889231 0.92689098286776388 1
1.3876080267413609 0.94258417477506176 1
1.6611761827924933 0.95890663351266004 1
2.0177104891348279 0.9710537582896972 1
2.4961898205291013 0.98021586807481669 1
3.1618691763778073 0.98788915383047251 1
4.1307667520405857 0.9941857182251733 1
5.6251933168668025 0.99832405691378924 1
8.1137829653969433 0.99984126044197098 1
12.716066260019831 0.99999909689655447 1
