# beta overlap_squared safety_margin
0 0.77891867385415743 1
0.20412414523193154 0.77971969477157017 1
0.40875763706673157 0.77124140830163727 1
0.62478067898583833 0.77370382840513436 1
0.86672166505138548 0.94835807539067608 1
1 0.94406488055353983 1
1.1689135209288082 0.94775795534583261 1
1.3785303915119136 0.95240034212997716 1
1.6438024102157429 0.95659548758087725 1
1.9873995424607762 0.96113750442285788 1
2.4450746292790542 0.96668320447815591 1
3.0759341414735775 0.97213376370481557 1
3.9834537084550119 0.97662952401196439 1
5.3621046896031679 0.9796349038885072 1
7.6117424809167922 0.978531385561236 1
11.656526839178966 0.99174823503838235 1
