# beta overlap_squared safety_margin
0 0.75807576990632425 1
0.24253562503633297 0.7503585679992693 1
0.48719431759775017 0.78120695189391875 1
0.75287128618014765 0.87959628431838764 1
1 0.95021580249760693 1
1.2006991692678382 0.95133783595288038 1
1.4593581818006514 0.95688701046896539 1
1.8018106837413588 0.96560230084437601 1
2.2703315716612882 0.97431705446379016 1
2.938012379403331 0.97973621838709849 1
3.9400977669487611 0.98136230178738896 1
5.5491827739233193 0.98343199912503518 1
8.3789928936622946 0.98922851244897937 1
14.031443647246025 0.9996675779403672 1
