# beta overlap_squared safety_margin
0 0.77610967995579576 1
0.18257418583505536 0.76523713657207533 1
0.3651116458088346 0.72198796846143303 1
0.55528204707535733 0.68727921489252798 1
0.76262589949288251 0.75874550183829042 1
1 0.94752895843864338 1
1.1510808460462594 0.95682467227310451 1
1.3345661324939027 0.96511272727729487 1
1.5609776074056925 0.9719661716270585 1
1.8455960387673744 0.9774406925026475 1
2.211328478119075 0.98170808770968225 1
2.693818467373553 0.98479974233773575 1
3.3510454487224766 0.98647463758982211 1
4.28252279563279 0.98644184398033372 1
5.6707164996232233 0.9850134419911048 1
7.8791621911593097 0.98238966817603856 1
11.714001311724056 0.98949897928782563 1
