# beta overlap_squared safety_margin
0 0.7822163635021502 1
0.22941573387056174 0.78330153381347024 1
0.46030095405982324 0.78146134198078001 1
0.7084405567227432 0.79911393528120734 1
0.99699067863836699 0.99998180285390241 1
1 0.94270097556469773 1
1.1898424085034751 0.94330213660317145 1
1.4313921388283526 0.9498877932580729 1
1.7462937244088848 0.95946676190034192 1
2.169057796116455 0.96686793604734961 1
2.7574950132674374 0.96960826537278847 1
3.6144670173190927 0.96969096552640654 1
4.9372647031746251 0.97348267111870046 1
7.1422983674415832 0.98632662553949044 1
11.225991871171423 0.99867977646624388 1
