# beta overlap_squared safety_margin
0 0.73106240771726955 1
0.28867513459481292 0.69337084865321494 1
0.58277006440175105 0.77915855150873114 1
0.91596125873929402 0.99083337229521212 1
1 0.94992461982662363 1
1.2388797921657122 0.95209654483737452 1
1.5607104848365525 0.96223019515375775 1
2.0106178739242879 0.97711420918605024 1
2.669478291923352 0.98974983168361186 1
3.6938387272955437 0.99722758773138702 1
5.4180414575752058 0.99976861473727774 1
8.6548489963449295 0.99999866543249796 1
15.761873965352319 0.99999999999959023 1
