# beta overlap_squared safety_margin
0 0.78120778447063871 1
0.19611613513818404 0.78968343013362154 1
0.39251180409527381 0.79179708225525575 1
0.59877916326480085 0.79612782264990466 1
0.8273811090206632 0.9130087801122909 1
1 0.94694577819292606 1
1.1622868615542821 0.94881876771094606 1
1.3620782422766378 0.95321324839237751 1
1.612552532641732 0.95838374210942081 1
1.9333741050354873 0.96312609373952214 1
2.3549742660901725 0.96661175186152939 1
2.9265312318047969 0.96757873014652215 1
3.7317827542865976 0.96377814285798437 1
4.9227591575222025 0.95318058961629443 1
6.7985826034746406 0.94132205411268582 1
10.011793082182512 0.95034412359234568 1
