# beta overlap_squared safety_margin
0 0.77365649250432123 1
0.25 0.7958735352766859 1
0.50254699252741175 0.82953670800996869 1
0.77850010233965139 0.92452620876416023 1
1 0.95440997417736524 1
1.2068759684662538 0.95086204208747061 1
1.4754365146433641 0.95187254722287338 1
1.8341372238980695 0.95686798990429552 1
2.3302362466618676 0.96220377860964528 1
3.0469320091364813 0.96501133476628247 1
4.141688992226678 0.96527231939685579 1
5.9412038441063242 0.95777139298169066 1
9.2096066566567725 0.93620113694092569 1
