# beta overlap_squared safety_margin
0 0.7724216337159835 1
0.20851441405707477 0.76539575332396648 1
0.41767857196763125 0.76866494318010917 1
0.63912991983439982 0.81429589794350809 1
0.88865064444645181 0.9756894592846324 1
1 0.96043031327288137 1
1.1725464853889231 0.96134329394344766 1
1.3876080267413609 0.96154818614673323 1
1.6611761827924933 0.96024317950116214 1
2.0177104891348279 0.9566299078483842 1
2.4961898205291013 0.95048874144020162 1
3.1618691763778073 0.94393389250357863 1
4.1307667520405857 0.94291469375013156 1
5.6251933168668025 0.95145434667168815 1
8.1137829653969433 0.96355315235308609 1
12.716066260019831 0.99518559649888948 1
