# beta overlap_squared safety_margin
0 0.77598274286091414 1
0.25 0.78699908721896139 1
0.50254699252741175 0.81574133748878718 1
0.77850010233965139 0.92401788074912249 1
1 0.95821410401847905 1
1.2068759684662538 0.95783504501377774 1
1.4754365146433641 0.95949252830566938 1
1.8341372238980695 0.9629238664371965 1
2.3302362466618676 0.96721882809861331 1
3.0469320091364813 0.96964128796496959 1
4.141688992226678 0.96367646956600189 1
5.9412038441063242 0.93768368333632401 1
9.2096066566567725 0.90856631365917032 1
