# beta overlap_squared safety_margin
0 0.79166834695146754 1
0.22941573387056174 0.81485568109911811 1
0.46030095405982324 0.82575204843794385 1
0.7084405567227432 0.83683486042521073 1
0.99699067863836699 0.99998488380455806 1
1 0.95030471418800283 1
1.1898424085034751 0.9449335762947601 1
1.4313921388283526 0.94203864493647262 1
1.7462937244088848 0.94295689809507623 1
2.169057796116455 0.94761614692236771 1
2.7574950132674374 0.95337049877442166 1
3.6144670173190927 0.95728655034084976 1
4.9372647031746251 0.96148510849864039 1
7.1422983674415832 0.9729948433856273 1
11.225991871171423 0.99516802339917492 1
