# beta overlap_squared safety_margin
0 0.76553470994147433 1
0.2581988897471611 0.7434089777363357 1
0.51945641946321552 0.78223126471436173 1
0.80696396422418348 0.94458699821360702 1
1 0.96131570843092161 1
1.2136605814934218 0.96338147618315771 1
1.4932377487313253 0.96445010537203143 1
1.87027724175611 0.96413987985283548 1
2.3980246015201332 0.96311162921274202 1
3.1721075633955413 0.96290518722815127 1
4.3781132775957978 0.96236184500874287 1
6.4137569676519828 0.95647487039145258 1
10.250267718139947 0.97810778925354156 1
