# beta overlap_squared safety_margin
0 0.77714942007716949 1
0.2581988897471611 0.7794251587712506 1
0.51945641946321552 0.78126351807693959 1
0.80696396422418348 0.93312327561557901 1
1 0.95062155091288124 1
1.2136605814934218 0.95343344346381286 1
1.4932377487313253 0.95690569685095526 1
1.87027724175611 0.96046913342388026 1
2.3980246015201332 0.96522773940379545 1
3.1721075633955413 0.97271417601245446 1
4.3781132775957978 0.97926349191896044 1
6.4137569676519828 0.97567098305314132 1
10.250267718139947 0.98451225600486553 1
